START -- 3 1 3 1 STANDING 0
========= CURRENT MAP =========

          1 1         1 1 1 
      1 1 1 1 1 1     1 9 1 
1 1 1 1 1 1 5 1 1 1 1 1 1 1 
1 * 1 1 5     1 1 1 1 1     
1 1 1             1 1 1     
  1                 1       
  1                 1       
  1               1 1       
  1 1             1 1       
    6             6         

===============================
RIGHT -- 3 2 3 3 LYING_ROW 0
========= CURRENT MAP =========

          1 1         1 1 1 
      1 1 1 1 1 1     1 9 1 
1 1 1 1 1 1 5 1 1 1 1 1 1 1 
1 1 * * 5     1 1 1 1 1     
1 1 1             1 1 1     
  1                 1       
  1                 1       
  1               1 1       
  1 1             1 1       
    6             6         

===============================
UP -- 2 2 2 3 LYING_ROW 0
========= CURRENT MAP =========

          1 1         1 1 1 
      1 1 1 1 1 1     1 9 1 
1 1 * * 1 1 5 1 1 1 1 1 1 1 
1 1 1 1 5     1 1 1 1 1     
1 1 1             1 1 1     
  1                 1       
  1                 1       
  1               1 1       
  1 1             1 1       
    6             6         

===============================
RIGHT -- 2 4 2 4 STANDING 0
========= CURRENT MAP =========

          1 1         1 1 1 
      1 1 1 1 1 1     1 9 1 
1 1 1 1 * 1 5 1 1 1 1 1 1 1 
1 1 1 1 5     1 1 1 1 1     
1 1 1             1 1 1     
  1                 1       
  1                 1       
  1               1 1       
  1 1             1 1       
    6             6         

===============================
RIGHT -- 2 5 2 6 LYING_ROW 0
========= CURRENT MAP =========

          1 1         1 1 1 
      1 1 1 1 1 1     1 9 1 
1 1 1 1 1 * * 1 1 1 1 1 1 1 
1 1 1 1 5     1 1 1 1 1     
1 1 1             1 1 1     
  1                 1       
  1                 1       
  1               1 1       
  1 1             1 1       
    6             6         

===============================
RIGHT -- 2 7 2 7 STANDING 0
========= CURRENT MAP =========

          1 1         1 1 1 
      1 1 1 1 1 1     1 9 1 
1 1 1 1 1 1 5 * 1 1 1 1 1 1 
1 1 1 1 5     1 1 1 1 1     
1 1 1             1 1 1     
  1                 1       
  1                 1       
  1               1 1       
  1 1             1 1       
    6             6         

===============================
RIGHT -- 2 8 2 9 LYING_ROW 0
========= CURRENT MAP =========

          1 1         1 1 1 
      1 1 1 1 1 1     1 9 1 
1 1 1 1 1 1 5 1 * * 1 1 1 1 
1 1 1 1 5     1 1 1 1 1     
1 1 1             1 1 1     
  1                 1       
  1                 1       
  1               1 1       
  1 1             1 1       
    6             6         

===============================
DOWN -- 3 8 3 9 LYING_ROW 0
========= CURRENT MAP =========

          1 1         1 1 1 
      1 1 1 1 1 1     1 9 1 
1 1 1 1 1 1 5 1 1 1 1 1 1 1 
1 1 1 1 5     1 * * 1 1     
1 1 1             1 1 1     
  1                 1       
  1                 1       
  1               1 1       
  1 1             1 1       
    6             6         

===============================
RIGHT -- 3 10 3 10 STANDING 0
========= CURRENT MAP =========

          1 1         1 1 1 
      1 1 1 1 1 1     1 9 1 
1 1 1 1 1 1 5 1 1 1 1 1 1 1 
1 1 1 1 5     1 1 1 * 1     
1 1 1             1 1 1     
  1                 1       
  1                 1       
  1               1 1       
  1 1             1 1       
    6             6         

===============================
DOWN -- 4 10 5 10 LYING_COL 0
========= CURRENT MAP =========

          1 1         1 1 1 
      1 1 1 1 1 1     1 9 1 
1 1 1 1 1 1 5 1 1 1 1 1 1 1 
1 1 1 1 5     1 1 1 1 1     
1 1 1             1 * 1     
  1                 *       
  1                 1       
  1               1 1       
  1 1             1 1       
    6             6         

===============================
DOWN -- 6 10 6 10 STANDING 0
========= CURRENT MAP =========

          1 1         1 1 1 
      1 1 1 1 1 1     1 9 1 
1 1 1 1 1 1 5 1 1 1 1 1 1 1 
1 1 1 1 5     1 1 1 1 1     
1 1 1             1 1 1     
  1                 1       
  1                 *       
  1               1 1       
  1 1             1 1       
    6             6         

===============================
DOWN -- 7 10 8 10 LYING_COL 0
========= CURRENT MAP =========

          1 1         1 1 1 
      1 1 1 1 1 1     1 9 1 
1 1 1 1 1 1 5 1 1 1 1 1 1 1 
1 1 1 1 5     1 1 1 1 1     
1 1 1             1 1 1     
  1                 1       
  1                 1       
  1               1 *       
  1 1             1 *       
    6             6         

===============================
LEFT -- 7 9 8 9 LYING_COL 0
========= CURRENT MAP =========

          1 1         1 1 1 
      1 1 1 1 1 1     1 9 1 
1 1 1 1 1 1 5 1 1 1 1 1 1 1 
1 1 1 1 5     1 1 1 1 1     
1 1 1             1 1 1     
  1                 1       
  1                 1       
  1               * 1       
  1 1             * 1       
    6             6         

===============================
DOWN -- 9 9 9 9 STANDING 0
========= CURRENT MAP =========

          1 1         1 1 1 
      1 1 1 1 1 1     1 9 1 
1 1 1 1 1 1 5 1 1 1 1 1 1 1 
1 1 1 1 5     1 1 1 1 1     
1 1 1             1 1 1     
  1                 1       
  1                 1       
  1 1             1 1       
  1 1             1 1       
    6             *         

===============================
UP -- 7 9 8 9 LYING_COL 0
========= CURRENT MAP =========

          1 1         1 1 1 
      1 1 1 1 1 1     1 9 1 
1 1 1 1 1 1 5 1 1 1 1 1 1 1 
1 1 1 1 5     1 1 1 1 1     
1 1 1             1 1 1     
  1                 1       
  1                 1       
  1 1             * 1       
  1 1             * 1       
    6             6         

===============================
RIGHT -- 7 10 8 10 LYING_COL 0
========= CURRENT MAP =========

          1 1         1 1 1 
      1 1 1 1 1 1     1 9 1 
1 1 1 1 1 1 5 1 1 1 1 1 1 1 
1 1 1 1 5     1 1 1 1 1     
1 1 1             1 1 1     
  1                 1       
  1                 1       
  1 1             1 *       
  1 1             1 *       
    6             6         

===============================
UP -- 6 10 6 10 STANDING 0
========= CURRENT MAP =========

          1 1         1 1 1 
      1 1 1 1 1 1     1 9 1 
1 1 1 1 1 1 5 1 1 1 1 1 1 1 
1 1 1 1 5     1 1 1 1 1     
1 1 1             1 1 1     
  1                 1       
  1                 *       
  1 1             1 1       
  1 1             1 1       
    6             6         

===============================
UP -- 4 10 5 10 LYING_COL 0
========= CURRENT MAP =========

          1 1         1 1 1 
      1 1 1 1 1 1     1 9 1 
1 1 1 1 1 1 5 1 1 1 1 1 1 1 
1 1 1 1 5     1 1 1 1 1     
1 1 1             1 * 1     
  1                 *       
  1                 1       
  1 1             1 1       
  1 1             1 1       
    6             6         

===============================
UP -- 3 10 3 10 STANDING 0
========= CURRENT MAP =========

          1 1         1 1 1 
      1 1 1 1 1 1     1 9 1 
1 1 1 1 1 1 5 1 1 1 1 1 1 1 
1 1 1 1 5     1 1 1 * 1     
1 1 1             1 1 1     
  1                 1       
  1                 1       
  1 1             1 1       
  1 1             1 1       
    6             6         

===============================
LEFT -- 3 8 3 9 LYING_ROW 0
========= CURRENT MAP =========

          1 1         1 1 1 
      1 1 1 1 1 1     1 9 1 
1 1 1 1 1 1 5 1 1 1 1 1 1 1 
1 1 1 1 5     1 * * 1 1     
1 1 1             1 1 1     
  1                 1       
  1                 1       
  1 1             1 1       
  1 1             1 1       
    6             6         

===============================
UP -- 2 8 2 9 LYING_ROW 0
========= CURRENT MAP =========

          1 1         1 1 1 
      1 1 1 1 1 1     1 9 1 
1 1 1 1 1 1 5 1 * * 1 1 1 1 
1 1 1 1 5     1 1 1 1 1     
1 1 1             1 1 1     
  1                 1       
  1                 1       
  1 1             1 1       
  1 1             1 1       
    6             6         

===============================
RIGHT -- 2 10 2 10 STANDING 0
========= CURRENT MAP =========

          1 1         1 1 1 
      1 1 1 1 1 1     1 9 1 
1 1 1 1 1 1 5 1 1 1 * 1 1 1 
1 1 1 1 5     1 1 1 1 1     
1 1 1             1 1 1     
  1                 1       
  1                 1       
  1 1             1 1       
  1 1             1 1       
    6             6         

===============================
DOWN -- 3 10 4 10 LYING_COL 0
========= CURRENT MAP =========

          1 1         1 1 1 
      1 1 1 1 1 1     1 9 1 
1 1 1 1 1 1 5 1 1 1 1 1 1 1 
1 1 1 1 5     1 1 1 * 1     
1 1 1             1 * 1     
  1                 1       
  1                 1       
  1 1             1 1       
  1 1             1 1       
    6             6         

===============================
LEFT -- 3 9 4 9 LYING_COL 0
========= CURRENT MAP =========

          1 1         1 1 1 
      1 1 1 1 1 1     1 9 1 
1 1 1 1 1 1 5 1 1 1 1 1 1 1 
1 1 1 1 5     1 1 * 1 1     
1 1 1             * 1 1     
  1                 1       
  1                 1       
  1 1             1 1       
  1 1             1 1       
    6             6         

===============================
UP -- 2 9 2 9 STANDING 0
========= CURRENT MAP =========

          1 1         1 1 1 
      1 1 1 1 1 1     1 9 1 
1 1 1 1 1 1 5 1 1 * 1 1 1 1 
1 1 1 1 5     1 1 1 1 1     
1 1 1             1 1 1     
  1                 1       
  1                 1       
  1 1             1 1       
  1 1             1 1       
    6             6         

===============================
LEFT -- 2 7 2 8 LYING_ROW 0
========= CURRENT MAP =========

          1 1         1 1 1 
      1 1 1 1 1 1     1 9 1 
1 1 1 1 1 1 5 * * 1 1 1 1 1 
1 1 1 1 5     1 1 1 1 1     
1 1 1             1 1 1     
  1                 1       
  1                 1       
  1 1             1 1       
  1 1             1 1       
    6             6         

===============================
UP -- 1 7 1 8 LYING_ROW 0
========= CURRENT MAP =========

          1 1         1 1 1 
      1 1 1 1 * *     1 9 1 
1 1 1 1 1 1 5 1 1 1 1 1 1 1 
1 1 1 1 5     1 1 1 1 1     
1 1 1             1 1 1     
  1                 1       
  1                 1       
  1 1             1 1       
  1 1             1 1       
    6             6         

===============================
LEFT -- 1 6 1 6 STANDING 0
========= CURRENT MAP =========

          1 1         1 1 1 
      1 1 1 * 1 1     1 9 1 
1 1 1 1 1 1 5 1 1 1 1 1 1 1 
1 1 1 1 5     1 1 1 1 1     
1 1 1             1 1 1     
  1                 1       
  1                 1       
  1 1             1 1       
  1 1             1 1       
    6             6         

===============================
LEFT -- 1 4 1 5 LYING_ROW 0
========= CURRENT MAP =========

          1 1         1 1 1 
      1 * * 1 1 1     1 9 1 
1 1 1 1 1 1 5 1 1 1 1 1 1 1 
1 1 1 1 5     1 1 1 1 1     
1 1 1             1 1 1     
  1                 1       
  1                 1       
  1 1             1 1       
  1 1             1 1       
    6             6         

===============================
DOWN -- 2 4 2 5 LYING_ROW 0
========= CURRENT MAP =========

          1 1         1 1 1 
      1 1 1 1 1 1     1 9 1 
1 1 1 1 * * 5 1 1 1 1 1 1 1 
1 1 1 1 5     1 1 1 1 1     
1 1 1             1 1 1     
  1                 1       
  1                 1       
  1 1             1 1       
  1 1             1 1       
    6             6         

===============================
LEFT -- 2 3 2 3 STANDING 0
========= CURRENT MAP =========

          1 1         1 1 1 
      1 1 1 1 1 1     1 9 1 
1 1 1 * 1 1 5 1 1 1 1 1 1 1 
1 1 1 1 5     1 1 1 1 1     
1 1 1             1 1 1     
  1                 1       
  1                 1       
  1 1             1 1       
  1 1             1 1       
    6             6         

===============================
LEFT -- 2 1 2 2 LYING_ROW 0
========= CURRENT MAP =========

          1 1         1 1 1 
      1 1 1 1 1 1     1 9 1 
1 * * 1 1 1 5 1 1 1 1 1 1 1 
1 1 1 1 5     1 1 1 1 1     
1 1 1             1 1 1     
  1                 1       
  1                 1       
  1 1             1 1       
  1 1             1 1       
    6             6         

===============================
LEFT -- 2 0 2 0 STANDING 0
========= CURRENT MAP =========

          1 1         1 1 1 
      1 1 1 1 1 1     1 9 1 
* 1 1 1 1 1 5 1 1 1 1 1 1 1 
1 1 1 1 5     1 1 1 1 1     
1 1 1             1 1 1     
  1                 1       
  1                 1       
  1 1             1 1       
  1 1             1 1       
    6             6         

===============================
DOWN -- 3 0 4 0 LYING_COL 0
========= CURRENT MAP =========

          1 1         1 1 1 
      1 1 1 1 1 1     1 9 1 
1 1 1 1 1 1 5 1 1 1 1 1 1 1 
* 1 1 1 5     1 1 1 1 1     
* 1 1             1 1 1     
  1                 1       
  1                 1       
  1 1             1 1       
  1 1             1 1       
    6             6         

===============================
RIGHT -- 3 1 4 1 LYING_COL 0
========= CURRENT MAP =========

          1 1         1 1 1 
      1 1 1 1 1 1     1 9 1 
1 1 1 1 1 1 5 1 1 1 1 1 1 1 
1 * 1 1 5     1 1 1 1 1     
1 * 1             1 1 1     
  1                 1       
  1                 1       
  1 1             1 1       
  1 1             1 1       
    6             6         

===============================
UP -- 2 1 2 1 STANDING 0
========= CURRENT MAP =========

          1 1         1 1 1 
      1 1 1 1 1 1     1 9 1 
1 * 1 1 1 1 5 1 1 1 1 1 1 1 
1 1 1 1 5     1 1 1 1 1     
1 1 1             1 1 1     
  1                 1       
  1                 1       
  1 1             1 1       
  1 1             1 1       
    6             6         

===============================
RIGHT -- 2 2 2 3 LYING_ROW 0
========= CURRENT MAP =========

          1 1         1 1 1 
      1 1 1 1 1 1     1 9 1 
1 1 * * 1 1 5 1 1 1 1 1 1 1 
1 1 1 1 5     1 1 1 1 1     
1 1 1             1 1 1     
  1                 1       
  1                 1       
  1 1             1 1       
  1 1             1 1       
    6             6         

===============================
DOWN -- 3 2 3 3 LYING_ROW 0
========= CURRENT MAP =========

          1 1         1 1 1 
      1 1 1 1 1 1     1 9 1 
1 1 1 1 1 1 5 1 1 1 1 1 1 1 
1 1 * * 5     1 1 1 1 1     
1 1 1             1 1 1     
  1                 1       
  1                 1       
  1 1             1 1       
  1 1             1 1       
    6             6         

===============================
LEFT -- 3 1 3 1 STANDING 0
========= CURRENT MAP =========

          1 1         1 1 1 
      1 1 1 1 1 1     1 9 1 
1 1 1 1 1 1 5 1 1 1 1 1 1 1 
1 * 1 1 5     1 1 1 1 1     
1 1 1             1 1 1     
  1                 1       
  1                 1       
  1 1             1 1       
  1 1             1 1       
    6             6         

===============================
DOWN -- 4 1 5 1 LYING_COL 0
========= CURRENT MAP =========

          1 1         1 1 1 
      1 1 1 1 1 1     1 9 1 
1 1 1 1 1 1 5 1 1 1 1 1 1 1 
1 1 1 1 5     1 1 1 1 1     
1 * 1             1 1 1     
  *                 1       
  1                 1       
  1 1             1 1       
  1 1             1 1       
    6             6         

===============================
DOWN -- 6 1 6 1 STANDING 0
========= CURRENT MAP =========

          1 1         1 1 1 
      1 1 1 1 1 1     1 9 1 
1 1 1 1 1 1 5 1 1 1 1 1 1 1 
1 1 1 1 5     1 1 1 1 1     
1 1 1             1 1 1     
  1                 1       
  *                 1       
  1 1             1 1       
  1 1             1 1       
    6             6         

===============================
DOWN -- 7 1 8 1 LYING_COL 0
========= CURRENT MAP =========

          1 1         1 1 1 
      1 1 1 1 1 1     1 9 1 
1 1 1 1 1 1 5 1 1 1 1 1 1 1 
1 1 1 1 5     1 1 1 1 1     
1 1 1             1 1 1     
  1                 1       
  1                 1       
  * 1             1 1       
  * 1             1 1       
    6             6         

===============================
RIGHT -- 7 2 8 2 LYING_COL 0
========= CURRENT MAP =========

          1 1         1 1 1 
      1 1 1 1 1 1     1 9 1 
1 1 1 1 1 1 5 1 1 1 1 1 1 1 
1 1 1 1 5     1 1 1 1 1     
1 1 1             1 1 1     
  1                 1       
  1                 1       
  1 *             1 1       
  1 *             1 1       
    6             6         

===============================
DOWN -- 9 2 9 2 STANDING 0
========= CURRENT MAP =========

          1 1         1 1 1 
      1 1 1 1 1 1     1 9 1 
1 1 1 1 1 1 5 1 1 1 1 1 1 1 
1 1 1 1 5     1 1 1 1 1 1   
1 1 1             1 1 1     
  1                 1       
  1                 1       
  1 1             1 1       
  1 1             1 1       
    *             6         

===============================
UP -- 7 2 8 2 LYING_COL 0
========= CURRENT MAP =========

          1 1         1 1 1 
      1 1 1 1 1 1     1 9 1 
1 1 1 1 1 1 5 1 1 1 1 1 1 1 
1 1 1 1 5     1 1 1 1 1 1   
1 1 1             1 1 1     
  1                 1       
  1                 1       
  1 *             1 1       
  1 *             1 1       
    6             6         

===============================
LEFT -- 7 1 8 1 LYING_COL 0
========= CURRENT MAP =========

          1 1         1 1 1 
      1 1 1 1 1 1     1 9 1 
1 1 1 1 1 1 5 1 1 1 1 1 1 1 
1 1 1 1 5     1 1 1 1 1 1   
1 1 1             1 1 1     
  1                 1       
  1                 1       
  * 1             1 1       
  * 1             1 1       
    6             6         

===============================
UP -- 6 1 6 1 STANDING 0
========= CURRENT MAP =========

          1 1         1 1 1 
      1 1 1 1 1 1     1 9 1 
1 1 1 1 1 1 5 1 1 1 1 1 1 1 
1 1 1 1 5     1 1 1 1 1 1   
1 1 1             1 1 1     
  1                 1       
  *                 1       
  1 1             1 1       
  1 1             1 1       
    6             6         

===============================
UP -- 4 1 5 1 LYING_COL 0
========= CURRENT MAP =========

          1 1         1 1 1 
      1 1 1 1 1 1     1 9 1 
1 1 1 1 1 1 5 1 1 1 1 1 1 1 
1 1 1 1 5     1 1 1 1 1 1   
1 * 1             1 1 1     
  *                 1       
  1                 1       
  1 1             1 1       
  1 1             1 1       
    6             6         

===============================
UP -- 3 1 3 1 STANDING 0
========= CURRENT MAP =========

          1 1         1 1 1 
      1 1 1 1 1 1     1 9 1 
1 1 1 1 1 1 5 1 1 1 1 1 1 1 
1 * 1 1 5     1 1 1 1 1 1   
1 1 1             1 1 1     
  1                 1       
  1                 1       
  1 1             1 1       
  1 1             1 1       
    6             6         

===============================
RIGHT -- 3 2 3 3 LYING_ROW 0
========= CURRENT MAP =========

          1 1         1 1 1 
      1 1 1 1 1 1     1 9 1 
1 1 1 1 1 1 5 1 1 1 1 1 1 1 
1 1 * * 5     1 1 1 1 1 1   
1 1 1             1 1 1     
  1                 1       
  1                 1       
  1 1             1 1       
  1 1             1 1       
    6             6         

===============================
UP -- 2 2 2 3 LYING_ROW 0
========= CURRENT MAP =========

          1 1         1 1 1 
      1 1 1 1 1 1     1 9 1 
1 1 * * 1 1 5 1 1 1 1 1 1 1 
1 1 1 1 5     1 1 1 1 1 1   
1 1 1             1 1 1     
  1                 1       
  1                 1       
  1 1             1 1       
  1 1             1 1       
    6             6         

===============================
LEFT -- 2 1 2 1 STANDING 0
========= CURRENT MAP =========

          1 1         1 1 1 
      1 1 1 1 1 1     1 9 1 
1 * 1 1 1 1 5 1 1 1 1 1 1 1 
1 1 1 1 5     1 1 1 1 1 1   
1 1 1             1 1 1     
  1                 1       
  1                 1       
  1 1             1 1       
  1 1             1 1       
    6             6         

===============================
DOWN -- 3 1 4 1 LYING_COL 0
========= CURRENT MAP =========

          1 1         1 1 1 
      1 1 1 1 1 1     1 9 1 
1 1 1 1 1 1 5 1 1 1 1 1 1 1 
1 * 1 1 5     1 1 1 1 1 1   
1 * 1             1 1 1     
  1                 1       
  1                 1       
  1 1             1 1       
  1 1             1 1       
    6             6         

===============================
RIGHT -- 3 2 4 2 LYING_COL 0
========= CURRENT MAP =========

          1 1         1 1 1 
      1 1 1 1 1 1     1 9 1 
1 1 1 1 1 1 5 1 1 1 1 1 1 1 
1 1 * 1 5     1 1 1 1 1 1   
1 1 *             1 1 1     
  1                 1       
  1                 1       
  1 1             1 1       
  1 1             1 1       
    6             6         

===============================
UP -- 2 2 2 2 STANDING 0
========= CURRENT MAP =========

          1 1         1 1 1 
      1 1 1 1 1 1     1 9 1 
1 1 * 1 1 1 5 1 1 1 1 1 1 1 
1 1 1 1 5     1 1 1 1 1 1   
1 1 1             1 1 1     
  1                 1       
  1                 1       
  1 1             1 1       
  1 1             1 1       
    6             6         

===============================
RIGHT -- 2 3 2 4 LYING_ROW 0
========= CURRENT MAP =========

          1 1         1 1 1 
      1 1 1 1 1 1     1 9 1 
1 1 1 * * 1 5 1 1 1 1 1 1 1 
1 1 1 1 5     1 1 1 1 1 1   
1 1 1             1 1 1     
  1                 1       
  1                 1       
  1 1             1 1       
  1 1             1 1       
    6             6         

===============================
UP -- 1 3 1 4 LYING_ROW 0
========= CURRENT MAP =========

          1 1         1 1 1 
      * * 1 1 1 1     1 9 1 
1 1 1 1 1 1 5 1 1 1 1 1 1 1 
1 1 1 1 5     1 1 1 1 1 1   
1 1 1             1 1 1     
  1                 1       
  1                 1       
  1 1             1 1       
  1 1             1 1       
    6             6         

===============================
RIGHT -- 1 5 1 5 STANDING 0
========= CURRENT MAP =========

          1 1         1 1 1 
      1 1 * 1 1 1     1 9 1 
1 1 1 1 1 1 5 1 1 1 1 1 1 1 
1 1 1 1 5     1 1 1 1 1 1   
1 1 1             1 1 1     
  1                 1       
  1                 1       
  1 1             1 1       
  1 1             1 1       
    6             6         

===============================
RIGHT -- 1 6 1 7 LYING_ROW 0
========= CURRENT MAP =========

          1 1         1 1 1 
      1 1 1 * * 1     1 9 1 
1 1 1 1 1 1 5 1 1 1 1 1 1 1 
1 1 1 1 5     1 1 1 1 1 1   
1 1 1             1 1 1     
  1                 1       
  1                 1       
  1 1             1 1       
  1 1             1 1       
    6             6         

===============================
RIGHT -- 1 8 1 8 STANDING 0
========= CURRENT MAP =========

          1 1         1 1 1 
      1 1 1 1 1 *     1 9 1 
1 1 1 1 1 1 5 1 1 1 1 1 1 1 
1 1 1 1 5     1 1 1 1 1 1   
1 1 1             1 1 1     
  1                 1       
  1                 1       
  1 1             1 1       
  1 1             1 1       
    6             6         

===============================
DOWN -- 2 8 3 8 LYING_COL 0
========= CURRENT MAP =========

          1 1         1 1 1 
      1 1 1 1 1 1     1 9 1 
1 1 1 1 1 1 5 1 * 1 1 1 1 1 
1 1 1 1 5     1 * 1 1 1 1   
1 1 1             1 1 1     
  1                 1       
  1                 1       
  1 1             1 1       
  1 1             1 1       
    6             6         

===============================
RIGHT -- 2 9 3 9 LYING_COL 0
========= CURRENT MAP =========

          1 1         1 1 1 
      1 1 1 1 1 1     1 9 1 
1 1 1 1 1 1 5 1 1 * 1 1 1 1 
1 1 1 1 5     1 1 * 1 1 1   
1 1 1             1 1 1     
  1                 1       
  1                 1       
  1 1             1 1       
  1 1             1 1       
    6             6         

===============================
RIGHT -- 2 10 3 10 LYING_COL 0
========= CURRENT MAP =========

          1 1         1 1 1 
      1 1 1 1 1 1     1 9 1 
1 1 1 1 1 1 5 1 1 1 * 1 1 1 
1 1 1 1 5     1 1 1 * 1 1   
1 1 1             1 1 1     
  1                 1       
  1                 1       
  1 1             1 1       
  1 1             1 1       
    6             6         

===============================
RIGHT -- 2 11 3 11 LYING_COL 0
========= CURRENT MAP =========

          1 1         1 1 1 
      1 1 1 1 1 1     1 9 1 
1 1 1 1 1 1 5 1 1 1 1 * 1 1 
1 1 1 1 5     1 1 1 1 * 1   
1 1 1             1 1 1     
  1                 1       
  1                 1       
  1 1             1 1       
  1 1             1 1       
    6             6         

===============================
RIGHT -- 2 12 3 12 LYING_COL 0
========= CURRENT MAP =========

          1 1         1 1 1 
      1 1 1 1 1 1     1 9 1 
1 1 1 1 1 1 5 1 1 1 1 1 * 1 
1 1 1 1 5     1 1 1 1 1 *   
1 1 1             1 1 1     
  1                 1       
  1                 1       
  1 1             1 1       
  1 1             1 1       
    6             6         

===============================
UP -- 1 12 1 12 STANDING 0
========= CURRENT MAP =========

          1 1         1 1 1 
      1 1 1 1 1 1     1 * 1 
1 1 1 1 1 1 5 1 1 1 1 1 1 1 
1 1 1 1 5     1 1 1 1 1 1   
1 1 1             1 1 1     
  1                 1       
  1                 1       
  1 1             1 1       
  1 1             1 1       
    6             6         

===============================

=========== STAT 22 ============
STATUS: SUCCESS
PROCESS TIME: 0:00:00.167231
PROCESS MEMORY: 1769472
REAL STEP: 66
VIRTUAL STEP: 2593
===============================

PRESS KEY: RURRRRDRDDDLDURUUULURDLULULLDLLLDRURDLDDDRDULUUURULDRURURRRDRRRRU

