START -- 3 2 3 2 STANDING 0
========= CURRENT MAP =========

              4               
1 1 5 1       1               
1 1 1 1 1     1               
1 5 * 1 1 1 1 1     1 1     1 
1 1 1 1 1       1       1     
1 1 5 1         1       1     
1               4     1 1 1   
1                   1 1 9 1   
1     6             1 1 1 1   

===============================
UP -- 1 2 2 2 LYING_COL 0
========= CURRENT MAP =========

              4               
1 1 * 1       1               
1 1 * 1 1     1               
1 5 1 1 1 1 1 1     1 1     1 
1 1 1 1 1       1       1     
1 1 5 1         1       1     
1               4     1 1 1   
1                   1 1 9 1   
1     6             1 1 1 1   

===============================
LEFT -- 1 1 2 1 LYING_COL 0
========= CURRENT MAP =========

              4               
1 * 5 1       1               
1 * 1 1 1     1               
1 5 1 1 1 1 1 1     1 1     1 
1 1 1 1 1       1       1     
1 1 5 1         1       1     
1               4     1 1 1   
1                   1 1 9 1   
1     6             1 1 1 1   

===============================
DOWN -- 3 1 3 1 STANDING 0
========= CURRENT MAP =========

              4               
1 1 5 1       1               
1 1 1 1 1     1               
1 * 1 1 1 1 1 1     1 1     1 
1 1 1 1 1       1       1     
1 1 5 1         1       1     
1               4     1 1 1   
1                   1 1 9 1   
1     6             1 1 1 1   

===============================
RIGHT -- 3 2 3 3 LYING_ROW 0
========= CURRENT MAP =========

              4               
1 1 5 1       1               
1 1 1 1 1     1               
1 5 * * 1 1 1 1     1 1     1 
1 1 1 1 1       1       1     
1 1 5 1         1       1     
1               4     1 1 1   
1                   1 1 9 1   
1     6             1 1 1 1   

===============================
RIGHT -- 3 4 3 4 STANDING 0
========= CURRENT MAP =========

              4               
1 1 5 1       1               
1 1 1 1 1     1               
1 5 1 1 * 1 1 1     1 1     1 
1 1 1 1 1       1       1     
1 1 5 1         1       1     
1               4     1 1 1   
1                   1 1 9 1   
1     6             1 1 1 1   

===============================
RIGHT -- 3 5 3 6 LYING_ROW 0
========= CURRENT MAP =========

              4               
1 1 5 1       1               
1 1 1 1 1     1               
1 5 1 1 1 * * 1     1 1     1 
1 1 1 1 1       1       1     
1 1 5 1         1       1     
1               4     1 1 1   
1                   1 1 9 1   
1     6             1 1 1 1   

===============================
RIGHT -- 3 7 3 7 STANDING 0
========= CURRENT MAP =========

              4               
1 1 5 1       1               
1 1 1 1 1     1               
1 5 1 1 1 1 1 *     1 1     1 
1 1 1 1 1       1       1     
1 1 5 1         1       1     
1               4     1 1 1   
1                   1 1 9 1   
1     6             1 1 1 1   

===============================
UP -- 1 7 2 7 LYING_COL 0
========= CURRENT MAP =========

              4               
1 1 5 1       *               
1 1 1 1 1     *               
1 5 1 1 1 1 1 1     1 1     1 
1 1 1 1 1       1       1     
1 1 5 1         1       1     
1               4     1 1 1   
1                   1 1 9 1   
1     6             1 1 1 1   

===============================
UP -- 0 7 0 7 STANDING 0
========= CURRENT MAP =========

              *               
1 1 5 1       1               
1 1 1 1 1     1               
1 5 1 1 1 1 1 1 1 1 1 1     1 
1 1 1 1 1       1       1     
1 1 5 1         1       1     
1               4     1 1 1   
1                   1 1 9 1   
1     6             1 1 1 1   

===============================
DOWN -- 1 7 2 7 LYING_COL 0
========= CURRENT MAP =========

              4               
1 1 5 1       *               
1 1 1 1 1     *               
1 5 1 1 1 1 1 1 1 1 1 1     1 
1 1 1 1 1       1       1     
1 1 5 1         1       1     
1               4     1 1 1   
1                   1 1 9 1   
1     6             1 1 1 1   

===============================
DOWN -- 3 7 3 7 STANDING 0
========= CURRENT MAP =========

              4               
1 1 5 1       1               
1 1 1 1 1     1               
1 5 1 1 1 1 1 * 1 1 1 1     1 
1 1 1 1 1       1       1     
1 1 5 1         1       1     
1               4     1 1 1   
1                   1 1 9 1   
1     6             1 1 1 1   

===============================
LEFT -- 3 5 3 6 LYING_ROW 0
========= CURRENT MAP =========

              4               
1 1 5 1       1               
1 1 1 1 1     1               
1 5 1 1 1 * * 1 1 1 1 1     1 
1 1 1 1 1       1       1     
1 1 5 1         1       1     
1               4     1 1 1   
1                   1 1 9 1   
1     6             1 1 1 1   

===============================
LEFT -- 3 4 3 4 STANDING 0
========= CURRENT MAP =========

              4               
1 1 5 1       1               
1 1 1 1 1     1               
1 5 1 1 * 1 1 1 1 1 1 1     1 
1 1 1 1 1       1       1     
1 1 5 1         1       1     
1               4     1 1 1   
1                   1 1 9 1   
1     6             1 1 1 1   

===============================
LEFT -- 3 2 3 3 LYING_ROW 0
========= CURRENT MAP =========

              4               
1 1 5 1       1               
1 1 1 1 1     1               
1 5 * * 1 1 1 1 1 1 1 1     1 
1 1 1 1 1       1       1     
1 1 5 1         1       1     
1               4     1 1 1   
1                   1 1 9 1   
1     6             1 1 1 1   

===============================
UP -- 2 2 2 3 LYING_ROW 0
========= CURRENT MAP =========

              4               
1 1 5 1       1               
1 1 * * 1     1               
1 5 1 1 1 1 1 1 1 1 1 1     1 
1 1 1 1 1       1       1     
1 1 5 1         1       1     
1               4     1 1 1   
1                   1 1 9 1   
1     6             1 1 1 1   

===============================
RIGHT -- 2 4 2 4 STANDING 0
========= CURRENT MAP =========

              4               
1 1 5 1       1               
1 1 1 1 *     1               
1 5 1 1 1 1 1 1 1 1 1 1     1 
1 1 1 1 1       1       1     
1 1 5 1         1       1     
1               4     1 1 1   
1                   1 1 9 1   
1     6             1 1 1 1   

===============================
DOWN -- 3 4 4 4 LYING_COL 0
========= CURRENT MAP =========

              4               
1 1 5 1       1               
1 1 1 1 1     1               
1 5 1 1 * 1 1 1 1 1 1 1     1 
1 1 1 1 *       1       1     
1 1 5 1         1       1     
1               4     1 1 1   
1                   1 1 9 1   
1     6             1 1 1 1   

===============================
LEFT -- 3 3 4 3 LYING_COL 0
========= CURRENT MAP =========

              4               
1 1 5 1       1               
1 1 1 1 1     1               
1 5 1 * 1 1 1 1 1 1 1 1     1 
1 1 1 * 1       1       1     
1 1 5 1         1       1     
1               4     1 1 1   
1                   1 1 9 1   
1     6             1 1 1 1   

===============================
LEFT -- 3 2 4 2 LYING_COL 0
========= CURRENT MAP =========

              4               
1 1 5 1       1               
1 1 1 1 1     1               
1 5 * 1 1 1 1 1 1 1 1 1     1 
1 1 * 1 1       1       1     
1 1 5 1         1       1     
1               4     1 1 1   
1                   1 1 9 1   
1     6             1 1 1 1   

===============================
UP -- 2 2 2 2 STANDING 0
========= CURRENT MAP =========

              4               
1 1 5 1       1               
1 1 * 1 1     1               
1 5 1 1 1 1 1 1 1 1 1 1     1 
1 1 1 1 1       1       1     
1 1 5 1         1       1     
1               4     1 1 1   
1                   1 1 9 1   
1     6             1 1 1 1   

===============================
RIGHT -- 2 3 2 4 LYING_ROW 0
========= CURRENT MAP =========

              4               
1 1 5 1       1               
1 1 1 * *     1               
1 5 1 1 1 1 1 1 1 1 1 1     1 
1 1 1 1 1       1       1     
1 1 5 1         1       1     
1               4     1 1 1   
1                   1 1 9 1   
1     6             1 1 1 1   

===============================
DOWN -- 3 3 3 4 LYING_ROW 0
========= CURRENT MAP =========

              4               
1 1 5 1       1               
1 1 1 1 1     1               
1 5 1 * * 1 1 1 1 1 1 1     1 
1 1 1 1 1       1       1     
1 1 5 1         1       1     
1               4     1 1 1   
1                   1 1 9 1   
1     6             1 1 1 1   

===============================
RIGHT -- 3 5 3 5 STANDING 0
========= CURRENT MAP =========

              4               
1 1 5 1       1               
1 1 1 1 1     1               
1 5 1 1 1 * 1 1 1 1 1 1     1 
1 1 1 1 1       1       1     
1 1 5 1         1       1     
1               4     1 1 1   
1                   1 1 9 1   
1     6             1 1 1 1   

===============================
RIGHT -- 3 6 3 7 LYING_ROW 0
========= CURRENT MAP =========

              4               
1 1 5 1       1               
1 1 1 1 1     1               
1 5 1 1 1 1 * * 1 1 1 1     1 
1 1 1 1 1       1       1     
1 1 5 1         1       1     
1               4     1 1 1   
1                   1 1 9 1   
1     6             1 1 1 1   

===============================
RIGHT -- 3 8 3 8 STANDING 0
========= CURRENT MAP =========

              4               
1 1 5 1       1               
1 1 1 1 1     1               
1 5 1 1 1 1 1 1 * 1 1 1     1 
1 1 1 1 1       1       1     
1 1 5 1         1       1     
1               4     1 1 1   
1                   1 1 9 1   
1     6             1 1 1 1   

===============================
DOWN -- 4 8 5 8 LYING_COL 0
========= CURRENT MAP =========

              4               
1 1 5 1       1               
1 1 1 1 1     1               
1 5 1 1 1 1 1 1 1 1 1 1     1 
1 1 1 1 1       *       1     
1 1 5 1         *       1     
1               4     1 1 1   
1                   1 1 9 1   
1     6             1 1 1 1   

===============================
DOWN -- 6 8 6 8 STANDING 0
========= CURRENT MAP =========

              4               
1 1 5 1       1               
1 1 1 1 1     1               
1 5 1 1 1 1 1 1 1 1 1 1 1 1 1 
1 1 1 1 1       1       1     
1 1 5 1         1       1     
1               *     1 1 1   
1                   1 1 9 1   
1 1 1 6             1 1 1 1   

===============================
UP -- 4 8 5 8 LYING_COL 0
========= CURRENT MAP =========

              4               
1 1 5 1       1               
1 1 1 1 1     1               
1 5 1 1 1 1 1 1 1 1 1 1 1 1 1 
1 1 1 1 1       *       1     
1 1 5 1         *       1     
1               4     1 1 1   
1                   1 1 9 1   
1 1 1 6             1 1 1 1   

===============================
UP -- 3 8 3 8 STANDING 0
========= CURRENT MAP =========

              4               
1 1 5 1       1               
1 1 1 1 1     1               
1 5 1 1 1 1 1 1 * 1 1 1 1 1 1 
1 1 1 1 1       1       1     
1 1 5 1         1       1     
1               4     1 1 1   
1                   1 1 9 1   
1 1 1 6             1 1 1 1   

===============================
LEFT -- 3 6 3 7 LYING_ROW 0
========= CURRENT MAP =========

              4               
1 1 5 1       1               
1 1 1 1 1     1               
1 5 1 1 1 1 * * 1 1 1 1 1 1 1 
1 1 1 1 1       1       1     
1 1 5 1         1       1     
1               4     1 1 1   
1                   1 1 9 1   
1 1 1 6             1 1 1 1   

===============================
LEFT -- 3 5 3 5 STANDING 0
========= CURRENT MAP =========

              4               
1 1 5 1       1               
1 1 1 1 1     1               
1 5 1 1 1 * 1 1 1 1 1 1 1 1 1 
1 1 1 1 1       1       1     
1 1 5 1         1       1     
1               4     1 1 1   
1                   1 1 9 1   
1 1 1 6             1 1 1 1   

===============================
LEFT -- 3 3 3 4 LYING_ROW 0
========= CURRENT MAP =========

              4               
1 1 5 1       1               
1 1 1 1 1     1               
1 5 1 * * 1 1 1 1 1 1 1 1 1 1 
1 1 1 1 1       1       1     
1 1 5 1         1       1     
1               4     1 1 1   
1                   1 1 9 1   
1 1 1 6             1 1 1 1   

===============================
UP -- 2 3 2 4 LYING_ROW 0
========= CURRENT MAP =========

              4               
1 1 5 1       1               
1 1 1 * *     1               
1 5 1 1 1 1 1 1 1 1 1 1 1 1 1 
1 1 1 1 1       1       1     
1 1 5 1         1       1     
1               4     1 1 1   
1                   1 1 9 1   
1 1 1 6             1 1 1 1   

===============================
LEFT -- 2 2 2 2 STANDING 0
========= CURRENT MAP =========

              4               
1 1 5 1       1               
1 1 * 1 1     1               
1 5 1 1 1 1 1 1 1 1 1 1 1 1 1 
1 1 1 1 1       1       1     
1 1 5 1         1       1     
1               4     1 1 1   
1                   1 1 9 1   
1 1 1 6             1 1 1 1   

===============================
DOWN -- 3 2 4 2 LYING_COL 0
========= CURRENT MAP =========

              4               
1 1 5 1       1               
1 1 1 1 1     1               
1 5 * 1 1 1 1 1 1 1 1 1 1 1 1 
1 1 * 1 1       1       1     
1 1 5 1         1       1     
1               4     1 1 1   
1                   1 1 9 1   
1 1 1 6             1 1 1 1   

===============================
RIGHT -- 3 3 4 3 LYING_COL 0
========= CURRENT MAP =========

              4               
1 1 5 1       1               
1 1 1 1 1     1               
1 5 1 * 1 1 1 1 1 1 1 1 1 1 1 
1 1 1 * 1       1       1     
1 1 5 1         1       1     
1               4     1 1 1   
1                   1 1 9 1   
1 1 1 6             1 1 1 1   

===============================
UP -- 2 3 2 3 STANDING 0
========= CURRENT MAP =========

              4               
1 1 5 1       1               
1 1 1 * 1     1               
1 5 1 1 1 1 1 1 1 1 1 1 1 1 1 
1 1 1 1 1       1       1     
1 1 5 1         1       1     
1               4     1 1 1   
1                   1 1 9 1   
1 1 1 6             1 1 1 1   

===============================
LEFT -- 2 1 2 2 LYING_ROW 0
========= CURRENT MAP =========

              4               
1 1 5 1       1               
1 * * 1 1     1               
1 5 1 1 1 1 1 1 1 1 1 1 1 1 1 
1 1 1 1 1       1       1     
1 1 5 1         1       1     
1               4     1 1 1   
1                   1 1 9 1   
1 1 1 6             1 1 1 1   

===============================
LEFT -- 2 0 2 0 STANDING 0
========= CURRENT MAP =========

              4               
1 1 5 1       1               
* 1 1 1 1     1               
1 5 1 1 1 1 1 1 1 1 1 1 1 1 1 
1 1 1 1 1       1       1     
1 1 5 1         1       1     
1               4     1 1 1   
1                   1 1 9 1   
1 1 1 6             1 1 1 1   

===============================
DOWN -- 3 0 4 0 LYING_COL 0
========= CURRENT MAP =========

              4               
1 1 5 1       1               
1 1 1 1 1     1               
* 5 1 1 1 1 1 1 1 1 1 1 1 1 1 
* 1 1 1 1       1       1     
1 1 5 1         1       1     
1               4     1 1 1   
1                   1 1 9 1   
1 1 1 6             1 1 1 1   

===============================
DOWN -- 5 0 5 0 STANDING 0
========= CURRENT MAP =========

              4               
1 1 5 1       1               
1 1 1 1 1     1               
1 5 1 1 1 1 1 1 1 1 1 1 1 1 1 
1 1 1 1 1       1       1     
* 1 5 1         1       1     
1               4     1 1 1   
1                   1 1 9 1   
1 1 1 6             1 1 1 1   

===============================
DOWN -- 6 0 7 0 LYING_COL 0
========= CURRENT MAP =========

              4               
1 1 5 1       1               
1 1 1 1 1     1               
1 5 1 1 1 1 1 1 1 1 1 1 1 1 1 
1 1 1 1 1       1       1     
1 1 5 1         1       1     
*               4     1 1 1   
*                   1 1 9 1   
1 1 1 6             1 1 1 1   

===============================
DOWN -- 8 0 8 0 STANDING 0
========= CURRENT MAP =========

              4               
1 1 5 1       1               
1 1 1 1 1     1               
1 5 1 1 1 1 1 1 1 1 1 1 1 1 1 
1 1 1 1 1       1       1     
1 1 5 1         1       1     
1               4     1 1 1   
1                   1 1 9 1   
* 1 1 6             1 1 1 1   

===============================
RIGHT -- 8 1 8 2 LYING_ROW 0
========= CURRENT MAP =========

              4               
1 1 5 1       1               
1 1 1 1 1     1               
1 5 1 1 1 1 1 1 1 1 1 1 1 1 1 
1 1 1 1 1       1       1     
1 1 5 1         1       1     
1               4     1 1 1   
1                   1 1 9 1   
1 * * 6             1 1 1 1   

===============================
RIGHT -- 8 3 8 3 STANDING 0
========= CURRENT MAP =========

              4               
1 1 5 1       1               
1 1 1 1 1     1               
1 5 1 1 1 1 1 1 1 1 1 1 1 1 1 
1 1 1 1 1 1     1       1     
1 1 5 1         1       1     
1               4     1 1 1   
1                   1 1 9 1   
1 1 1 *             1 1 1 1   

===============================
LEFT -- 8 1 8 2 LYING_ROW 0
========= CURRENT MAP =========

              4               
1 1 5 1       1               
1 1 1 1 1     1               
1 5 1 1 1 1 1 1 1 1 1 1 1 1 1 
1 1 1 1 1 1     1       1     
1 1 5 1         1       1     
1               4     1 1 1   
1                   1 1 9 1   
1 * * 6             1 1 1 1   

===============================
LEFT -- 8 0 8 0 STANDING 0
========= CURRENT MAP =========

              4               
1 1 5 1       1               
1 1 1 1 1     1               
1 5 1 1 1 1 1 1 1 1 1 1 1 1 1 
1 1 1 1 1 1     1       1     
1 1 5 1         1       1     
1               4     1 1 1   
1                   1 1 9 1   
* 1 1 6             1 1 1 1   

===============================
UP -- 6 0 7 0 LYING_COL 0
========= CURRENT MAP =========

              4               
1 1 5 1       1               
1 1 1 1 1     1               
1 5 1 1 1 1 1 1 1 1 1 1 1 1 1 
1 1 1 1 1 1     1       1     
1 1 5 1         1       1     
*               4     1 1 1   
*                   1 1 9 1   
1 1 1 6             1 1 1 1   

===============================
UP -- 5 0 5 0 STANDING 0
========= CURRENT MAP =========

              4               
1 1 5 1       1               
1 1 1 1 1     1               
1 5 1 1 1 1 1 1 1 1 1 1 1 1 1 
1 1 1 1 1 1     1       1     
* 1 5 1         1       1     
1               4     1 1 1   
1                   1 1 9 1   
1 1 1 6             1 1 1 1   

===============================
UP -- 3 0 4 0 LYING_COL 0
========= CURRENT MAP =========

              4               
1 1 5 1       1               
1 1 1 1 1     1               
* 5 1 1 1 1 1 1 1 1 1 1 1 1 1 
* 1 1 1 1 1     1       1     
1 1 5 1         1       1     
1               4     1 1 1   
1                   1 1 9 1   
1 1 1 6             1 1 1 1   

===============================
UP -- 2 0 2 0 STANDING 0
========= CURRENT MAP =========

              4               
1 1 5 1       1               
* 1 1 1 1     1               
1 5 1 1 1 1 1 1 1 1 1 1 1 1 1 
1 1 1 1 1 1     1       1     
1 1 5 1         1       1     
1               4     1 1 1   
1                   1 1 9 1   
1 1 1 6             1 1 1 1   

===============================
RIGHT -- 2 1 2 2 LYING_ROW 0
========= CURRENT MAP =========

              4               
1 1 5 1       1               
1 * * 1 1     1               
1 5 1 1 1 1 1 1 1 1 1 1 1 1 1 
1 1 1 1 1 1     1       1     
1 1 5 1         1       1     
1               4     1 1 1   
1                   1 1 9 1   
1 1 1 6             1 1 1 1   

===============================
RIGHT -- 2 3 2 3 STANDING 0
========= CURRENT MAP =========

              4               
1 1 5 1       1               
1 1 1 * 1     1               
1 5 1 1 1 1 1 1 1 1 1 1 1 1 1 
1 1 1 1 1 1     1       1     
1 1 5 1         1       1     
1               4     1 1 1   
1                   1 1 9 1   
1 1 1 6             1 1 1 1   

===============================
DOWN -- 3 3 4 3 LYING_COL 0
========= CURRENT MAP =========

              4               
1 1 5 1       1               
1 1 1 1 1     1               
1 5 1 * 1 1 1 1 1 1 1 1 1 1 1 
1 1 1 * 1 1     1       1     
1 1 5 1         1       1     
1               4     1 1 1   
1                   1 1 9 1   
1 1 1 6             1 1 1 1   

===============================
LEFT -- 3 2 4 2 LYING_COL 0
========= CURRENT MAP =========

              4               
1 1 5 1       1               
1 1 1 1 1     1               
1 5 * 1 1 1 1 1 1 1 1 1 1 1 1 
1 1 * 1 1 1     1       1     
1 1 5 1         1       1     
1               4     1 1 1   
1                   1 1 9 1   
1 1 1 6             1 1 1 1   

===============================
UP -- 2 2 2 2 STANDING 0
========= CURRENT MAP =========

              4               
1 1 5 1       1               
1 1 * 1 1     1               
1 5 1 1 1 1 1 1 1 1 1 1 1 1 1 
1 1 1 1 1 1     1       1     
1 1 5 1         1       1     
1               4     1 1 1   
1                   1 1 9 1   
1 1 1 6             1 1 1 1   

===============================
RIGHT -- 2 3 2 4 LYING_ROW 0
========= CURRENT MAP =========

              4               
1 1 5 1       1               
1 1 1 * *     1               
1 5 1 1 1 1 1 1 1 1 1 1 1 1 1 
1 1 1 1 1 1     1       1     
1 1 5 1         1       1     
1               4     1 1 1   
1                   1 1 9 1   
1 1 1 6             1 1 1 1   

===============================
DOWN -- 3 3 3 4 LYING_ROW 0
========= CURRENT MAP =========

              4               
1 1 5 1       1               
1 1 1 1 1     1               
1 5 1 * * 1 1 1 1 1 1 1 1 1 1 
1 1 1 1 1 1     1       1     
1 1 5 1         1       1     
1               4     1 1 1   
1                   1 1 9 1   
1 1 1 6             1 1 1 1   

===============================
DOWN -- 4 3 4 4 LYING_ROW 0
========= CURRENT MAP =========

              4               
1 1 5 1       1               
1 1 1 1 1     1               
1 5 1 1 1 1 1 1 1 1 1 1 1 1 1 
1 1 1 * * 1     1       1     
1 1 5 1         1       1     
1               4     1 1 1   
1                   1 1 9 1   
1 1 1 6             1 1 1 1   

===============================
LEFT -- 4 2 4 2 STANDING 0
========= CURRENT MAP =========

              4               
1 1 5 1       1               
1 1 1 1 1     1               
1 5 1 1 1 1 1 1 1 1 1 1 1 1 1 
1 1 * 1 1 1     1       1     
1 1 5 1         1       1     
1               4     1 1 1   
1                   1 1 9 1   
1 1 1 6             1 1 1 1   

===============================
UP -- 2 2 3 2 LYING_COL 0
========= CURRENT MAP =========

              4               
1 1 5 1       1               
1 1 * 1 1     1               
1 5 * 1 1 1 1 1 1 1 1 1 1 1 1 
1 1 1 1 1 1     1       1     
1 1 5 1         1       1     
1               4     1 1 1   
1                   1 1 9 1   
1 1 1 6             1 1 1 1   

===============================
RIGHT -- 2 3 3 3 LYING_COL 0
========= CURRENT MAP =========

              4               
1 1 5 1       1               
1 1 1 * 1     1               
1 5 1 * 1 1 1 1 1 1 1 1 1 1 1 
1 1 1 1 1 1     1       1     
1 1 5 1         1       1     
1               4     1 1 1   
1                   1 1 9 1   
1 1 1 6             1 1 1 1   

===============================
DOWN -- 4 3 4 3 STANDING 0
========= CURRENT MAP =========

              4               
1 1 5 1       1               
1 1 1 1 1     1               
1 5 1 1 1 1 1 1 1 1 1 1 1 1 1 
1 1 1 * 1 1     1       1     
1 1 5 1         1       1     
1               4     1 1 1   
1                   1 1 9 1   
1 1 1 6             1 1 1 1   

===============================
RIGHT -- 4 4 4 5 LYING_ROW 0
========= CURRENT MAP =========

              4               
1 1 5 1       1               
1 1 1 1 1     1               
1 5 1 1 1 1 1 1 1 1 1 1 1 1 1 
1 1 1 1 * *     1       1     
1 1 5 1         1       1     
1               4     1 1 1   
1                   1 1 9 1   
1 1 1 6             1 1 1 1   

===============================
UP -- 3 4 3 5 LYING_ROW 0
========= CURRENT MAP =========

              4               
1 1 5 1       1               
1 1 1 1 1     1               
1 5 1 1 * * 1 1 1 1 1 1 1 1 1 
1 1 1 1 1 1     1       1     
1 1 5 1         1       1     
1               4     1 1 1   
1                   1 1 9 1   
1 1 1 6             1 1 1 1   

===============================
RIGHT -- 3 6 3 6 STANDING 0
========= CURRENT MAP =========

              4               
1 1 5 1       1               
1 1 1 1 1     1               
1 5 1 1 1 1 * 1 1 1 1 1 1 1 1 
1 1 1 1 1 1     1       1     
1 1 5 1         1       1     
1               4     1 1 1   
1                   1 1 9 1   
1 1 1 6             1 1 1 1   

===============================
RIGHT -- 3 7 3 8 LYING_ROW 0
========= CURRENT MAP =========

              4               
1 1 5 1       1               
1 1 1 1 1     1               
1 5 1 1 1 1 1 * * 1 1 1 1 1 1 
1 1 1 1 1 1     1       1     
1 1 5 1         1       1     
1               4     1 1 1   
1                   1 1 9 1   
1 1 1 6             1 1 1 1   

===============================
RIGHT -- 3 9 3 9 STANDING 0
========= CURRENT MAP =========

              4               
1 1 5 1       1               
1 1 1 1 1     1               
1 5 1 1 1 1 1 1 1 * 1 1 1 1 1 
1 1 1 1 1 1     1       1     
1 1 5 1         1       1     
1               4     1 1 1   
1                   1 1 9 1   
1 1 1 6             1 1 1 1   

===============================
RIGHT -- 3 10 3 11 LYING_ROW 0
========= CURRENT MAP =========

              4               
1 1 5 1       1               
1 1 1 1 1     1               
1 5 1 1 1 1 1 1 1 1 * * 1 1 1 
1 1 1 1 1 1     1       1     
1 1 5 1         1       1     
1               4     1 1 1   
1                   1 1 9 1   
1 1 1 6             1 1 1 1   

===============================
RIGHT -- 3 12 3 12 STANDING 0
========= CURRENT MAP =========

              4               
1 1 5 1       1               
1 1 1 1 1     1               
1 5 1 1 1 1 1 1 1 1 1 1 * 1 1 
1 1 1 1 1 1     1       1     
1 1 5 1         1       1     
1               4     1 1 1   
1                   1 1 9 1   
1 1 1 6             1 1 1 1   

===============================
DOWN -- 4 12 5 12 LYING_COL 0
========= CURRENT MAP =========

              4               
1 1 5 1       1               
1 1 1 1 1     1               
1 5 1 1 1 1 1 1 1 1 1 1 1 1 1 
1 1 1 1 1 1     1       *     
1 1 5 1         1       *     
1               4     1 1 1   
1                   1 1 9 1   
1 1 1 6             1 1 1 1   

===============================
DOWN -- 6 12 6 12 STANDING 0
========= CURRENT MAP =========

              4               
1 1 5 1       1               
1 1 1 1 1     1               
1 5 1 1 1 1 1 1 1 1 1 1 1 1 1 
1 1 1 1 1 1     1       1     
1 1 5 1         1       1     
1               4     1 * 1   
1                   1 1 9 1   
1 1 1 6             1 1 1 1   

===============================
DOWN -- 7 12 8 12 LYING_COL 0
========= CURRENT MAP =========

              4               
1 1 5 1       1               
1 1 1 1 1     1               
1 5 1 1 1 1 1 1 1 1 1 1 1 1 1 
1 1 1 1 1 1     1       1     
1 1 5 1         1       1     
1               4     1 1 1   
1                   1 1 * 1   
1 1 1 6             1 1 * 1   

===============================
LEFT -- 7 11 8 11 LYING_COL 0
========= CURRENT MAP =========

              4               
1 1 5 1       1               
1 1 1 1 1     1               
1 5 1 1 1 1 1 1 1 1 1 1 1 1 1 
1 1 1 1 1 1     1       1     
1 1 5 1         1       1     
1               4     1 1 1   
1                   1 * 9 1   
1 1 1 6             1 * 1 1   

===============================
UP -- 6 11 6 11 STANDING 0
========= CURRENT MAP =========

              4               
1 1 5 1       1               
1 1 1 1 1     1               
1 5 1 1 1 1 1 1 1 1 1 1 1 1 1 
1 1 1 1 1 1     1       1     
1 1 5 1         1       1     
1               4     * 1 1   
1                   1 1 9 1   
1 1 1 6             1 1 1 1   

===============================
RIGHT -- 6 12 6 13 LYING_ROW 0
========= CURRENT MAP =========

              4               
1 1 5 1       1               
1 1 1 1 1     1               
1 5 1 1 1 1 1 1 1 1 1 1 1 1 1 
1 1 1 1 1 1     1       1     
1 1 5 1         1       1     
1               4     1 * *   
1                   1 1 9 1   
1 1 1 6             1 1 1 1   

===============================
DOWN -- 7 12 7 13 LYING_ROW 0
========= CURRENT MAP =========

              4               
1 1 5 1       1               
1 1 1 1 1     1               
1 5 1 1 1 1 1 1 1 1 1 1 1 1 1 
1 1 1 1 1 1     1       1     
1 1 5 1         1       1     
1               4     1 1 1   
1                   1 1 * *   
1 1 1 6             1 1 1 1   

===============================
DOWN -- 8 12 8 13 LYING_ROW 0
========= CURRENT MAP =========

              4               
1 1 5 1       1               
1 1 1 1 1     1               
1 5 1 1 1 1 1 1 1 1 1 1 1 1 1 
1 1 1 1 1 1     1       1     
1 1 5 1         1       1     
1               4     1 1 1   
1                   1 1 9 1   
1 1 1 6             1 1 * *   

===============================
LEFT -- 8 11 8 11 STANDING 0
========= CURRENT MAP =========

              4               
1 1 5 1       1               
1 1 1 1 1     1               
1 5 1 1 1 1 1 1 1 1 1 1 1 1 1 
1 1 1 1 1 1     1       1     
1 1 5 1         1       1     
1               4     1 1 1   
1                   1 1 9 1   
1 1 1 6             1 * 1 1   

===============================
UP -- 6 11 7 11 LYING_COL 0
========= CURRENT MAP =========

              4               
1 1 5 1       1               
1 1 1 1 1     1               
1 5 1 1 1 1 1 1 1 1 1 1 1 1 1 
1 1 1 1 1 1     1       1     
1 1 5 1         1       1     
1               4     * 1 1   
1                   1 * 9 1   
1 1 1 6             1 1 1 1   

===============================
RIGHT -- 6 12 7 12 LYING_COL 0
========= CURRENT MAP =========

              4               
1 1 5 1       1               
1 1 1 1 1     1               
1 5 1 1 1 1 1 1 1 1 1 1 1 1 1 
1 1 1 1 1 1     1       1     
1 1 5 1         1       1     
1               4     1 * 1   
1                   1 1 * 1   
1 1 1 6             1 1 1 1   

===============================
DOWN -- 8 12 8 12 STANDING 0
========= CURRENT MAP =========

              4               
1 1 5 1       1               
1 1 1 1 1     1               
1 5 1 1 1 1 1 1 1 1 1 1 1 1 1 
1 1 1 1 1 1     1       1     
1 1 5 1         1       1     
1               4     1 1 1   
1                   1 1 9 1   
1 1 1 6             1 1 * 1   

===============================
LEFT -- 8 10 8 11 LYING_ROW 0
========= CURRENT MAP =========

              4               
1 1 5 1       1               
1 1 1 1 1     1               
1 5 1 1 1 1 1 1 1 1 1 1 1 1 1 
1 1 1 1 1 1     1       1     
1 1 5 1         1       1     
1               4     1 1 1   
1                   1 1 9 1   
1 1 1 6             * * 1 1   

===============================
UP -- 7 10 7 11 LYING_ROW 0
========= CURRENT MAP =========

              4               
1 1 5 1       1               
1 1 1 1 1     1               
1 5 1 1 1 1 1 1 1 1 1 1 1 1 1 
1 1 1 1 1 1     1       1     
1 1 5 1         1       1     
1               4     1 1 1   
1                   * * 9 1   
1 1 1 6             1 1 1 1   

===============================
RIGHT -- 7 12 7 12 STANDING 0
========= CURRENT MAP =========

              4               
1 1 5 1       1               
1 1 1 1 1     1               
1 5 1 1 1 1 1 1 1 1 1 1 1 1 1 
1 1 1 1 1 1     1       1     
1 1 5 1         1       1     
1               4     1 1 1   
1                   1 1 * 1   
1 1 1 6             1 1 1 1   

===============================

=========== STAT 18 ============
STATUS: SUCCESS
PROCESS TIME: 0:00:01.352504
PROCESS MEMORY: 6733824
REAL STEP: 86
VIRTUAL STEP: 11465
===============================

PRESS KEY: ULDRRRRUUDDLLLURDLLURDRRRDDUULLLULDRULLDDDDRRLLUUUURRDLURDDLURDRURRRRRDDDLURDDLURDLUR

