START -- 1 13 1 13 STANDING 0
========= CURRENT MAP =========

                      1 1 1 1 
  1 1 1 1 1 1 1 3 1 1 1 1 * 1 
  1 1 1 1               1 1 1 
  1 1 4 1                     
  1 1 1 1                     
      1 1 1 5 1 1 1 1 1 1     
                    1 1 1 1 3 
1 1 1               1 1 1 1 1 
1 9 1 1 1 1 1 1 1 1 1 1 1     
1 1 1 1                       

===============================
LEFT -- 1 11 1 12 LYING_ROW 0
========= CURRENT MAP =========

                      1 1 1 1 
  1 1 1 1 1 1 1 3 1 1 * * 1 1 
  1 1 1 1               1 1 1 
  1 1 4 1                     
  1 1 1 1                     
      1 1 1 5 1 1 1 1 1 1     
                    1 1 1 1 3 
1 1 1               1 1 1 1 1 
1 9 1 1 1 1 1 1 1 1 1 1 1     
1 1 1 1                       

===============================
LEFT -- 1 10 1 10 STANDING 0
========= CURRENT MAP =========

                      1 1 1 1 
  1 1 1 1 1 1 1 3 1 * 1 1 1 1 
  1 1 1 1               1 1 1 
  1 1 4 1                     
  1 1 1 1                     
      1 1 1 5 1 1 1 1 1 1     
                    1 1 1 1 3 
1 1 1               1 1 1 1 1 
1 9 1 1 1 1 1 1 1 1 1 1 1     
1 1 1 1                       

===============================
LEFT -- 1 8 1 9 LYING_ROW 0
========= CURRENT MAP =========

                      1 1 1 1 
  1 1 1 1     1 * * 1 1 1 1 1 
  1 1 1 1               1 1 1 
  1 1 4 1                     
  1 1 1 1                     
      1 1 1 5 1 1 1 1 1 1     
                    1 1 1 1 3 
1 1 1               1 1 1 1 1 
1 9 1 1 1 1 1 1 1 1 1 1 1     
1 1 1 1                       

===============================
LEFT -- 1 7 1 7 STANDING 0
========= CURRENT MAP =========

                      1 1 1 1 
  1 1 1 1     * 3 1 1 1 1 1 1 
  1 1 1 1               1 1 1 
  1 1 4 1                     
  1 1 1 1                     
      1 1 1 5 1 1 1 1 1 1     
                    1 1 1 1 3 
1 1 1               1 1 1 1 1 
1 9 1 1 1 1 1 1 1 1 1 1 1     
1 1 1 1                       

===============================
RIGHT -- 1 8 1 9 LYING_ROW 0
========= CURRENT MAP =========

                      1 1 1 1 
  1 1 1 1 1 1 1 * * 1 1 1 1 1 
  1 1 1 1               1 1 1 
  1 1 4 1                     
  1 1 1 1                     
      1 1 1 5 1 1 1 1 1 1     
                    1 1 1 1 3 
1 1 1               1 1 1 1 1 
1 9 1 1 1 1 1 1 1 1 1 1 1     
1 1 1 1                       

===============================
LEFT -- 1 7 1 7 STANDING 0
========= CURRENT MAP =========

                      1 1 1 1 
  1 1 1 1 1 1 * 3 1 1 1 1 1 1 
  1 1 1 1               1 1 1 
  1 1 4 1                     
  1 1 1 1                     
      1 1 1 5 1 1 1 1 1 1     
                    1 1 1 1 3 
1 1 1               1 1 1 1 1 
1 9 1 1 1 1 1 1 1 1 1 1 1     
1 1 1 1                       

===============================
LEFT -- 1 5 1 6 LYING_ROW 0
========= CURRENT MAP =========

                      1 1 1 1 
  1 1 1 1 * * 1 3 1 1 1 1 1 1 
  1 1 1 1               1 1 1 
  1 1 4 1                     
  1 1 1 1                     
      1 1 1 5 1 1 1 1 1 1     
                    1 1 1 1 3 
1 1 1               1 1 1 1 1 
1 9 1 1 1 1 1 1 1 1 1 1 1     
1 1 1 1                       

===============================
LEFT -- 1 4 1 4 STANDING 0
========= CURRENT MAP =========

                      1 1 1 1 
  1 1 1 * 1 1 1 3 1 1 1 1 1 1 
  1 1 1 1               1 1 1 
  1 1 4 1                     
  1 1 1 1                     
      1 1 1 5 1 1 1 1 1 1     
                    1 1 1 1 3 
1 1 1               1 1 1 1 1 
1 9 1 1 1 1 1 1 1 1 1 1 1     
1 1 1 1                       

===============================
LEFT -- 1 2 1 3 LYING_ROW 0
========= CURRENT MAP =========

                      1 1 1 1 
  1 * * 1 1 1 1 3 1 1 1 1 1 1 
  1 1 1 1               1 1 1 
  1 1 4 1                     
  1 1 1 1                     
      1 1 1 5 1 1 1 1 1 1     
                    1 1 1 1 3 
1 1 1               1 1 1 1 1 
1 9 1 1 1 1 1 1 1 1 1 1 1     
1 1 1 1                       

===============================
DOWN -- 2 2 2 3 LYING_ROW 0
========= CURRENT MAP =========

                      1 1 1 1 
  1 1 1 1 1 1 1 3 1 1 1 1 1 1 
  1 * * 1               1 1 1 
  1 1 4 1                     
  1 1 1 1                     
      1 1 1 5 1 1 1 1 1 1     
                    1 1 1 1 3 
1 1 1               1 1 1 1 1 
1 9 1 1 1 1 1 1 1 1 1 1 1     
1 1 1 1                       

===============================
RIGHT -- 2 4 2 4 STANDING 0
========= CURRENT MAP =========

                      1 1 1 1 
  1 1 1 1 1 1 1 3 1 1 1 1 1 1 
  1 1 1 *               1 1 1 
  1 1 4 1                     
  1 1 1 1                     
      1 1 1 5 1 1 1 1 1 1     
                    1 1 1 1 3 
1 1 1               1 1 1 1 1 
1 9 1 1 1 1 1 1 1 1 1 1 1     
1 1 1 1                       

===============================
DOWN -- 3 4 4 4 LYING_COL 0
========= CURRENT MAP =========

                      1 1 1 1 
  1 1 1 1 1 1 1 3 1 1 1 1 1 1 
  1 1 1 1               1 1 1 
  1 1 4 *                     
  1 1 1 *                     
      1 1 1 5 1 1 1 1 1 1     
                    1 1 1 1 3 
1 1 1               1 1 1 1 1 
1 9 1 1 1 1 1 1 1 1 1 1 1     
1 1 1 1                       

===============================
DOWN -- 5 4 5 4 STANDING 0
========= CURRENT MAP =========

                      1 1 1 1 
  1 1 1 1 1 1 1 3 1 1 1 1 1 1 
  1 1 1 1               1 1 1 
  1 1 4 1                     
  1 1 1 1                     
      1 * 1 5 1 1 1 1 1 1     
                    1 1 1 1 3 
1 1 1               1 1 1 1 1 
1 9 1 1 1 1 1 1 1 1 1 1 1     
1 1 1 1                       

===============================
RIGHT -- 5 5 5 6 LYING_ROW 0
========= CURRENT MAP =========

                      1 1 1 1 
  1 1 1 1 1 1 1 3 1 1 1 1 1 1 
  1 1 1 1               1 1 1 
  1 1 4 1                     
  1 1 1 1                     
      1 1 * * 1 1 1 1 1 1     
                    1 1 1 1 3 
1 1 1               1 1 1 1 1 
1 9 1 1 1     1 1 1 1 1 1     
1 1 1 1                       

===============================
RIGHT -- 5 7 5 7 STANDING 0
========= CURRENT MAP =========

                      1 1 1 1 
  1 1 1 1 1 1 1 3 1 1 1 1 1 1 
  1 1 1 1               1 1 1 
  1 1 4 1                     
  1 1 1 1                     
      1 1 1 5 * 1 1 1 1 1     
                    1 1 1 1 3 
1 1 1               1 1 1 1 1 
1 9 1 1 1     1 1 1 1 1 1     
1 1 1 1                       

===============================
RIGHT -- 5 8 5 9 LYING_ROW 0
========= CURRENT MAP =========

                      1 1 1 1 
  1 1 1 1 1 1 1 3 1 1 1 1 1 1 
  1 1 1 1               1 1 1 
  1 1 4 1                     
  1 1 1 1                     
      1 1 1 5 1 * * 1 1 1     
                    1 1 1 1 3 
1 1 1               1 1 1 1 1 
1 9 1 1 1     1 1 1 1 1 1     
1 1 1 1                       

===============================
RIGHT -- 5 10 5 10 STANDING 0
========= CURRENT MAP =========

                      1 1 1 1 
  1 1 1 1 1 1 1 3 1 1 1 1 1 1 
  1 1 1 1               1 1 1 
  1 1 4 1                     
  1 1 1 1                     
      1 1 1 5 1 1 1 * 1 1     
                    1 1 1 1 3 
1 1 1               1 1 1 1 1 
1 9 1 1 1     1 1 1 1 1 1     
1 1 1 1                       

===============================
DOWN -- 6 10 7 10 LYING_COL 0
========= CURRENT MAP =========

                      1 1 1 1 
  1 1 1 1 1 1 1 3 1 1 1 1 1 1 
  1 1 1 1               1 1 1 
  1 1 4 1                     
  1 1 1 1                     
      1 1 1 5 1 1 1 1 1 1     
                    * 1 1 1 3 
1 1 1               * 1 1 1 1 
1 9 1 1 1     1 1 1 1 1 1     
1 1 1 1                       

===============================
RIGHT -- 6 11 7 11 LYING_COL 0
========= CURRENT MAP =========

                      1 1 1 1 
  1 1 1 1 1 1 1 3 1 1 1 1 1 1 
  1 1 1 1               1 1 1 
  1 1 4 1                     
  1 1 1 1                     
      1 1 1 5 1 1 1 1 1 1     
                    1 * 1 1 3 
1 1 1               1 * 1 1 1 
1 9 1 1 1     1 1 1 1 1 1     
1 1 1 1                       

===============================
RIGHT -- 6 12 7 12 LYING_COL 0
========= CURRENT MAP =========

                      1 1 1 1 
  1 1 1 1 1 1 1 3 1 1 1 1 1 1 
  1 1 1 1               1 1 1 
  1 1 4 1                     
  1 1 1 1                     
      1 1 1 5 1 1 1 1 1 1     
                    1 1 * 1 3 
1 1 1               1 1 * 1 1 
1 9 1 1 1     1 1 1 1 1 1     
1 1 1 1                       

===============================
RIGHT -- 6 13 7 13 LYING_COL 0
========= CURRENT MAP =========

                      1 1 1 1 
  1 1 1 1 1 1 1 3 1 1 1 1 1 1 
  1 1 1 1               1 1 1 
  1 1 4 1                     
  1 1 1 1                     
      1 1 1 5 1 1 1 1 1 1     
                    1 1 1 * 3 
1 1 1               1 1 1 * 1 
1 9 1 1 1     1 1 1 1 1 1     
1 1 1 1                       

===============================
RIGHT -- 6 14 7 14 LYING_COL 0
========= CURRENT MAP =========

                      1 1 1 1 
  1 1 1 1 1 1 1 3 1 1 1 1 1 1 
  1 1 1 1               1 1 1 
  1 1 4 1                     
  1 1 1 1                     
      1 1 1 5 1 1 1 1 1 1     
                    1 1 1 1 * 
1 1 1               1 1 1 1 * 
1 9 1 1 1 1 1 1 1 1 1 1 1     
1 1 1 1                       

===============================
LEFT -- 6 13 7 13 LYING_COL 0
========= CURRENT MAP =========

                      1 1 1 1 
  1 1 1 1 1 1 1 3 1 1 1 1 1 1 
  1 1 1 1               1 1 1 
  1 1 4 1                     
  1 1 1 1                     
      1 1 1 5 1 1 1 1 1 1     
                    1 1 1 * 3 
1 1 1               1 1 1 * 1 
1 9 1 1 1 1 1 1 1 1 1 1 1     
1 1 1 1                       

===============================
LEFT -- 6 12 7 12 LYING_COL 0
========= CURRENT MAP =========

                      1 1 1 1 
  1 1 1 1 1 1 1 3 1 1 1 1 1 1 
  1 1 1 1               1 1 1 
  1 1 4 1                     
  1 1 1 1                     
      1 1 1 5 1 1 1 1 1 1     
                    1 1 * 1 3 
1 1 1               1 1 * 1 1 
1 9 1 1 1 1 1 1 1 1 1 1 1     
1 1 1 1                       

===============================
LEFT -- 6 11 7 11 LYING_COL 0
========= CURRENT MAP =========

                      1 1 1 1 
  1 1 1 1 1 1 1 3 1 1 1 1 1 1 
  1 1 1 1               1 1 1 
  1 1 4 1                     
  1 1 1 1                     
      1 1 1 5 1 1 1 1 1 1     
                    1 * 1 1 3 
1 1 1               1 * 1 1 1 
1 9 1 1 1 1 1 1 1 1 1 1 1     
1 1 1 1                       

===============================
LEFT -- 6 10 7 10 LYING_COL 0
========= CURRENT MAP =========

                      1 1 1 1 
  1 1 1 1 1 1 1 3 1 1 1 1 1 1 
  1 1 1 1               1 1 1 
  1 1 4 1                     
  1 1 1 1                     
      1 1 1 5 1 1 1 1 1 1     
                    * 1 1 1 3 
1 1 1               * 1 1 1 1 
1 9 1 1 1 1 1 1 1 1 1 1 1     
1 1 1 1                       

===============================
DOWN -- 8 10 8 10 STANDING 0
========= CURRENT MAP =========

                      1 1 1 1 
  1 1 1 1 1 1 1 3 1 1 1 1 1 1 
  1 1 1 1               1 1 1 
  1 1 4 1                     
  1 1 1 1                     
      1 1 1 5 1 1 1 1 1 1     
                    1 1 1 1 3 
1 1 1               1 1 1 1 1 
1 9 1 1 1 1 1 1 1 1 * 1 1     
1 1 1 1                       

===============================
LEFT -- 8 8 8 9 LYING_ROW 0
========= CURRENT MAP =========

                      1 1 1 1 
  1 1 1 1 1 1 1 3 1 1 1 1 1 1 
  1 1 1 1               1 1 1 
  1 1 4 1                     
  1 1 1 1                     
      1 1 1 5 1 1 1 1 1 1     
                    1 1 1 1 3 
1 1 1               1 1 1 1 1 
1 9 1 1 1 1 1 1 * * 1 1 1     
1 1 1 1                       

===============================
LEFT -- 8 7 8 7 STANDING 0
========= CURRENT MAP =========

                      1 1 1 1 
  1 1 1 1 1 1 1 3 1 1 1 1 1 1 
  1 1 1 1               1 1 1 
  1 1 4 1                     
  1 1 1 1                     
      1 1 1 5 1 1 1 1 1 1     
                    1 1 1 1 3 
1 1 1               1 1 1 1 1 
1 9 1 1 1 1 1 * 1 1 1 1 1     
1 1 1 1                       

===============================
LEFT -- 8 5 8 6 LYING_ROW 0
========= CURRENT MAP =========

                      1 1 1 1 
  1 1 1 1 1 1 1 3 1 1 1 1 1 1 
  1 1 1 1               1 1 1 
  1 1 4 1                     
  1 1 1 1                     
      1 1 1 5 1 1 1 1 1 1     
                    1 1 1 1 3 
1 1 1               1 1 1 1 1 
1 9 1 1 1 * * 1 1 1 1 1 1     
1 1 1 1                       

===============================
LEFT -- 8 4 8 4 STANDING 0
========= CURRENT MAP =========

                      1 1 1 1 
  1 1 1 1 1 1 1 3 1 1 1 1 1 1 
  1 1 1 1               1 1 1 
  1 1 4 1                     
  1 1 1 1                     
      1 1 1 5 1 1 1 1 1 1     
                    1 1 1 1 3 
1 1 1               1 1 1 1 1 
1 9 1 1 * 1 1 1 1 1 1 1 1     
1 1 1 1                       

===============================
LEFT -- 8 2 8 3 LYING_ROW 0
========= CURRENT MAP =========

                      1 1 1 1 
  1 1 1 1 1 1 1 3 1 1 1 1 1 1 
  1 1 1 1               1 1 1 
  1 1 4 1                     
  1 1 1 1                     
      1 1 1 5 1 1 1 1 1 1     
                    1 1 1 1 3 
1 1 1               1 1 1 1 1 
1 9 * * 1 1 1 1 1 1 1 1 1     
1 1 1 1                       

===============================
LEFT -- 8 1 8 1 STANDING 0
========= CURRENT MAP =========

                      1 1 1 1 
  1 1 1 1 1 1 1 3 1 1 1 1 1 1 
  1 1 1 1               1 1 1 
  1 1 4 1                     
  1 1 1 1                     
      1 1 1 5 1 1 1 1 1 1     
                    1 1 1 1 3 
1 1 1               1 1 1 1 1 
1 * 1 1 1 1 1 1 1 1 1 1 1     
1 1 1 1                       

===============================

=========== STAT 05 ============
STATUS: SUCCESS
PROCESS TIME: 0:00:00.246887
PROCESS MEMORY: 2441216
REAL STEP: 34
VIRTUAL STEP: 3493
===============================

PRESS KEY: LLLLRLLLLDRDDRRRRDRRRRLLLLDLLLLLL

