TIMEOUT at algIdx 2 , idx 8
NONE, retry and maybe replace with DFS
Retry 08 -> None
Retry 08 -> None -> Change algorithm to DFS
Retry 08 -> None -> Change algorithm to DFS -> Success
START -- 4 1 4 1 STANDING 0
========= CURRENT MAP =========

                  1 1 1       
                  1 1 1       
                  1 1 1       
1 1 1 1 1 1       1 1 1 1 1 1 
1 * 1 1 8 1       1 1 1 1 9 1 
1 1 1 1 1 1       1 1 1 1 1 1 
                  1 1 1       
                  1 1 1       
                  1 1 1       

===============================
RIGHT -- 4 2 4 3 LYING_ROW 0
========= CURRENT MAP =========

                  1 1 1       
                  1 1 1       
                  1 1 1       
1 1 1 1 1 1       1 1 1 1 1 1 
1 1 * * 8 1       1 1 1 1 9 1 
1 1 1 1 1 1       1 1 1 1 1 1 
                  1 1 1       
                  1 1 1       
                  1 1 1       

===============================
RIGHT, WAIT -- 1 10 7 10 SPLIT 1
========= CURRENT MAP =========

                  1 1 1       
                  1 * 1       
                  1 1 1       
1 1 1 1 1 1       1 1 1 1 1 1 
1 1 1 1 8 1       1 1 1 1 9 1 
1 1 1 1 1 1       1 1 1 1 1 1 
                  1 1 1       
                  1 * 1       
                  1 1 1       

===============================
SPACE, DOWN -- 1 10 8 10 SPLIT 2
========= CURRENT MAP =========

                  1 1 1       
                  1 * 1       
                  1 1 1       
1 1 1 1 1 1       1 1 1 1 1 1 
1 1 1 1 8 1       1 1 1 1 9 1 
1 1 1 1 1 1       1 1 1 1 1 1 
                  1 1 1       
                  1 1 1       
                  1 * 1       

===============================
RIGHT -- 1 10 8 11 SPLIT 2
========= CURRENT MAP =========

                  1 1 1       
                  1 * 1       
                  1 1 1       
1 1 1 1 1 1       1 1 1 1 1 1 
1 1 1 1 8 1       1 1 1 1 9 1 
1 1 1 1 1 1       1 1 1 1 1 1 
                  1 1 1       
                  1 1 1       
                  1 1 *       

===============================
UP -- 1 10 7 11 SPLIT 2
========= CURRENT MAP =========

                  1 1 1       
                  1 * 1       
                  1 1 1       
1 1 1 1 1 1       1 1 1 1 1 1 
1 1 1 1 8 1       1 1 1 1 9 1 
1 1 1 1 1 1       1 1 1 1 1 1 
                  1 1 1       
                  1 1 *       
                  1 1 1       

===============================
UP -- 1 10 6 11 SPLIT 2
========= CURRENT MAP =========

                  1 1 1       
                  1 * 1       
                  1 1 1       
1 1 1 1 1 1       1 1 1 1 1 1 
1 1 1 1 8 1       1 1 1 1 9 1 
1 1 1 1 1 1       1 1 1 1 1 1 
                  1 1 *       
                  1 1 1       
                  1 1 1       

===============================
UP -- 1 10 5 11 SPLIT 2
========= CURRENT MAP =========

                  1 1 1       
                  1 * 1       
                  1 1 1       
1 1 1 1 1 1       1 1 1 1 1 1 
1 1 1 1 8 1       1 1 1 1 9 1 
1 1 1 1 1 1       1 1 * 1 1 1 
                  1 1 1       
                  1 1 1       
                  1 1 1       

===============================
UP -- 1 10 4 11 SPLIT 2
========= CURRENT MAP =========

                  1 1 1       
                  1 * 1       
                  1 1 1       
1 1 1 1 1 1       1 1 1 1 1 1 
1 1 1 1 8 1       1 1 * 1 9 1 
1 1 1 1 1 1       1 1 1 1 1 1 
                  1 1 1       
                  1 1 1       
                  1 1 1       

===============================
UP -- 1 10 3 11 SPLIT 2
========= CURRENT MAP =========

                  1 1 1       
                  1 * 1       
                  1 1 1       
1 1 1 1 1 1       1 1 * 1 1 1 
1 1 1 1 8 1       1 1 1 1 9 1 
1 1 1 1 1 1       1 1 1 1 1 1 
                  1 1 1       
                  1 1 1       
                  1 1 1       

===============================
UP -- 1 10 2 11 SPLIT 2
========= CURRENT MAP =========

                  1 1 1       
                  1 * 1       
                  1 1 *       
1 1 1 1 1 1       1 1 1 1 1 1 
1 1 1 1 8 1       1 1 1 1 9 1 
1 1 1 1 1 1       1 1 1 1 1 1 
                  1 1 1       
                  1 1 1       
                  1 1 1       

===============================
UP -- 1 10 1 11 LYING_ROW 2
========= CURRENT MAP =========

                  1 1 1       
                  1 * *       
                  1 1 1       
1 1 1 1 1 1       1 1 1 1 1 1 
1 1 1 1 8 1       1 1 1 1 9 1 
1 1 1 1 1 1       1 1 1 1 1 1 
                  1 1 1       
                  1 1 1       
                  1 1 1       

===============================
DOWN -- 2 10 2 11 LYING_ROW 0
========= CURRENT MAP =========

                  1 1 1       
                  1 1 1       
                  1 * *       
1 1 1 1 1 1       1 1 1 1 1 1 
1 1 1 1 8 1       1 1 1 1 9 1 
1 1 1 1 1 1       1 1 1 1 1 1 
                  1 1 1       
                  1 1 1       
                  1 1 1       

===============================
DOWN -- 3 10 3 11 LYING_ROW 0
========= CURRENT MAP =========

                  1 1 1       
                  1 1 1       
                  1 1 1       
1 1 1 1 1 1       1 * * 1 1 1 
1 1 1 1 8 1       1 1 1 1 9 1 
1 1 1 1 1 1       1 1 1 1 1 1 
                  1 1 1       
                  1 1 1       
                  1 1 1       

===============================
DOWN -- 4 10 4 11 LYING_ROW 0
========= CURRENT MAP =========

                  1 1 1       
                  1 1 1       
                  1 1 1       
1 1 1 1 1 1       1 1 1 1 1 1 
1 1 1 1 8 1       1 * * 1 9 1 
1 1 1 1 1 1       1 1 1 1 1 1 
                  1 1 1       
                  1 1 1       
                  1 1 1       

===============================
DOWN -- 5 10 5 11 LYING_ROW 0
========= CURRENT MAP =========

                  1 1 1       
                  1 1 1       
                  1 1 1       
1 1 1 1 1 1       1 1 1 1 1 1 
1 1 1 1 8 1       1 1 1 1 9 1 
1 1 1 1 1 1       1 * * 1 1 1 
                  1 1 1       
                  1 1 1       
                  1 1 1       

===============================
DOWN -- 6 10 6 11 LYING_ROW 0
========= CURRENT MAP =========

                  1 1 1       
                  1 1 1       
                  1 1 1       
1 1 1 1 1 1       1 1 1 1 1 1 
1 1 1 1 8 1       1 1 1 1 9 1 
1 1 1 1 1 1       1 1 1 1 1 1 
                  1 * *       
                  1 1 1       
                  1 1 1       

===============================
DOWN -- 7 10 7 11 LYING_ROW 0
========= CURRENT MAP =========

                  1 1 1       
                  1 1 1       
                  1 1 1       
1 1 1 1 1 1       1 1 1 1 1 1 
1 1 1 1 8 1       1 1 1 1 9 1 
1 1 1 1 1 1       1 1 1 1 1 1 
                  1 1 1       
                  1 * *       
                  1 1 1       

===============================
DOWN -- 8 10 8 11 LYING_ROW 0
========= CURRENT MAP =========

                  1 1 1       
                  1 1 1       
                  1 1 1       
1 1 1 1 1 1       1 1 1 1 1 1 
1 1 1 1 8 1       1 1 1 1 9 1 
1 1 1 1 1 1       1 1 1 1 1 1 
                  1 1 1       
                  1 1 1       
                  1 * *       

===============================
LEFT -- 8 9 8 9 STANDING 0
========= CURRENT MAP =========

                  1 1 1       
                  1 1 1       
                  1 1 1       
1 1 1 1 1 1       1 1 1 1 1 1 
1 1 1 1 8 1       1 1 1 1 9 1 
1 1 1 1 1 1       1 1 1 1 1 1 
                  1 1 1       
                  1 1 1       
                  * 1 1       

===============================
UP -- 6 9 7 9 LYING_COL 0
========= CURRENT MAP =========

                  1 1 1       
                  1 1 1       
                  1 1 1       
1 1 1 1 1 1       1 1 1 1 1 1 
1 1 1 1 8 1       1 1 1 1 9 1 
1 1 1 1 1 1       1 1 1 1 1 1 
                  * 1 1       
                  * 1 1       
                  1 1 1       

===============================
UP -- 5 9 5 9 STANDING 0
========= CURRENT MAP =========

                  1 1 1       
                  1 1 1       
                  1 1 1       
1 1 1 1 1 1       1 1 1 1 1 1 
1 1 1 1 8 1       1 1 1 1 9 1 
1 1 1 1 1 1       * 1 1 1 1 1 
                  1 1 1       
                  1 1 1       
                  1 1 1       

===============================
UP -- 3 9 4 9 LYING_COL 0
========= CURRENT MAP =========

                  1 1 1       
                  1 1 1       
                  1 1 1       
1 1 1 1 1 1       * 1 1 1 1 1 
1 1 1 1 8 1       * 1 1 1 9 1 
1 1 1 1 1 1       1 1 1 1 1 1 
                  1 1 1       
                  1 1 1       
                  1 1 1       

===============================
UP -- 2 9 2 9 STANDING 0
========= CURRENT MAP =========

                  1 1 1       
                  1 1 1       
                  * 1 1       
1 1 1 1 1 1       1 1 1 1 1 1 
1 1 1 1 8 1       1 1 1 1 9 1 
1 1 1 1 1 1       1 1 1 1 1 1 
                  1 1 1       
                  1 1 1       
                  1 1 1       

===============================
UP -- 0 9 1 9 LYING_COL 0
========= CURRENT MAP =========

                  * 1 1       
                  * 1 1       
                  1 1 1       
1 1 1 1 1 1       1 1 1 1 1 1 
1 1 1 1 8 1       1 1 1 1 9 1 
1 1 1 1 1 1       1 1 1 1 1 1 
                  1 1 1       
                  1 1 1       
                  1 1 1       

===============================
RIGHT -- 0 10 1 10 LYING_COL 0
========= CURRENT MAP =========

                  1 * 1       
                  1 * 1       
                  1 1 1       
1 1 1 1 1 1       1 1 1 1 1 1 
1 1 1 1 8 1       1 1 1 1 9 1 
1 1 1 1 1 1       1 1 1 1 1 1 
                  1 1 1       
                  1 1 1       
                  1 1 1       

===============================
DOWN -- 2 10 2 10 STANDING 0
========= CURRENT MAP =========

                  1 1 1       
                  1 1 1       
                  1 * 1       
1 1 1 1 1 1       1 1 1 1 1 1 
1 1 1 1 8 1       1 1 1 1 9 1 
1 1 1 1 1 1       1 1 1 1 1 1 
                  1 1 1       
                  1 1 1       
                  1 1 1       

===============================
DOWN -- 3 10 4 10 LYING_COL 0
========= CURRENT MAP =========

                  1 1 1       
                  1 1 1       
                  1 1 1       
1 1 1 1 1 1       1 * 1 1 1 1 
1 1 1 1 8 1       1 * 1 1 9 1 
1 1 1 1 1 1       1 1 1 1 1 1 
                  1 1 1       
                  1 1 1       
                  1 1 1       

===============================
DOWN -- 5 10 5 10 STANDING 0
========= CURRENT MAP =========

                  1 1 1       
                  1 1 1       
                  1 1 1       
1 1 1 1 1 1       1 1 1 1 1 1 
1 1 1 1 8 1       1 1 1 1 9 1 
1 1 1 1 1 1       1 * 1 1 1 1 
                  1 1 1       
                  1 1 1       
                  1 1 1       

===============================
DOWN -- 6 10 7 10 LYING_COL 0
========= CURRENT MAP =========

                  1 1 1       
                  1 1 1       
                  1 1 1       
1 1 1 1 1 1       1 1 1 1 1 1 
1 1 1 1 8 1       1 1 1 1 9 1 
1 1 1 1 1 1       1 1 1 1 1 1 
                  1 * 1       
                  1 * 1       
                  1 1 1       

===============================
RIGHT -- 6 11 7 11 LYING_COL 0
========= CURRENT MAP =========

                  1 1 1       
                  1 1 1       
                  1 1 1       
1 1 1 1 1 1       1 1 1 1 1 1 
1 1 1 1 8 1       1 1 1 1 9 1 
1 1 1 1 1 1       1 1 1 1 1 1 
                  1 1 *       
                  1 1 *       
                  1 1 1       

===============================
DOWN -- 8 11 8 11 STANDING 0
========= CURRENT MAP =========

                  1 1 1       
                  1 1 1       
                  1 1 1       
1 1 1 1 1 1       1 1 1 1 1 1 
1 1 1 1 8 1       1 1 1 1 9 1 
1 1 1 1 1 1       1 1 1 1 1 1 
                  1 1 1       
                  1 1 1       
                  1 1 *       

===============================
LEFT -- 8 9 8 10 LYING_ROW 0
========= CURRENT MAP =========

                  1 1 1       
                  1 1 1       
                  1 1 1       
1 1 1 1 1 1       1 1 1 1 1 1 
1 1 1 1 8 1       1 1 1 1 9 1 
1 1 1 1 1 1       1 1 1 1 1 1 
                  1 1 1       
                  1 1 1       
                  * * 1       

===============================
UP -- 7 9 7 10 LYING_ROW 0
========= CURRENT MAP =========

                  1 1 1       
                  1 1 1       
                  1 1 1       
1 1 1 1 1 1       1 1 1 1 1 1 
1 1 1 1 8 1       1 1 1 1 9 1 
1 1 1 1 1 1       1 1 1 1 1 1 
                  1 1 1       
                  * * 1       
                  1 1 1       

===============================
UP -- 6 9 6 10 LYING_ROW 0
========= CURRENT MAP =========

                  1 1 1       
                  1 1 1       
                  1 1 1       
1 1 1 1 1 1       1 1 1 1 1 1 
1 1 1 1 8 1       1 1 1 1 9 1 
1 1 1 1 1 1       1 1 1 1 1 1 
                  * * 1       
                  1 1 1       
                  1 1 1       

===============================
UP -- 5 9 5 10 LYING_ROW 0
========= CURRENT MAP =========

                  1 1 1       
                  1 1 1       
                  1 1 1       
1 1 1 1 1 1       1 1 1 1 1 1 
1 1 1 1 8 1       1 1 1 1 9 1 
1 1 1 1 1 1       * * 1 1 1 1 
                  1 1 1       
                  1 1 1       
                  1 1 1       

===============================
UP -- 4 9 4 10 LYING_ROW 0
========= CURRENT MAP =========

                  1 1 1       
                  1 1 1       
                  1 1 1       
1 1 1 1 1 1       1 1 1 1 1 1 
1 1 1 1 8 1       * * 1 1 9 1 
1 1 1 1 1 1       1 1 1 1 1 1 
                  1 1 1       
                  1 1 1       
                  1 1 1       

===============================
UP -- 3 9 3 10 LYING_ROW 0
========= CURRENT MAP =========

                  1 1 1       
                  1 1 1       
                  1 1 1       
1 1 1 1 1 1       * * 1 1 1 1 
1 1 1 1 8 1       1 1 1 1 9 1 
1 1 1 1 1 1       1 1 1 1 1 1 
                  1 1 1       
                  1 1 1       
                  1 1 1       

===============================
UP -- 2 9 2 10 LYING_ROW 0
========= CURRENT MAP =========

                  1 1 1       
                  1 1 1       
                  * * 1       
1 1 1 1 1 1       1 1 1 1 1 1 
1 1 1 1 8 1       1 1 1 1 9 1 
1 1 1 1 1 1       1 1 1 1 1 1 
                  1 1 1       
                  1 1 1       
                  1 1 1       

===============================
UP -- 1 9 1 10 LYING_ROW 0
========= CURRENT MAP =========

                  1 1 1       
                  * * 1       
                  1 1 1       
1 1 1 1 1 1       1 1 1 1 1 1 
1 1 1 1 8 1       1 1 1 1 9 1 
1 1 1 1 1 1       1 1 1 1 1 1 
                  1 1 1       
                  1 1 1       
                  1 1 1       

===============================
UP -- 0 9 0 10 LYING_ROW 0
========= CURRENT MAP =========

                  * * 1       
                  1 1 1       
                  1 1 1       
1 1 1 1 1 1       1 1 1 1 1 1 
1 1 1 1 8 1       1 1 1 1 9 1 
1 1 1 1 1 1       1 1 1 1 1 1 
                  1 1 1       
                  1 1 1       
                  1 1 1       

===============================
RIGHT -- 0 11 0 11 STANDING 0
========= CURRENT MAP =========

                  1 1 *       
                  1 1 1       
                  1 1 1       
1 1 1 1 1 1       1 1 1 1 1 1 
1 1 1 1 8 1       1 1 1 1 9 1 
1 1 1 1 1 1       1 1 1 1 1 1 
                  1 1 1       
                  1 1 1       
                  1 1 1       

===============================
DOWN -- 1 11 2 11 LYING_COL 0
========= CURRENT MAP =========

                  1 1 1       
                  1 1 *       
                  1 1 *       
1 1 1 1 1 1       1 1 1 1 1 1 
1 1 1 1 8 1       1 1 1 1 9 1 
1 1 1 1 1 1       1 1 1 1 1 1 
                  1 1 1       
                  1 1 1       
                  1 1 1       

===============================
DOWN -- 3 11 3 11 STANDING 0
========= CURRENT MAP =========

                  1 1 1       
                  1 1 1       
                  1 1 1       
1 1 1 1 1 1       1 1 * 1 1 1 
1 1 1 1 8 1       1 1 1 1 9 1 
1 1 1 1 1 1       1 1 1 1 1 1 
                  1 1 1       
                  1 1 1       
                  1 1 1       

===============================
DOWN -- 4 11 5 11 LYING_COL 0
========= CURRENT MAP =========

                  1 1 1       
                  1 1 1       
                  1 1 1       
1 1 1 1 1 1       1 1 1 1 1 1 
1 1 1 1 8 1       1 1 * 1 9 1 
1 1 1 1 1 1       1 1 * 1 1 1 
                  1 1 1       
                  1 1 1       
                  1 1 1       

===============================
DOWN -- 6 11 6 11 STANDING 0
========= CURRENT MAP =========

                  1 1 1       
                  1 1 1       
                  1 1 1       
1 1 1 1 1 1       1 1 1 1 1 1 
1 1 1 1 8 1       1 1 1 1 9 1 
1 1 1 1 1 1       1 1 1 1 1 1 
                  1 1 *       
                  1 1 1       
                  1 1 1       

===============================
DOWN -- 7 11 8 11 LYING_COL 0
========= CURRENT MAP =========

                  1 1 1       
                  1 1 1       
                  1 1 1       
1 1 1 1 1 1       1 1 1 1 1 1 
1 1 1 1 8 1       1 1 1 1 9 1 
1 1 1 1 1 1       1 1 1 1 1 1 
                  1 1 1       
                  1 1 *       
                  1 1 *       

===============================
LEFT -- 7 10 8 10 LYING_COL 0
========= CURRENT MAP =========

                  1 1 1       
                  1 1 1       
                  1 1 1       
1 1 1 1 1 1       1 1 1 1 1 1 
1 1 1 1 8 1       1 1 1 1 9 1 
1 1 1 1 1 1       1 1 1 1 1 1 
                  1 1 1       
                  1 * 1       
                  1 * 1       

===============================
UP -- 6 10 6 10 STANDING 0
========= CURRENT MAP =========

                  1 1 1       
                  1 1 1       
                  1 1 1       
1 1 1 1 1 1       1 1 1 1 1 1 
1 1 1 1 8 1       1 1 1 1 9 1 
1 1 1 1 1 1       1 1 1 1 1 1 
                  1 * 1       
                  1 1 1       
                  1 1 1       

===============================
UP -- 4 10 5 10 LYING_COL 0
========= CURRENT MAP =========

                  1 1 1       
                  1 1 1       
                  1 1 1       
1 1 1 1 1 1       1 1 1 1 1 1 
1 1 1 1 8 1       1 * 1 1 9 1 
1 1 1 1 1 1       1 * 1 1 1 1 
                  1 1 1       
                  1 1 1       
                  1 1 1       

===============================
UP -- 3 10 3 10 STANDING 0
========= CURRENT MAP =========

                  1 1 1       
                  1 1 1       
                  1 1 1       
1 1 1 1 1 1       1 * 1 1 1 1 
1 1 1 1 8 1       1 1 1 1 9 1 
1 1 1 1 1 1       1 1 1 1 1 1 
                  1 1 1       
                  1 1 1       
                  1 1 1       

===============================
RIGHT -- 3 11 3 12 LYING_ROW 0
========= CURRENT MAP =========

                  1 1 1       
                  1 1 1       
                  1 1 1       
1 1 1 1 1 1       1 1 * * 1 1 
1 1 1 1 8 1       1 1 1 1 9 1 
1 1 1 1 1 1       1 1 1 1 1 1 
                  1 1 1       
                  1 1 1       
                  1 1 1       

===============================
DOWN -- 4 11 4 12 LYING_ROW 0
========= CURRENT MAP =========

                  1 1 1       
                  1 1 1       
                  1 1 1       
1 1 1 1 1 1       1 1 1 1 1 1 
1 1 1 1 8 1       1 1 * * 9 1 
1 1 1 1 1 1       1 1 1 1 1 1 
                  1 1 1       
                  1 1 1       
                  1 1 1       

===============================
RIGHT -- 4 13 4 13 STANDING 0
========= CURRENT MAP =========

                  1 1 1       
                  1 1 1       
                  1 1 1       
1 1 1 1 1 1       1 1 1 1 1 1 
1 1 1 1 8 1       1 1 1 1 * 1 
1 1 1 1 1 1       1 1 1 1 1 1 
                  1 1 1       
                  1 1 1       
                  1 1 1       

===============================

=========== STAT 08 ============
STATUS: SUCCESS
PROCESS TIME: 0:00:00.036544
PROCESS MEMORY: 589824
REAL STEP: 54
VIRTUAL STEP: 681
===============================

PRESS KEY: RRw-DRUUUUUUUDDDDDDDLUUUUURDDDDRDLUUUUUUUURDDDDDLUUURDR

