START -- 3 1 3 1 STANDING 0
========= CURRENT MAP =========

                1 1           
              1 1 1           
1 1     1 1 1 1 1 1           
1 * 1 1 1 1     1             
1 1 1 1         1       1 1 1 
  1 1           6 1 1 1 1 9 1 
    1           6 1     1 1 1 
    1 1 1       1 1           
      1 1 1     1 1           
        1 1 1 1 1 1           

===============================
RIGHT -- 3 2 3 3 LYING_ROW 0
========= CURRENT MAP =========

                1 1           
              1 1 1           
1 1     1 1 1 1 1 1           
1 1 * * 1 1     1             
1 1 1 1         1       1 1 1 
  1 1           6 1 1 1 1 9 1 
    1           6 1     1 1 1 
    1 1 1       1 1           
      1 1 1     1 1           
        1 1 1 1 1 1           

===============================
DOWN -- 4 2 4 3 LYING_ROW 0
========= CURRENT MAP =========

                1 1           
              1 1 1           
1 1     1 1 1 1 1 1           
1 1 1 1 1 1     1             
1 1 * *         1       1 1 1 
  1 1           6 1 1 1 1 9 1 
    1           6 1     1 1 1 
    1 1 1       1 1           
      1 1 1     1 1           
        1 1 1 1 1 1           

===============================
LEFT -- 4 1 4 1 STANDING 0
========= CURRENT MAP =========

                1 1           
              1 1 1           
1 1     1 1 1 1 1 1           
1 1 1 1 1 1     1             
1 * 1 1         1       1 1 1 
  1 1           6 1 1 1 1 9 1 
    1           6 1     1 1 1 
    1 1 1       1 1           
      1 1 1     1 1           
        1 1 1 1 1 1           

===============================
UP -- 2 1 3 1 LYING_COL 0
========= CURRENT MAP =========

                1 1           
              1 1 1           
1 *     1 1 1 1 1 1           
1 * 1 1 1 1     1             
1 1 1 1         1       1 1 1 
  1 1           6 1 1 1 1 9 1 
    1           6 1     1 1 1 
    1 1 1       1 1           
      1 1 1     1 1           
        1 1 1 1 1 1           

===============================
LEFT -- 2 0 3 0 LYING_COL 0
========= CURRENT MAP =========

                1 1           
              1 1 1           
* 1     1 1 1 1 1 1           
* 1 1 1 1 1     1             
1 1 1 1         1       1 1 1 
  1 1           6 1 1 1 1 9 1 
    1           6 1     1 1 1 
    1 1 1       1 1           
      1 1 1     1 1           
        1 1 1 1 1 1           

===============================
DOWN -- 4 0 4 0 STANDING 0
========= CURRENT MAP =========

                1 1           
              1 1 1           
1 1     1 1 1 1 1 1           
1 1 1 1 1 1     1             
* 1 1 1         1       1 1 1 
  1 1           6 1 1 1 1 9 1 
    1           6 1     1 1 1 
    1 1 1       1 1           
      1 1 1     1 1           
        1 1 1 1 1 1           

===============================
RIGHT -- 4 1 4 2 LYING_ROW 0
========= CURRENT MAP =========

                1 1           
              1 1 1           
1 1     1 1 1 1 1 1           
1 1 1 1 1 1     1             
1 * * 1         1       1 1 1 
  1 1           6 1 1 1 1 9 1 
    1           6 1     1 1 1 
    1 1 1       1 1           
      1 1 1     1 1           
        1 1 1 1 1 1           

===============================
UP -- 3 1 3 2 LYING_ROW 0
========= CURRENT MAP =========

                1 1           
              1 1 1           
1 1     1 1 1 1 1 1           
1 * * 1 1 1     1             
1 1 1 1         1       1 1 1 
  1 1           6 1 1 1 1 9 1 
    1           6 1     1 1 1 
    1 1 1       1 1           
      1 1 1     1 1           
        1 1 1 1 1 1           

===============================
RIGHT -- 3 3 3 3 STANDING 0
========= CURRENT MAP =========

                1 1           
              1 1 1           
1 1     1 1 1 1 1 1           
1 1 1 * 1 1     1             
1 1 1 1         1       1 1 1 
  1 1           6 1 1 1 1 9 1 
    1           6 1     1 1 1 
    1 1 1       1 1           
      1 1 1     1 1           
        1 1 1 1 1 1           

===============================
RIGHT -- 3 4 3 5 LYING_ROW 0
========= CURRENT MAP =========

                1 1           
              1 1 1           
1 1     1 1 1 1 1 1           
1 1 1 1 * *     1             
1 1 1 1         1       1 1 1 
  1 1           6 1 1 1 1 9 1 
    1           6 1     1 1 1 
    1 1 1       1 1           
      1 1 1     1 1           
        1 1 1 1 1 1           

===============================
UP -- 2 4 2 5 LYING_ROW 0
========= CURRENT MAP =========

                1 1           
              1 1 1           
1 1     * * 1 1 1 1           
1 1 1 1 1 1     1             
1 1 1 1         1       1 1 1 
  1 1           6 1 1 1 1 9 1 
    1           6 1     1 1 1 
    1 1 1       1 1           
      1 1 1     1 1           
        1 1 1 1 1 1           

===============================
RIGHT -- 2 6 2 6 STANDING 0
========= CURRENT MAP =========

                1 1           
              1 1 1           
1 1     1 1 * 1 1 1           
1 1 1 1 1 1     1             
1 1 1 1         1       1 1 1 
  1 1           6 1 1 1 1 9 1 
    1           6 1     1 1 1 
    1 1 1       1 1           
      1 1 1     1 1           
        1 1 1 1 1 1           

===============================
RIGHT -- 2 7 2 8 LYING_ROW 0
========= CURRENT MAP =========

                1 1           
              1 1 1           
1 1     1 1 1 * * 1           
1 1 1 1 1 1     1             
1 1 1 1         1       1 1 1 
  1 1           6 1 1 1 1 9 1 
    1           6 1     1 1 1 
    1 1 1       1 1           
      1 1 1     1 1           
        1 1 1 1 1 1           

===============================
RIGHT -- 2 9 2 9 STANDING 0
========= CURRENT MAP =========

                1 1           
              1 1 1           
1 1     1 1 1 1 1 *           
1 1 1 1 1 1     1             
1 1 1 1         1       1 1 1 
  1 1           6 1 1 1 1 9 1 
    1           6 1     1 1 1 
    1 1 1       1 1           
      1 1 1     1 1           
        1 1 1 1 1 1           

===============================
UP -- 0 9 1 9 LYING_COL 0
========= CURRENT MAP =========

                1 *           
              1 1 *           
1 1     1 1 1 1 1 1           
1 1 1 1 1 1     1             
1 1 1 1         1       1 1 1 
  1 1           6 1 1 1 1 9 1 
    1           6 1     1 1 1 
    1 1 1       1 1           
      1 1 1     1 1           
        1 1 1 1 1 1           

===============================
LEFT -- 0 8 1 8 LYING_COL 0
========= CURRENT MAP =========

                * 1           
              1 * 1           
1 1     1 1 1 1 1 1           
1 1 1 1 1 1     1             
1 1 1 1         1       1 1 1 
  1 1           6 1 1 1 1 9 1 
    1           6 1     1 1 1 
    1 1 1       1 1           
      1 1 1     1 1           
        1 1 1 1 1 1           

===============================
DOWN -- 2 8 2 8 STANDING 0
========= CURRENT MAP =========

                1 1           
              1 1 1           
1 1     1 1 1 1 * 1           
1 1 1 1 1 1     1             
1 1 1 1         1       1 1 1 
  1 1           6 1 1 1 1 9 1 
    1           6 1     1 1 1 
    1 1 1       1 1           
      1 1 1     1 1           
        1 1 1 1 1 1           

===============================
DOWN -- 3 8 4 8 LYING_COL 0
========= CURRENT MAP =========

                1 1           
              1 1 1           
1 1     1 1 1 1 1 1           
1 1 1 1 1 1     *             
1 1 1 1         *       1 1 1 
  1 1           6 1 1 1 1 9 1 
    1           6 1     1 1 1 
    1 1 1       1 1           
      1 1 1     1 1           
        1 1 1 1 1 1           

===============================
DOWN -- 5 8 5 8 STANDING 0
========= CURRENT MAP =========

                1 1           
              1 1 1           
1 1     1 1 1 1 1 1           
1 1 1 1 1 1     1             
1 1 1 1         1       1 1 1 
  1 1           * 1 1 1 1 9 1 
    1           6 1     1 1 1 
    1 1 1       1 1           
      1 1 1     1 1           
      1 1 1 1 1 1 1           

===============================
UP -- 3 8 4 8 LYING_COL 0
========= CURRENT MAP =========

                1 1           
              1 1 1           
1 1     1 1 1 1 1 1           
1 1 1 1 1 1     *             
1 1 1 1         *       1 1 1 
  1 1           6 1 1 1 1 9 1 
    1           6 1     1 1 1 
    1 1 1       1 1           
      1 1 1     1 1           
      1 1 1 1 1 1 1           

===============================
UP -- 2 8 2 8 STANDING 0
========= CURRENT MAP =========

                1 1           
              1 1 1           
1 1     1 1 1 1 * 1           
1 1 1 1 1 1     1             
1 1 1 1         1       1 1 1 
  1 1           6 1 1 1 1 9 1 
    1           6 1     1 1 1 
    1 1 1       1 1           
      1 1 1     1 1           
      1 1 1 1 1 1 1           

===============================
UP -- 0 8 1 8 LYING_COL 0
========= CURRENT MAP =========

                * 1           
              1 * 1           
1 1     1 1 1 1 1 1           
1 1 1 1 1 1     1             
1 1 1 1         1       1 1 1 
  1 1           6 1 1 1 1 9 1 
    1           6 1     1 1 1 
    1 1 1       1 1           
      1 1 1     1 1           
      1 1 1 1 1 1 1           

===============================
RIGHT -- 0 9 1 9 LYING_COL 0
========= CURRENT MAP =========

                1 *           
              1 1 *           
1 1     1 1 1 1 1 1           
1 1 1 1 1 1     1             
1 1 1 1         1       1 1 1 
  1 1           6 1 1 1 1 9 1 
    1           6 1     1 1 1 
    1 1 1       1 1           
      1 1 1     1 1           
      1 1 1 1 1 1 1           

===============================
DOWN -- 2 9 2 9 STANDING 0
========= CURRENT MAP =========

                1 1           
              1 1 1           
1 1     1 1 1 1 1 *           
1 1 1 1 1 1     1             
1 1 1 1         1       1 1 1 
  1 1           6 1 1 1 1 9 1 
    1           6 1     1 1 1 
    1 1 1       1 1           
      1 1 1     1 1           
      1 1 1 1 1 1 1           

===============================
LEFT -- 2 7 2 8 LYING_ROW 0
========= CURRENT MAP =========

                1 1           
              1 1 1           
1 1     1 1 1 * * 1           
1 1 1 1 1 1     1             
1 1 1 1         1       1 1 1 
  1 1           6 1 1 1 1 9 1 
    1           6 1     1 1 1 
    1 1 1       1 1           
      1 1 1     1 1           
      1 1 1 1 1 1 1           

===============================
LEFT -- 2 6 2 6 STANDING 0
========= CURRENT MAP =========

                1 1           
              1 1 1           
1 1     1 1 * 1 1 1           
1 1 1 1 1 1     1             
1 1 1 1         1       1 1 1 
  1 1           6 1 1 1 1 9 1 
    1           6 1     1 1 1 
    1 1 1       1 1           
      1 1 1     1 1           
      1 1 1 1 1 1 1           

===============================
LEFT -- 2 4 2 5 LYING_ROW 0
========= CURRENT MAP =========

                1 1           
              1 1 1           
1 1     * * 1 1 1 1           
1 1 1 1 1 1     1             
1 1 1 1         1       1 1 1 
  1 1           6 1 1 1 1 9 1 
    1           6 1     1 1 1 
    1 1 1       1 1           
      1 1 1     1 1           
      1 1 1 1 1 1 1           

===============================
DOWN -- 3 4 3 5 LYING_ROW 0
========= CURRENT MAP =========

                1 1           
              1 1 1           
1 1     1 1 1 1 1 1           
1 1 1 1 * *     1             
1 1 1 1         1       1 1 1 
  1 1           6 1 1 1 1 9 1 
    1           6 1     1 1 1 
    1 1 1       1 1           
      1 1 1     1 1           
      1 1 1 1 1 1 1           

===============================
LEFT -- 3 3 3 3 STANDING 0
========= CURRENT MAP =========

                1 1           
              1 1 1           
1 1     1 1 1 1 1 1           
1 1 1 * 1 1     1             
1 1 1 1         1       1 1 1 
  1 1           6 1 1 1 1 9 1 
    1           6 1     1 1 1 
    1 1 1       1 1           
      1 1 1     1 1           
      1 1 1 1 1 1 1           

===============================
LEFT -- 3 1 3 2 LYING_ROW 0
========= CURRENT MAP =========

                1 1           
              1 1 1           
1 1     1 1 1 1 1 1           
1 * * 1 1 1     1             
1 1 1 1         1       1 1 1 
  1 1           6 1 1 1 1 9 1 
    1           6 1     1 1 1 
    1 1 1       1 1           
      1 1 1     1 1           
      1 1 1 1 1 1 1           

===============================
DOWN -- 4 1 4 2 LYING_ROW 0
========= CURRENT MAP =========

                1 1           
              1 1 1           
1 1     1 1 1 1 1 1           
1 1 1 1 1 1     1             
1 * * 1         1       1 1 1 
  1 1           6 1 1 1 1 9 1 
    1           6 1     1 1 1 
    1 1 1       1 1           
      1 1 1     1 1           
      1 1 1 1 1 1 1           

===============================
LEFT -- 4 0 4 0 STANDING 0
========= CURRENT MAP =========

                1 1           
              1 1 1           
1 1     1 1 1 1 1 1           
1 1 1 1 1 1     1             
* 1 1 1         1       1 1 1 
  1 1           6 1 1 1 1 9 1 
    1           6 1     1 1 1 
    1 1 1       1 1           
      1 1 1     1 1           
      1 1 1 1 1 1 1           

===============================
UP -- 2 0 3 0 LYING_COL 0
========= CURRENT MAP =========

                1 1           
              1 1 1           
* 1     1 1 1 1 1 1           
* 1 1 1 1 1     1             
1 1 1 1         1       1 1 1 
  1 1           6 1 1 1 1 9 1 
    1           6 1     1 1 1 
    1 1 1       1 1           
      1 1 1     1 1           
      1 1 1 1 1 1 1           

===============================
RIGHT -- 2 1 3 1 LYING_COL 0
========= CURRENT MAP =========

                1 1           
              1 1 1           
1 *     1 1 1 1 1 1           
1 * 1 1 1 1     1             
1 1 1 1         1       1 1 1 
  1 1           6 1 1 1 1 9 1 
    1           6 1     1 1 1 
    1 1 1       1 1           
      1 1 1     1 1           
      1 1 1 1 1 1 1           

===============================
DOWN -- 4 1 4 1 STANDING 0
========= CURRENT MAP =========

                1 1           
              1 1 1           
1 1     1 1 1 1 1 1           
1 1 1 1 1 1     1             
1 * 1 1         1       1 1 1 
  1 1           6 1 1 1 1 9 1 
    1           6 1     1 1 1 
    1 1 1       1 1           
      1 1 1     1 1           
      1 1 1 1 1 1 1           

===============================
RIGHT -- 4 2 4 3 LYING_ROW 0
========= CURRENT MAP =========

                1 1           
              1 1 1           
1 1     1 1 1 1 1 1           
1 1 1 1 1 1     1             
1 1 * *         1       1 1 1 
  1 1           6 1 1 1 1 9 1 
    1           6 1     1 1 1 
    1 1 1       1 1           
      1 1 1     1 1           
      1 1 1 1 1 1 1           

===============================
UP -- 3 2 3 3 LYING_ROW 0
========= CURRENT MAP =========

                1 1           
              1 1 1           
1 1     1 1 1 1 1 1           
1 1 * * 1 1     1             
1 1 1 1         1       1 1 1 
  1 1           6 1 1 1 1 9 1 
    1           6 1     1 1 1 
    1 1 1       1 1           
      1 1 1     1 1           
      1 1 1 1 1 1 1           

===============================
LEFT -- 3 1 3 1 STANDING 0
========= CURRENT MAP =========

                1 1           
              1 1 1           
1 1     1 1 1 1 1 1           
1 * 1 1 1 1     1             
1 1 1 1         1       1 1 1 
  1 1           6 1 1 1 1 9 1 
    1           6 1     1 1 1 
    1 1 1       1 1           
      1 1 1     1 1           
      1 1 1 1 1 1 1           

===============================
DOWN -- 4 1 5 1 LYING_COL 0
========= CURRENT MAP =========

                1 1           
              1 1 1           
1 1     1 1 1 1 1 1           
1 1 1 1 1 1     1             
1 * 1 1         1       1 1 1 
  * 1           6 1 1 1 1 9 1 
    1           6 1     1 1 1 
    1 1 1       1 1           
      1 1 1     1 1           
      1 1 1 1 1 1 1           

===============================
RIGHT -- 4 2 5 2 LYING_COL 0
========= CURRENT MAP =========

                1 1           
              1 1 1           
1 1     1 1 1 1 1 1           
1 1 1 1 1 1     1             
1 1 * 1         1       1 1 1 
  1 *           6 1 1 1 1 9 1 
    1           6 1     1 1 1 
    1 1 1       1 1           
      1 1 1     1 1           
      1 1 1 1 1 1 1           

===============================
UP -- 3 2 3 2 STANDING 0
========= CURRENT MAP =========

                1 1           
              1 1 1           
1 1     1 1 1 1 1 1           
1 1 * 1 1 1     1             
1 1 1 1         1       1 1 1 
  1 1           6 1 1 1 1 9 1 
    1           6 1     1 1 1 
    1 1 1       1 1           
      1 1 1     1 1           
      1 1 1 1 1 1 1           

===============================
LEFT -- 3 0 3 1 LYING_ROW 0
========= CURRENT MAP =========

                1 1           
              1 1 1           
1 1     1 1 1 1 1 1           
* * 1 1 1 1     1             
1 1 1 1         1       1 1 1 
  1 1           6 1 1 1 1 9 1 
    1           6 1     1 1 1 
    1 1 1       1 1           
      1 1 1     1 1           
      1 1 1 1 1 1 1           

===============================
DOWN -- 4 0 4 1 LYING_ROW 0
========= CURRENT MAP =========

                1 1           
              1 1 1           
1 1     1 1 1 1 1 1           
1 1 1 1 1 1     1             
* * 1 1         1       1 1 1 
  1 1           6 1 1 1 1 9 1 
    1           6 1     1 1 1 
    1 1 1       1 1           
      1 1 1     1 1           
      1 1 1 1 1 1 1           

===============================
RIGHT -- 4 2 4 2 STANDING 0
========= CURRENT MAP =========

                1 1           
              1 1 1           
1 1     1 1 1 1 1 1           
1 1 1 1 1 1     1             
1 1 * 1         1       1 1 1 
  1 1           6 1 1 1 1 9 1 
    1           6 1     1 1 1 
    1 1 1       1 1           
      1 1 1     1 1           
      1 1 1 1 1 1 1           

===============================
DOWN -- 5 2 6 2 LYING_COL 0
========= CURRENT MAP =========

                1 1           
              1 1 1           
1 1     1 1 1 1 1 1           
1 1 1 1 1 1     1             
1 1 1 1         1       1 1 1 
  1 *           6 1 1 1 1 9 1 
    *           6 1     1 1 1 
    1 1 1       1 1           
      1 1 1     1 1           
      1 1 1 1 1 1 1           

===============================
DOWN -- 7 2 7 2 STANDING 0
========= CURRENT MAP =========

                1 1           
              1 1 1           
1 1     1 1 1 1 1 1           
1 1 1 1 1 1     1             
1 1 1 1         1       1 1 1 
  1 1           6 1 1 1 1 9 1 
    1           6 1     1 1 1 
    * 1 1       1 1           
      1 1 1     1 1           
      1 1 1 1 1 1 1           

===============================
RIGHT -- 7 3 7 4 LYING_ROW 0
========= CURRENT MAP =========

                1 1           
              1 1 1           
1 1     1 1 1 1 1 1           
1 1 1 1 1 1     1             
1 1 1 1         1       1 1 1 
  1 1           6 1 1 1 1 9 1 
    1           6 1     1 1 1 
    1 * *       1 1           
      1 1 1     1 1           
      1 1 1 1 1 1 1           

===============================
DOWN -- 8 3 8 4 LYING_ROW 0
========= CURRENT MAP =========

                1 1           
              1 1 1           
1 1     1 1 1 1 1 1           
1 1 1 1 1 1     1             
1 1 1 1         1       1 1 1 
  1 1           6 1 1 1 1 9 1 
    1           6 1     1 1 1 
    1 1 1       1 1           
      * * 1     1 1           
      1 1 1 1 1 1 1           

===============================
DOWN -- 9 3 9 4 LYING_ROW 0
========= CURRENT MAP =========

                1 1           
              1 1 1           
1 1     1 1 1 1 1 1           
1 1 1 1 1 1     1             
1 1 1 1         1       1 1 1 
  1 1           6 1 1 1 1 9 1 
    1           6 1     1 1 1 
    1 1 1       1 1           
      1 1 1     1 1           
      * * 1 1 1 1 1           

===============================
RIGHT -- 9 5 9 5 STANDING 0
========= CURRENT MAP =========

                1 1           
              1 1 1           
1 1     1 1 1 1 1 1           
1 1 1 1 1 1     1             
1 1 1 1         1       1 1 1 
  1 1           6 1 1 1 1 9 1 
    1           6 1     1 1 1 
    1 1 1       1 1           
      1 1 1     1 1           
      1 1 * 1 1 1 1           

===============================
RIGHT -- 9 6 9 7 LYING_ROW 0
========= CURRENT MAP =========

                1 1           
              1 1 1           
1 1     1 1 1 1 1 1           
1 1 1 1 1 1     1             
1 1 1 1         1       1 1 1 
  1 1           6 1 1 1 1 9 1 
    1           6 1     1 1 1 
    1 1 1       1 1           
      1 1 1     1 1           
      1 1 1 * * 1 1           

===============================
RIGHT -- 9 8 9 8 STANDING 0
========= CURRENT MAP =========

                1 1           
              1 1 1           
1 1     1 1 1 1 1 1           
1 1 1 1 1 1     1             
1 1 1 1         1       1 1 1 
  1 1           6 1 1 1 1 9 1 
    1           6 1     1 1 1 
    1 1 1       1 1           
      1 1 1     1 1           
      1 1 1 1 1 * 1           

===============================
UP -- 7 8 8 8 LYING_COL 0
========= CURRENT MAP =========

                1 1           
              1 1 1           
1 1     1 1 1 1 1 1           
1 1 1 1 1 1     1             
1 1 1 1         1       1 1 1 
  1 1           6 1 1 1 1 9 1 
    1           6 1     1 1 1 
    1 1 1       * 1           
      1 1 1     * 1           
      1 1 1 1 1 1 1           

===============================
UP -- 6 8 6 8 STANDING 0
========= CURRENT MAP =========

                1 1           
              1 1 1           
1 1     1 1 1 1 1 1           
1 1 1 1 1 1     1             
1 1 1 1         1       1 1 1 
  1 1           6 1 1 1 1 9 1 
    1           * 1     1 1 1 
    1 1 1 1     1 1           
      1 1 1     1 1           
      1 1 1 1 1 1 1           

===============================
DOWN -- 7 8 8 8 LYING_COL 0
========= CURRENT MAP =========

                1 1           
              1 1 1           
1 1     1 1 1 1 1 1           
1 1 1 1 1 1     1             
1 1 1 1         1       1 1 1 
  1 1           6 1 1 1 1 9 1 
    1           6 1     1 1 1 
    1 1 1 1     * 1           
      1 1 1     * 1           
      1 1 1 1 1 1 1           

===============================
DOWN -- 9 8 9 8 STANDING 0
========= CURRENT MAP =========

                1 1           
              1 1 1           
1 1     1 1 1 1 1 1           
1 1 1 1 1 1     1             
1 1 1 1         1       1 1 1 
  1 1           6 1 1 1 1 9 1 
    1           6 1     1 1 1 
    1 1 1 1     1 1           
      1 1 1     1 1           
      1 1 1 1 1 * 1           

===============================
LEFT -- 9 6 9 7 LYING_ROW 0
========= CURRENT MAP =========

                1 1           
              1 1 1           
1 1     1 1 1 1 1 1           
1 1 1 1 1 1     1             
1 1 1 1         1       1 1 1 
  1 1           6 1 1 1 1 9 1 
    1           6 1     1 1 1 
    1 1 1 1     1 1           
      1 1 1     1 1           
      1 1 1 * * 1 1           

===============================
LEFT -- 9 5 9 5 STANDING 0
========= CURRENT MAP =========

                1 1           
              1 1 1           
1 1     1 1 1 1 1 1           
1 1 1 1 1 1     1             
1 1 1 1         1       1 1 1 
  1 1           6 1 1 1 1 9 1 
    1           6 1     1 1 1 
    1 1 1 1     1 1           
      1 1 1     1 1           
      1 1 * 1 1 1 1           

===============================
UP -- 7 5 8 5 LYING_COL 0
========= CURRENT MAP =========

                1 1           
              1 1 1           
1 1     1 1 1 1 1 1           
1 1 1 1 1 1     1             
1 1 1 1         1       1 1 1 
  1 1           6 1 1 1 1 9 1 
    1           6 1     1 1 1 
    1 1 1 *     1 1           
      1 1 *     1 1           
      1 1 1 1 1 1 1           

===============================
LEFT -- 7 4 8 4 LYING_COL 0
========= CURRENT MAP =========

                1 1           
              1 1 1           
1 1     1 1 1 1 1 1           
1 1 1 1 1 1     1             
1 1 1 1         1       1 1 1 
  1 1           6 1 1 1 1 9 1 
    1           6 1     1 1 1 
    1 1 * 1     1 1           
      1 * 1     1 1           
      1 1 1 1 1 1 1           

===============================
DOWN -- 9 4 9 4 STANDING 0
========= CURRENT MAP =========

                1 1           
              1 1 1           
1 1     1 1 1 1 1 1           
1 1 1 1 1 1     1             
1 1 1 1         1       1 1 1 
  1 1           6 1 1 1 1 9 1 
    1           6 1     1 1 1 
    1 1 1 1     1 1           
      1 1 1     1 1           
      1 * 1 1 1 1 1           

===============================
RIGHT -- 9 5 9 6 LYING_ROW 0
========= CURRENT MAP =========

                1 1           
              1 1 1           
1 1     1 1 1 1 1 1           
1 1 1 1 1 1     1             
1 1 1 1         1       1 1 1 
  1 1           6 1 1 1 1 9 1 
    1           6 1     1 1 1 
    1 1 1 1     1 1           
      1 1 1     1 1           
      1 1 * * 1 1 1           

===============================
RIGHT -- 9 7 9 7 STANDING 0
========= CURRENT MAP =========

                1 1           
              1 1 1           
1 1     1 1 1 1 1 1           
1 1 1 1 1 1     1             
1 1 1 1         1       1 1 1 
  1 1           6 1 1 1 1 9 1 
    1           6 1     1 1 1 
    1 1 1 1     1 1           
      1 1 1     1 1           
      1 1 1 1 * 1 1           

===============================
RIGHT -- 9 8 9 9 LYING_ROW 0
========= CURRENT MAP =========

                1 1           
              1 1 1           
1 1     1 1 1 1 1 1           
1 1 1 1 1 1     1             
1 1 1 1         1       1 1 1 
  1 1           6 1 1 1 1 9 1 
    1           6 1     1 1 1 
    1 1 1 1     1 1           
      1 1 1     1 1           
      1 1 1 1 1 * *           

===============================
UP -- 8 8 8 9 LYING_ROW 0
========= CURRENT MAP =========

                1 1           
              1 1 1           
1 1     1 1 1 1 1 1           
1 1 1 1 1 1     1             
1 1 1 1         1       1 1 1 
  1 1           6 1 1 1 1 9 1 
    1           6 1     1 1 1 
    1 1 1 1     1 1           
      1 1 1     * *           
      1 1 1 1 1 1 1           

===============================
UP -- 7 8 7 9 LYING_ROW 0
========= CURRENT MAP =========

                1 1           
              1 1 1           
1 1     1 1 1 1 1 1           
1 1 1 1 1 1     1             
1 1 1 1         1       1 1 1 
  1 1           6 1 1 1 1 9 1 
    1           6 1     1 1 1 
    1 1 1 1     * *           
      1 1 1     1 1           
      1 1 1 1 1 1 1           

===============================
UP -- 6 8 6 9 LYING_ROW 0
========= CURRENT MAP =========

                1 1           
              1 1 1           
1 1     1 1 1 1 1 1           
1 1 1 1 1 1     1             
1 1 1 1         1       1 1 1 
  1 1           6 1 1 1 1 9 1 
    1           * *     1 1 1 
    1 1 1 1     1 1           
      1 1 1     1 1           
      1 1 1 1 1 1 1           

===============================
UP -- 5 8 5 9 LYING_ROW 0
========= CURRENT MAP =========

                1 1           
              1 1 1           
1 1     1 1 1 1 1 1           
1 1 1 1 1 1     1             
1 1 1 1         1       1 1 1 
  1 1           * * 1 1 1 9 1 
    1           6 1     1 1 1 
    1 1 1 1     1 1           
      1 1 1     1 1           
      1 1 1 1 1 1 1           

===============================
RIGHT -- 5 10 5 10 STANDING 0
========= CURRENT MAP =========

                1 1           
              1 1 1           
1 1     1 1 1 1 1 1           
1 1 1 1 1 1     1             
1 1 1 1         1       1 1 1 
  1 1           6 1 * 1 1 9 1 
    1           6 1     1 1 1 
    1 1 1 1     1 1           
      1 1 1     1 1           
      1 1 1 1 1 1 1           

===============================
RIGHT -- 5 11 5 12 LYING_ROW 0
========= CURRENT MAP =========

                1 1           
              1 1 1           
1 1     1 1 1 1 1 1           
1 1 1 1 1 1     1             
1 1 1 1         1       1 1 1 
  1 1           6 1 1 * * 9 1 
    1           6 1     1 1 1 
    1 1 1 1     1 1           
      1 1 1     1 1           
      1 1 1 1 1 1 1           

===============================
RIGHT -- 5 13 5 13 STANDING 0
========= CURRENT MAP =========

                1 1           
              1 1 1           
1 1     1 1 1 1 1 1           
1 1 1 1 1 1     1             
1 1 1 1         1       1 1 1 
  1 1           6 1 1 1 1 * 1 
    1           6 1     1 1 1 
    1 1 1 1     1 1           
      1 1 1     1 1           
      1 1 1 1 1 1 1           

===============================

=========== STAT 21 ============
STATUS: SUCCESS
PROCESS TIME: 0:00:00.073110
PROCESS MEMORY: 835584
REAL STEP: 72
VIRTUAL STEP: 1241
===============================

PRESS KEY: RDLULDRURRURRRULDDDUUURDLLLDLLDLURDRULDRULDRDDRDDRRRUUDDLLULDRRRUUUURRR

