TIMEOUT at algIdx 2 , idx 9
NONE, retry and maybe replace with DFS
Retry 09 -> None
Retry 09 -> None -> Change algorithm to DFS
Retry 09 -> None -> Change algorithm to DFS -> Success
START -- 1 1 1 1 STANDING 0
========= CURRENT MAP =========

1 1 1 1       1       1 1 1 1 
1 * 1 1       1       1 1 8 1 
1 1 1 1 1 1 1 1 1 1 1 1 1 1 1 
            1 9 1             
            1 1 1             

===============================
RIGHT -- 1 2 1 3 LYING_ROW 0
========= CURRENT MAP =========

1 1 1 1       1       1 1 1 1 
1 1 * *       1       1 1 8 1 
1 1 1 1 1 1 1 1 1 1 1 1 1 1 1 
            1 9 1             
            1 1 1             

===============================
DOWN -- 2 2 2 3 LYING_ROW 0
========= CURRENT MAP =========

1 1 1 1       1       1 1 1 1 
1 1 1 1       1       1 1 8 1 
1 1 * * 1 1 1 1 1 1 1 1 1 1 1 
            1 9 1             
            1 1 1             

===============================
RIGHT -- 2 4 2 4 STANDING 0
========= CURRENT MAP =========

1 1 1 1       1       1 1 1 1 
1 1 1 1       1       1 1 8 1 
1 1 1 1 * 1 1 1 1 1 1 1 1 1 1 
            1 9 1             
            1 1 1             

===============================
RIGHT -- 2 5 2 6 LYING_ROW 0
========= CURRENT MAP =========

1 1 1 1       1       1 1 1 1 
1 1 1 1       1       1 1 8 1 
1 1 1 1 1 * * 1 1 1 1 1 1 1 1 
            1 9 1             
            1 1 1             

===============================
RIGHT -- 2 7 2 7 STANDING 0
========= CURRENT MAP =========

1 1 1 1       1       1 1 1 1 
1 1 1 1       1       1 1 8 1 
1 1 1 1 1 1 1 * 1 1 1 1 1 1 1 
            1 9 1             
            1 1 1             

===============================
DOWN -- 3 7 4 7 LYING_COL 0
========= CURRENT MAP =========

1 1 1 1       1       1 1 1 1 
1 1 1 1       1       1 1 8 1 
1 1 1 1 1 1 1 1 1 1 1 1 1 1 1 
            1 * 1             
            1 * 1             

===============================
RIGHT -- 3 8 4 8 LYING_COL 0
========= CURRENT MAP =========

1 1 1 1       1       1 1 1 1 
1 1 1 1       1       1 1 8 1 
1 1 1 1 1 1 1 1 1 1 1 1 1 1 1 
            1 9 *             
            1 1 *             

===============================
UP -- 2 8 2 8 STANDING 0
========= CURRENT MAP =========

1 1 1 1       1       1 1 1 1 
1 1 1 1       1       1 1 8 1 
1 1 1 1 1 1 1 1 * 1 1 1 1 1 1 
            1 9 1             
            1 1 1             

===============================
RIGHT -- 2 9 2 10 LYING_ROW 0
========= CURRENT MAP =========

1 1 1 1       1       1 1 1 1 
1 1 1 1       1       1 1 8 1 
1 1 1 1 1 1 1 1 1 * * 1 1 1 1 
            1 9 1             
            1 1 1             

===============================
RIGHT -- 2 11 2 11 STANDING 0
========= CURRENT MAP =========

1 1 1 1       1       1 1 1 1 
1 1 1 1       1       1 1 8 1 
1 1 1 1 1 1 1 1 1 1 1 * 1 1 1 
            1 9 1             
            1 1 1             

===============================
UP -- 0 11 1 11 LYING_COL 0
========= CURRENT MAP =========

1 1 1 1       1       * 1 1 1 
1 1 1 1       1       * 1 8 1 
1 1 1 1 1 1 1 1 1 1 1 1 1 1 1 
            1 9 1             
            1 1 1             

===============================
RIGHT -- 0 12 1 12 LYING_COL 0
========= CURRENT MAP =========

1 1 1 1       1       1 * 1 1 
1 1 1 1       1       1 * 8 1 
1 1 1 1 1 1 1 1 1 1 1 1 1 1 1 
            1 9 1             
            1 1 1             

===============================
DOWN -- 2 12 2 12 STANDING 0
========= CURRENT MAP =========

1 1 1 1       1       1 1 1 1 
1 1 1 1       1       1 1 8 1 
1 1 1 1 1 1 1 1 1 1 1 1 * 1 1 
            1 9 1             
            1 1 1             

===============================
RIGHT -- 2 13 2 14 LYING_ROW 0
========= CURRENT MAP =========

1 1 1 1       1       1 1 1 1 
1 1 1 1       1       1 1 8 1 
1 1 1 1 1 1 1 1 1 1 1 1 1 * * 
            1 9 1             
            1 1 1             

===============================
UP -- 1 13 1 14 LYING_ROW 0
========= CURRENT MAP =========

1 1 1 1       1       1 1 1 1 
1 1 1 1       1       1 1 * * 
1 1 1 1 1 1 1 1 1 1 1 1 1 1 1 
            1 9 1             
            1 1 1             

===============================
UP -- 0 13 0 14 LYING_ROW 0
========= CURRENT MAP =========

1 1 1 1       1       1 1 * * 
1 1 1 1       1       1 1 8 1 
1 1 1 1 1 1 1 1 1 1 1 1 1 1 1 
            1 9 1             
            1 1 1             

===============================
LEFT -- 0 12 0 12 STANDING 0
========= CURRENT MAP =========

1 1 1 1       1       1 * 1 1 
1 1 1 1       1       1 1 8 1 
1 1 1 1 1 1 1 1 1 1 1 1 1 1 1 
            1 9 1             
            1 1 1             

===============================
DOWN -- 1 12 2 12 LYING_COL 0
========= CURRENT MAP =========

1 1 1 1       1       1 1 1 1 
1 1 1 1       1       1 * 8 1 
1 1 1 1 1 1 1 1 1 1 1 1 * 1 1 
            1 9 1             
            1 1 1             

===============================
RIGHT -- 1 13 2 13 LYING_COL 0
========= CURRENT MAP =========

1 1 1 1       1       1 1 1 1 
1 1 1 1       1       1 1 * 1 
1 1 1 1 1 1 1 1 1 1 1 1 1 * 1 
            1 9 1             
            1 1 1             

===============================
UP -- 0 13 0 13 STANDING 0
========= CURRENT MAP =========

1 1 1 1       1       1 1 * 1 
1 1 1 1       1       1 1 8 1 
1 1 1 1 1 1 1 1 1 1 1 1 1 1 1 
            1 9 1             
            1 1 1             

===============================
LEFT -- 0 11 0 12 LYING_ROW 0
========= CURRENT MAP =========

1 1 1 1       1       * * 1 1 
1 1 1 1       1       1 1 8 1 
1 1 1 1 1 1 1 1 1 1 1 1 1 1 1 
            1 9 1             
            1 1 1             

===============================
DOWN -- 1 11 1 12 LYING_ROW 0
========= CURRENT MAP =========

1 1 1 1       1       1 1 1 1 
1 1 1 1       1       * * 8 1 
1 1 1 1 1 1 1 1 1 1 1 1 1 1 1 
            1 9 1             
            1 1 1             

===============================
RIGHT, WAIT -- 1 2 1 12 SPLIT 2
========= CURRENT MAP =========

1 1 1 1       1       1 1 1 1 
1 1 * 1       1       1 * 8 1 
1 1 1 1 1 1 1 1 1 1 1 1 1 1 1 
            1 9 1             
            1 1 1             

===============================
DOWN -- 1 2 2 12 SPLIT 2
========= CURRENT MAP =========

1 1 1 1       1       1 1 1 1 
1 1 * 1       1       1 1 8 1 
1 1 1 1 1 1 1 1 1 1 1 1 * 1 1 
            1 9 1             
            1 1 1             

===============================
RIGHT -- 1 2 2 13 SPLIT 2
========= CURRENT MAP =========

1 1 1 1       1       1 1 1 1 
1 1 * 1       1       1 1 8 1 
1 1 1 1 1 1 1 1 1 1 1 1 1 * 1 
            1 9 1             
            1 1 1             

===============================
UP -- 1 2 1 13 SPLIT 2
========= CURRENT MAP =========

1 1 1 1       1       1 1 1 1 
1 1 * 1       1       1 1 * 1 
1 1 1 1 1 1 1 1 1 1 1 1 1 1 1 
            1 9 1             
            1 1 1             

===============================
UP -- 1 2 0 13 SPLIT 2
========= CURRENT MAP =========

1 1 1 1       1       1 1 * 1 
1 1 * 1       1       1 1 8 1 
1 1 1 1 1 1 1 1 1 1 1 1 1 1 1 
            1 9 1             
            1 1 1             

===============================
RIGHT -- 1 2 0 14 SPLIT 2
========= CURRENT MAP =========

1 1 1 1       1       1 1 1 * 
1 1 * 1       1       1 1 8 1 
1 1 1 1 1 1 1 1 1 1 1 1 1 1 1 
            1 9 1             
            1 1 1             

===============================
DOWN -- 1 2 1 14 SPLIT 2
========= CURRENT MAP =========

1 1 1 1       1       1 1 1 1 
1 1 * 1       1       1 1 8 * 
1 1 1 1 1 1 1 1 1 1 1 1 1 1 1 
            1 9 1             
            1 1 1             

===============================
DOWN -- 1 2 2 14 SPLIT 2
========= CURRENT MAP =========

1 1 1 1       1       1 1 1 1 
1 1 * 1       1       1 1 8 1 
1 1 1 1 1 1 1 1 1 1 1 1 1 1 * 
            1 9 1             
            1 1 1             

===============================
SPACE, DOWN -- 2 2 2 14 SPLIT 1
========= CURRENT MAP =========

1 1 1 1       1       1 1 1 1 
1 1 1 1       1       1 1 8 1 
1 1 * 1 1 1 1 1 1 1 1 1 1 1 * 
            1 9 1             
            1 1 1             

===============================
SPACE, UP -- 2 2 1 14 SPLIT 2
========= CURRENT MAP =========

1 1 1 1       1       1 1 1 1 
1 1 1 1       1       1 1 8 * 
1 1 * 1 1 1 1 1 1 1 1 1 1 1 1 
            1 9 1             
            1 1 1             

===============================
UP -- 2 2 0 14 SPLIT 2
========= CURRENT MAP =========

1 1 1 1       1       1 1 1 * 
1 1 1 1       1       1 1 8 1 
1 1 * 1 1 1 1 1 1 1 1 1 1 1 1 
            1 9 1             
            1 1 1             

===============================
LEFT -- 2 2 0 13 SPLIT 2
========= CURRENT MAP =========

1 1 1 1       1       1 1 * 1 
1 1 1 1       1       1 1 8 1 
1 1 * 1 1 1 1 1 1 1 1 1 1 1 1 
            1 9 1             
            1 1 1             

===============================
DOWN -- 2 2 1 13 SPLIT 2
========= CURRENT MAP =========

1 1 1 1       1       1 1 1 1 
1 1 1 1       1       1 1 * 1 
1 1 * 1 1 1 1 1 1 1 1 1 1 1 1 
            1 9 1             
            1 1 1             

===============================
DOWN -- 2 2 2 13 SPLIT 2
========= CURRENT MAP =========

1 1 1 1       1       1 1 1 1 
1 1 1 1       1       1 1 8 1 
1 1 * 1 1 1 1 1 1 1 1 1 1 * 1 
            1 9 1             
            1 1 1             

===============================
LEFT -- 2 2 2 12 SPLIT 2
========= CURRENT MAP =========

1 1 1 1       1       1 1 1 1 
1 1 1 1       1       1 1 8 1 
1 1 * 1 1 1 1 1 1 1 1 1 * 1 1 
            1 9 1             
            1 1 1             

===============================
UP -- 2 2 1 12 SPLIT 2
========= CURRENT MAP =========

1 1 1 1       1       1 1 1 1 
1 1 1 1       1       1 * 8 1 
1 1 * 1 1 1 1 1 1 1 1 1 1 1 1 
            1 9 1             
            1 1 1             

===============================
UP -- 2 2 0 12 SPLIT 2
========= CURRENT MAP =========

1 1 1 1       1       1 * 1 1 
1 1 1 1       1       1 1 8 1 
1 1 * 1 1 1 1 1 1 1 1 1 1 1 1 
            1 9 1             
            1 1 1             

===============================
LEFT -- 2 2 0 11 SPLIT 2
========= CURRENT MAP =========

1 1 1 1       1       * 1 1 1 
1 1 1 1       1       1 1 8 1 
1 1 * 1 1 1 1 1 1 1 1 1 1 1 1 
            1 9 1             
            1 1 1             

===============================
DOWN -- 2 2 1 11 SPLIT 2
========= CURRENT MAP =========

1 1 1 1       1       1 1 1 1 
1 1 1 1       1       * 1 8 1 
1 1 * 1 1 1 1 1 1 1 1 1 1 1 1 
            1 9 1             
            1 1 1             

===============================
DOWN -- 2 2 2 11 SPLIT 2
========= CURRENT MAP =========

1 1 1 1       1       1 1 1 1 
1 1 1 1       1       1 1 8 1 
1 1 * 1 1 1 1 1 1 1 1 * 1 1 1 
            1 9 1             
            1 1 1             

===============================
LEFT -- 2 2 2 10 SPLIT 2
========= CURRENT MAP =========

1 1 1 1       1       1 1 1 1 
1 1 1 1       1       1 1 8 1 
1 1 * 1 1 1 1 1 1 1 * 1 1 1 1 
            1 9 1             
            1 1 1             

===============================
LEFT -- 2 2 2 9 SPLIT 2
========= CURRENT MAP =========

1 1 1 1       1       1 1 1 1 
1 1 1 1       1       1 1 8 1 
1 1 * 1 1 1 1 1 1 * 1 1 1 1 1 
            1 9 1             
            1 1 1             

===============================
LEFT -- 2 2 2 8 SPLIT 2
========= CURRENT MAP =========

1 1 1 1       1       1 1 1 1 
1 1 1 1       1       1 1 8 1 
1 1 * 1 1 1 1 1 * 1 1 1 1 1 1 
            1 9 1             
            1 1 1             

===============================
DOWN -- 2 2 3 8 SPLIT 2
========= CURRENT MAP =========

1 1 1 1       1       1 1 1 1 
1 1 1 1       1       1 1 8 1 
1 1 * 1 1 1 1 1 1 1 1 1 1 1 1 
            1 9 *             
            1 1 1             

===============================
DOWN -- 2 2 4 8 SPLIT 2
========= CURRENT MAP =========

1 1 1 1       1       1 1 1 1 
1 1 1 1       1       1 1 8 1 
1 1 * 1 1 1 1 1 1 1 1 1 1 1 1 
            1 9 1             
            1 1 *             

===============================
LEFT -- 2 2 4 7 SPLIT 2
========= CURRENT MAP =========

1 1 1 1       1       1 1 1 1 
1 1 1 1       1       1 1 8 1 
1 1 * 1 1 1 1 1 1 1 1 1 1 1 1 
            1 9 1             
            1 * 1             

===============================
UP -- 2 2 3 7 SPLIT 2
========= CURRENT MAP =========

1 1 1 1       1       1 1 1 1 
1 1 1 1       1       1 1 8 1 
1 1 * 1 1 1 1 1 1 1 1 1 1 1 1 
            1 * 1             
            1 1 1             

===============================
UP -- 2 2 2 7 SPLIT 2
========= CURRENT MAP =========

1 1 1 1       1       1 1 1 1 
1 1 1 1       1       1 1 8 1 
1 1 * 1 1 1 1 * 1 1 1 1 1 1 1 
            1 9 1             
            1 1 1             

===============================
UP -- 2 2 1 7 SPLIT 2
========= CURRENT MAP =========

1 1 1 1       1       1 1 1 1 
1 1 1 1       *       1 1 8 1 
1 1 * 1 1 1 1 1 1 1 1 1 1 1 1 
            1 9 1             
            1 1 1             

===============================
UP -- 2 2 0 7 SPLIT 2
========= CURRENT MAP =========

1 1 1 1       *       1 1 1 1 
1 1 1 1       1       1 1 8 1 
1 1 * 1 1 1 1 1 1 1 1 1 1 1 1 
            1 9 1             
            1 1 1             

===============================
SPACE, UP -- 1 2 0 7 SPLIT 1
========= CURRENT MAP =========

1 1 1 1       *       1 1 1 1 
1 1 * 1       1       1 1 8 1 
1 1 1 1 1 1 1 1 1 1 1 1 1 1 1 
            1 9 1             
            1 1 1             

===============================
SPACE, DOWN -- 1 2 1 7 SPLIT 2
========= CURRENT MAP =========

1 1 1 1       1       1 1 1 1 
1 1 * 1       *       1 1 8 1 
1 1 1 1 1 1 1 1 1 1 1 1 1 1 1 
            1 9 1             
            1 1 1             

===============================
DOWN -- 1 2 2 7 SPLIT 2
========= CURRENT MAP =========

1 1 1 1       1       1 1 1 1 
1 1 * 1       1       1 1 8 1 
1 1 1 1 1 1 1 * 1 1 1 1 1 1 1 
            1 9 1             
            1 1 1             

===============================
DOWN -- 1 2 3 7 SPLIT 2
========= CURRENT MAP =========

1 1 1 1       1       1 1 1 1 
1 1 * 1       1       1 1 8 1 
1 1 1 1 1 1 1 1 1 1 1 1 1 1 1 
            1 * 1             
            1 1 1             

===============================
DOWN -- 1 2 4 7 SPLIT 2
========= CURRENT MAP =========

1 1 1 1       1       1 1 1 1 
1 1 * 1       1       1 1 8 1 
1 1 1 1 1 1 1 1 1 1 1 1 1 1 1 
            1 9 1             
            1 * 1             

===============================
RIGHT -- 1 2 4 8 SPLIT 2
========= CURRENT MAP =========

1 1 1 1       1       1 1 1 1 
1 1 * 1       1       1 1 8 1 
1 1 1 1 1 1 1 1 1 1 1 1 1 1 1 
            1 9 1             
            1 1 *             

===============================
UP -- 1 2 3 8 SPLIT 2
========= CURRENT MAP =========

1 1 1 1       1       1 1 1 1 
1 1 * 1       1       1 1 8 1 
1 1 1 1 1 1 1 1 1 1 1 1 1 1 1 
            1 9 *             
            1 1 1             

===============================
UP -- 1 2 2 8 SPLIT 2
========= CURRENT MAP =========

1 1 1 1       1       1 1 1 1 
1 1 * 1       1       1 1 8 1 
1 1 1 1 1 1 1 1 * 1 1 1 1 1 1 
            1 9 1             
            1 1 1             

===============================
RIGHT -- 1 2 2 9 SPLIT 2
========= CURRENT MAP =========

1 1 1 1       1       1 1 1 1 
1 1 * 1       1       1 1 8 1 
1 1 1 1 1 1 1 1 1 * 1 1 1 1 1 
            1 9 1             
            1 1 1             

===============================
RIGHT -- 1 2 2 10 SPLIT 2
========= CURRENT MAP =========

1 1 1 1       1       1 1 1 1 
1 1 * 1       1       1 1 8 1 
1 1 1 1 1 1 1 1 1 1 * 1 1 1 1 
            1 9 1             
            1 1 1             

===============================
RIGHT -- 1 2 2 11 SPLIT 2
========= CURRENT MAP =========

1 1 1 1       1       1 1 1 1 
1 1 * 1       1       1 1 8 1 
1 1 1 1 1 1 1 1 1 1 1 * 1 1 1 
            1 9 1             
            1 1 1             

===============================
UP -- 1 2 1 11 SPLIT 2
========= CURRENT MAP =========

1 1 1 1       1       1 1 1 1 
1 1 * 1       1       * 1 8 1 
1 1 1 1 1 1 1 1 1 1 1 1 1 1 1 
            1 9 1             
            1 1 1             

===============================
UP -- 1 2 0 11 SPLIT 2
========= CURRENT MAP =========

1 1 1 1       1       * 1 1 1 
1 1 * 1       1       1 1 8 1 
1 1 1 1 1 1 1 1 1 1 1 1 1 1 1 
            1 9 1             
            1 1 1             

===============================
RIGHT -- 1 2 0 12 SPLIT 2
========= CURRENT MAP =========

1 1 1 1       1       1 * 1 1 
1 1 * 1       1       1 1 8 1 
1 1 1 1 1 1 1 1 1 1 1 1 1 1 1 
            1 9 1             
            1 1 1             

===============================
SPACE, UP -- 0 2 0 12 SPLIT 1
========= CURRENT MAP =========

1 1 * 1       1       1 * 1 1 
1 1 1 1       1       1 1 8 1 
1 1 1 1 1 1 1 1 1 1 1 1 1 1 1 
            1 9 1             
            1 1 1             

===============================
SPACE, DOWN -- 0 2 1 12 SPLIT 2
========= CURRENT MAP =========

1 1 * 1       1       1 1 1 1 
1 1 1 1       1       1 * 8 1 
1 1 1 1 1 1 1 1 1 1 1 1 1 1 1 
            1 9 1             
            1 1 1             

===============================
DOWN -- 0 2 2 12 SPLIT 2
========= CURRENT MAP =========

1 1 * 1       1       1 1 1 1 
1 1 1 1       1       1 1 8 1 
1 1 1 1 1 1 1 1 1 1 1 1 * 1 1 
            1 9 1             
            1 1 1             

===============================
RIGHT -- 0 2 2 13 SPLIT 2
========= CURRENT MAP =========

1 1 * 1       1       1 1 1 1 
1 1 1 1       1       1 1 8 1 
1 1 1 1 1 1 1 1 1 1 1 1 1 * 1 
            1 9 1             
            1 1 1             

===============================
UP -- 0 2 1 13 SPLIT 2
========= CURRENT MAP =========

1 1 * 1       1       1 1 1 1 
1 1 1 1       1       1 1 * 1 
1 1 1 1 1 1 1 1 1 1 1 1 1 1 1 
            1 9 1             
            1 1 1             

===============================
UP -- 0 2 0 13 SPLIT 2
========= CURRENT MAP =========

1 1 * 1       1       1 1 * 1 
1 1 1 1       1       1 1 8 1 
1 1 1 1 1 1 1 1 1 1 1 1 1 1 1 
            1 9 1             
            1 1 1             

===============================
RIGHT -- 0 2 0 14 SPLIT 2
========= CURRENT MAP =========

1 1 * 1       1       1 1 1 * 
1 1 1 1       1       1 1 8 1 
1 1 1 1 1 1 1 1 1 1 1 1 1 1 1 
            1 9 1             
            1 1 1             

===============================
DOWN -- 0 2 1 14 SPLIT 2
========= CURRENT MAP =========

1 1 * 1       1       1 1 1 1 
1 1 1 1       1       1 1 8 * 
1 1 1 1 1 1 1 1 1 1 1 1 1 1 1 
            1 9 1             
            1 1 1             

===============================
DOWN -- 0 2 2 14 SPLIT 2
========= CURRENT MAP =========

1 1 * 1       1       1 1 1 1 
1 1 1 1       1       1 1 8 1 
1 1 1 1 1 1 1 1 1 1 1 1 1 1 * 
            1 9 1             
            1 1 1             

===============================
SPACE, RIGHT -- 0 3 2 14 SPLIT 1
========= CURRENT MAP =========

1 1 1 *       1       1 1 1 1 
1 1 1 1       1       1 1 8 1 
1 1 1 1 1 1 1 1 1 1 1 1 1 1 * 
            1 9 1             
            1 1 1             

===============================
SPACE, UP -- 0 3 1 14 SPLIT 2
========= CURRENT MAP =========

1 1 1 *       1       1 1 1 1 
1 1 1 1       1       1 1 8 * 
1 1 1 1 1 1 1 1 1 1 1 1 1 1 1 
            1 9 1             
            1 1 1             

===============================
UP -- 0 3 0 14 SPLIT 2
========= CURRENT MAP =========

1 1 1 *       1       1 1 1 * 
1 1 1 1       1       1 1 8 1 
1 1 1 1 1 1 1 1 1 1 1 1 1 1 1 
            1 9 1             
            1 1 1             

===============================
LEFT -- 0 3 0 13 SPLIT 2
========= CURRENT MAP =========

1 1 1 *       1       1 1 * 1 
1 1 1 1       1       1 1 8 1 
1 1 1 1 1 1 1 1 1 1 1 1 1 1 1 
            1 9 1             
            1 1 1             

===============================
DOWN -- 0 3 1 13 SPLIT 2
========= CURRENT MAP =========

1 1 1 *       1       1 1 1 1 
1 1 1 1       1       1 1 * 1 
1 1 1 1 1 1 1 1 1 1 1 1 1 1 1 
            1 9 1             
            1 1 1             

===============================
DOWN -- 0 3 2 13 SPLIT 2
========= CURRENT MAP =========

1 1 1 *       1       1 1 1 1 
1 1 1 1       1       1 1 8 1 
1 1 1 1 1 1 1 1 1 1 1 1 1 * 1 
            1 9 1             
            1 1 1             

===============================
LEFT -- 0 3 2 12 SPLIT 2
========= CURRENT MAP =========

1 1 1 *       1       1 1 1 1 
1 1 1 1       1       1 1 8 1 
1 1 1 1 1 1 1 1 1 1 1 1 * 1 1 
            1 9 1             
            1 1 1             

===============================
UP -- 0 3 1 12 SPLIT 2
========= CURRENT MAP =========

1 1 1 *       1       1 1 1 1 
1 1 1 1       1       1 * 8 1 
1 1 1 1 1 1 1 1 1 1 1 1 1 1 1 
            1 9 1             
            1 1 1             

===============================
UP -- 0 3 0 12 SPLIT 2
========= CURRENT MAP =========

1 1 1 *       1       1 * 1 1 
1 1 1 1       1       1 1 8 1 
1 1 1 1 1 1 1 1 1 1 1 1 1 1 1 
            1 9 1             
            1 1 1             

===============================
LEFT -- 0 3 0 11 SPLIT 2
========= CURRENT MAP =========

1 1 1 *       1       * 1 1 1 
1 1 1 1       1       1 1 8 1 
1 1 1 1 1 1 1 1 1 1 1 1 1 1 1 
            1 9 1             
            1 1 1             

===============================
DOWN -- 0 3 1 11 SPLIT 2
========= CURRENT MAP =========

1 1 1 *       1       1 1 1 1 
1 1 1 1       1       * 1 8 1 
1 1 1 1 1 1 1 1 1 1 1 1 1 1 1 
            1 9 1             
            1 1 1             

===============================
DOWN -- 0 3 2 11 SPLIT 2
========= CURRENT MAP =========

1 1 1 *       1       1 1 1 1 
1 1 1 1       1       1 1 8 1 
1 1 1 1 1 1 1 1 1 1 1 * 1 1 1 
            1 9 1             
            1 1 1             

===============================
LEFT -- 0 3 2 10 SPLIT 2
========= CURRENT MAP =========

1 1 1 *       1       1 1 1 1 
1 1 1 1       1       1 1 8 1 
1 1 1 1 1 1 1 1 1 1 * 1 1 1 1 
            1 9 1             
            1 1 1             

===============================
LEFT -- 0 3 2 9 SPLIT 2
========= CURRENT MAP =========

1 1 1 *       1       1 1 1 1 
1 1 1 1       1       1 1 8 1 
1 1 1 1 1 1 1 1 1 * 1 1 1 1 1 
            1 9 1             
            1 1 1             

===============================
LEFT -- 0 3 2 8 SPLIT 2
========= CURRENT MAP =========

1 1 1 *       1       1 1 1 1 
1 1 1 1       1       1 1 8 1 
1 1 1 1 1 1 1 1 * 1 1 1 1 1 1 
            1 9 1             
            1 1 1             

===============================
DOWN -- 0 3 3 8 SPLIT 2
========= CURRENT MAP =========

1 1 1 *       1       1 1 1 1 
1 1 1 1       1       1 1 8 1 
1 1 1 1 1 1 1 1 1 1 1 1 1 1 1 
            1 9 *             
            1 1 1             

===============================
DOWN -- 0 3 4 8 SPLIT 2
========= CURRENT MAP =========

1 1 1 *       1       1 1 1 1 
1 1 1 1       1       1 1 8 1 
1 1 1 1 1 1 1 1 1 1 1 1 1 1 1 
            1 9 1             
            1 1 *             

===============================
LEFT -- 0 3 4 7 SPLIT 2
========= CURRENT MAP =========

1 1 1 *       1       1 1 1 1 
1 1 1 1       1       1 1 8 1 
1 1 1 1 1 1 1 1 1 1 1 1 1 1 1 
            1 9 1             
            1 * 1             

===============================
UP -- 0 3 3 7 SPLIT 2
========= CURRENT MAP =========

1 1 1 *       1       1 1 1 1 
1 1 1 1       1       1 1 8 1 
1 1 1 1 1 1 1 1 1 1 1 1 1 1 1 
            1 * 1             
            1 1 1             

===============================
UP -- 0 3 2 7 SPLIT 2
========= CURRENT MAP =========

1 1 1 *       1       1 1 1 1 
1 1 1 1       1       1 1 8 1 
1 1 1 1 1 1 1 * 1 1 1 1 1 1 1 
            1 9 1             
            1 1 1             

===============================
UP -- 0 3 1 7 SPLIT 2
========= CURRENT MAP =========

1 1 1 *       1       1 1 1 1 
1 1 1 1       *       1 1 8 1 
1 1 1 1 1 1 1 1 1 1 1 1 1 1 1 
            1 9 1             
            1 1 1             

===============================
UP -- 0 3 0 7 SPLIT 2
========= CURRENT MAP =========

1 1 1 *       *       1 1 1 1 
1 1 1 1       1       1 1 8 1 
1 1 1 1 1 1 1 1 1 1 1 1 1 1 1 
            1 9 1             
            1 1 1             

===============================
SPACE, DOWN -- 1 3 0 7 SPLIT 1
========= CURRENT MAP =========

1 1 1 1       *       1 1 1 1 
1 1 1 *       1       1 1 8 1 
1 1 1 1 1 1 1 1 1 1 1 1 1 1 1 
            1 9 1             
            1 1 1             

===============================
SPACE, DOWN -- 1 3 1 7 SPLIT 2
========= CURRENT MAP =========

1 1 1 1       1       1 1 1 1 
1 1 1 *       *       1 1 8 1 
1 1 1 1 1 1 1 1 1 1 1 1 1 1 1 
            1 9 1             
            1 1 1             

===============================
DOWN -- 1 3 2 7 SPLIT 2
========= CURRENT MAP =========

1 1 1 1       1       1 1 1 1 
1 1 1 *       1       1 1 8 1 
1 1 1 1 1 1 1 * 1 1 1 1 1 1 1 
            1 9 1             
            1 1 1             

===============================
DOWN -- 1 3 3 7 SPLIT 2
========= CURRENT MAP =========

1 1 1 1       1       1 1 1 1 
1 1 1 *       1       1 1 8 1 
1 1 1 1 1 1 1 1 1 1 1 1 1 1 1 
            1 * 1             
            1 1 1             

===============================
DOWN -- 1 3 4 7 SPLIT 2
========= CURRENT MAP =========

1 1 1 1       1       1 1 1 1 
1 1 1 *       1       1 1 8 1 
1 1 1 1 1 1 1 1 1 1 1 1 1 1 1 
            1 9 1             
            1 * 1             

===============================
RIGHT -- 1 3 4 8 SPLIT 2
========= CURRENT MAP =========

1 1 1 1       1       1 1 1 1 
1 1 1 *       1       1 1 8 1 
1 1 1 1 1 1 1 1 1 1 1 1 1 1 1 
            1 9 1             
            1 1 *             

===============================
UP -- 1 3 3 8 SPLIT 2
========= CURRENT MAP =========

1 1 1 1       1       1 1 1 1 
1 1 1 *       1       1 1 8 1 
1 1 1 1 1 1 1 1 1 1 1 1 1 1 1 
            1 9 *             
            1 1 1             

===============================
UP -- 1 3 2 8 SPLIT 2
========= CURRENT MAP =========

1 1 1 1       1       1 1 1 1 
1 1 1 *       1       1 1 8 1 
1 1 1 1 1 1 1 1 * 1 1 1 1 1 1 
            1 9 1             
            1 1 1             

===============================
RIGHT -- 1 3 2 9 SPLIT 2
========= CURRENT MAP =========

1 1 1 1       1       1 1 1 1 
1 1 1 *       1       1 1 8 1 
1 1 1 1 1 1 1 1 1 * 1 1 1 1 1 
            1 9 1             
            1 1 1             

===============================
RIGHT -- 1 3 2 10 SPLIT 2
========= CURRENT MAP =========

1 1 1 1       1       1 1 1 1 
1 1 1 *       1       1 1 8 1 
1 1 1 1 1 1 1 1 1 1 * 1 1 1 1 
            1 9 1             
            1 1 1             

===============================
RIGHT -- 1 3 2 11 SPLIT 2
========= CURRENT MAP =========

1 1 1 1       1       1 1 1 1 
1 1 1 *       1       1 1 8 1 
1 1 1 1 1 1 1 1 1 1 1 * 1 1 1 
            1 9 1             
            1 1 1             

===============================
UP -- 1 3 1 11 SPLIT 2
========= CURRENT MAP =========

1 1 1 1       1       1 1 1 1 
1 1 1 *       1       * 1 8 1 
1 1 1 1 1 1 1 1 1 1 1 1 1 1 1 
            1 9 1             
            1 1 1             

===============================
UP -- 1 3 0 11 SPLIT 2
========= CURRENT MAP =========

1 1 1 1       1       * 1 1 1 
1 1 1 *       1       1 1 8 1 
1 1 1 1 1 1 1 1 1 1 1 1 1 1 1 
            1 9 1             
            1 1 1             

===============================
RIGHT -- 1 3 0 12 SPLIT 2
========= CURRENT MAP =========

1 1 1 1       1       1 * 1 1 
1 1 1 *       1       1 1 8 1 
1 1 1 1 1 1 1 1 1 1 1 1 1 1 1 
            1 9 1             
            1 1 1             

===============================
DOWN -- 1 3 1 12 SPLIT 2
========= CURRENT MAP =========

1 1 1 1       1       1 1 1 1 
1 1 1 *       1       1 * 8 1 
1 1 1 1 1 1 1 1 1 1 1 1 1 1 1 
            1 9 1             
            1 1 1             

===============================
DOWN -- 1 3 2 12 SPLIT 2
========= CURRENT MAP =========

1 1 1 1       1       1 1 1 1 
1 1 1 *       1       1 1 8 1 
1 1 1 1 1 1 1 1 1 1 1 1 * 1 1 
            1 9 1             
            1 1 1             

===============================
RIGHT -- 1 3 2 13 SPLIT 2
========= CURRENT MAP =========

1 1 1 1       1       1 1 1 1 
1 1 1 *       1       1 1 8 1 
1 1 1 1 1 1 1 1 1 1 1 1 1 * 1 
            1 9 1             
            1 1 1             

===============================
UP -- 1 3 1 13 SPLIT 2
========= CURRENT MAP =========

1 1 1 1       1       1 1 1 1 
1 1 1 *       1       1 1 * 1 
1 1 1 1 1 1 1 1 1 1 1 1 1 1 1 
            1 9 1             
            1 1 1             

===============================
UP -- 1 3 0 13 SPLIT 2
========= CURRENT MAP =========

1 1 1 1       1       1 1 * 1 
1 1 1 *       1       1 1 8 1 
1 1 1 1 1 1 1 1 1 1 1 1 1 1 1 
            1 9 1             
            1 1 1             

===============================
RIGHT -- 1 3 0 14 SPLIT 2
========= CURRENT MAP =========

1 1 1 1       1       1 1 1 * 
1 1 1 *       1       1 1 8 1 
1 1 1 1 1 1 1 1 1 1 1 1 1 1 1 
            1 9 1             
            1 1 1             

===============================
DOWN -- 1 3 1 14 SPLIT 2
========= CURRENT MAP =========

1 1 1 1       1       1 1 1 1 
1 1 1 *       1       1 1 8 * 
1 1 1 1 1 1 1 1 1 1 1 1 1 1 1 
            1 9 1             
            1 1 1             

===============================
DOWN -- 1 3 2 14 SPLIT 2
========= CURRENT MAP =========

1 1 1 1       1       1 1 1 1 
1 1 1 *       1       1 1 8 1 
1 1 1 1 1 1 1 1 1 1 1 1 1 1 * 
            1 9 1             
            1 1 1             

===============================
SPACE, DOWN -- 2 3 2 14 SPLIT 1
========= CURRENT MAP =========

1 1 1 1       1       1 1 1 1 
1 1 1 1       1       1 1 8 1 
1 1 1 * 1 1 1 1 1 1 1 1 1 1 * 
            1 9 1             
            1 1 1             

===============================
SPACE, UP -- 2 3 1 14 SPLIT 2
========= CURRENT MAP =========

1 1 1 1       1       1 1 1 1 
1 1 1 1       1       1 1 8 * 
1 1 1 * 1 1 1 1 1 1 1 1 1 1 1 
            1 9 1             
            1 1 1             

===============================
UP -- 2 3 0 14 SPLIT 2
========= CURRENT MAP =========

1 1 1 1       1       1 1 1 * 
1 1 1 1       1       1 1 8 1 
1 1 1 * 1 1 1 1 1 1 1 1 1 1 1 
            1 9 1             
            1 1 1             

===============================
LEFT -- 2 3 0 13 SPLIT 2
========= CURRENT MAP =========

1 1 1 1       1       1 1 * 1 
1 1 1 1       1       1 1 8 1 
1 1 1 * 1 1 1 1 1 1 1 1 1 1 1 
            1 9 1             
            1 1 1             

===============================
DOWN -- 2 3 1 13 SPLIT 2
========= CURRENT MAP =========

1 1 1 1       1       1 1 1 1 
1 1 1 1       1       1 1 * 1 
1 1 1 * 1 1 1 1 1 1 1 1 1 1 1 
            1 9 1             
            1 1 1             

===============================
DOWN -- 2 3 2 13 SPLIT 2
========= CURRENT MAP =========

1 1 1 1       1       1 1 1 1 
1 1 1 1       1       1 1 8 1 
1 1 1 * 1 1 1 1 1 1 1 1 1 * 1 
            1 9 1             
            1 1 1             

===============================
LEFT -- 2 3 2 12 SPLIT 2
========= CURRENT MAP =========

1 1 1 1       1       1 1 1 1 
1 1 1 1       1       1 1 8 1 
1 1 1 * 1 1 1 1 1 1 1 1 * 1 1 
            1 9 1             
            1 1 1             

===============================
UP -- 2 3 1 12 SPLIT 2
========= CURRENT MAP =========

1 1 1 1       1       1 1 1 1 
1 1 1 1       1       1 * 8 1 
1 1 1 * 1 1 1 1 1 1 1 1 1 1 1 
            1 9 1             
            1 1 1             

===============================
UP -- 2 3 0 12 SPLIT 2
========= CURRENT MAP =========

1 1 1 1       1       1 * 1 1 
1 1 1 1       1       1 1 8 1 
1 1 1 * 1 1 1 1 1 1 1 1 1 1 1 
            1 9 1             
            1 1 1             

===============================
LEFT -- 2 3 0 11 SPLIT 2
========= CURRENT MAP =========

1 1 1 1       1       * 1 1 1 
1 1 1 1       1       1 1 8 1 
1 1 1 * 1 1 1 1 1 1 1 1 1 1 1 
            1 9 1             
            1 1 1             

===============================
DOWN -- 2 3 1 11 SPLIT 2
========= CURRENT MAP =========

1 1 1 1       1       1 1 1 1 
1 1 1 1       1       * 1 8 1 
1 1 1 * 1 1 1 1 1 1 1 1 1 1 1 
            1 9 1             
            1 1 1             

===============================
DOWN -- 2 3 2 11 SPLIT 2
========= CURRENT MAP =========

1 1 1 1       1       1 1 1 1 
1 1 1 1       1       1 1 8 1 
1 1 1 * 1 1 1 1 1 1 1 * 1 1 1 
            1 9 1             
            1 1 1             

===============================
LEFT -- 2 3 2 10 SPLIT 2
========= CURRENT MAP =========

1 1 1 1       1       1 1 1 1 
1 1 1 1       1       1 1 8 1 
1 1 1 * 1 1 1 1 1 1 * 1 1 1 1 
            1 9 1             
            1 1 1             

===============================
LEFT -- 2 3 2 9 SPLIT 2
========= CURRENT MAP =========

1 1 1 1       1       1 1 1 1 
1 1 1 1       1       1 1 8 1 
1 1 1 * 1 1 1 1 1 * 1 1 1 1 1 
            1 9 1             
            1 1 1             

===============================
LEFT -- 2 3 2 8 SPLIT 2
========= CURRENT MAP =========

1 1 1 1       1       1 1 1 1 
1 1 1 1       1       1 1 8 1 
1 1 1 * 1 1 1 1 * 1 1 1 1 1 1 
            1 9 1             
            1 1 1             

===============================
DOWN -- 2 3 3 8 SPLIT 2
========= CURRENT MAP =========

1 1 1 1       1       1 1 1 1 
1 1 1 1       1       1 1 8 1 
1 1 1 * 1 1 1 1 1 1 1 1 1 1 1 
            1 9 *             
            1 1 1             

===============================
DOWN -- 2 3 4 8 SPLIT 2
========= CURRENT MAP =========

1 1 1 1       1       1 1 1 1 
1 1 1 1       1       1 1 8 1 
1 1 1 * 1 1 1 1 1 1 1 1 1 1 1 
            1 9 1             
            1 1 *             

===============================
LEFT -- 2 3 4 7 SPLIT 2
========= CURRENT MAP =========

1 1 1 1       1       1 1 1 1 
1 1 1 1       1       1 1 8 1 
1 1 1 * 1 1 1 1 1 1 1 1 1 1 1 
            1 9 1             
            1 * 1             

===============================
UP -- 2 3 3 7 SPLIT 2
========= CURRENT MAP =========

1 1 1 1       1       1 1 1 1 
1 1 1 1       1       1 1 8 1 
1 1 1 * 1 1 1 1 1 1 1 1 1 1 1 
            1 * 1             
            1 1 1             

===============================
UP -- 2 3 2 7 SPLIT 2
========= CURRENT MAP =========

1 1 1 1       1       1 1 1 1 
1 1 1 1       1       1 1 8 1 
1 1 1 * 1 1 1 * 1 1 1 1 1 1 1 
            1 9 1             
            1 1 1             

===============================
UP -- 2 3 1 7 SPLIT 2
========= CURRENT MAP =========

1 1 1 1       1       1 1 1 1 
1 1 1 1       *       1 1 8 1 
1 1 1 * 1 1 1 1 1 1 1 1 1 1 1 
            1 9 1             
            1 1 1             

===============================
UP -- 2 3 0 7 SPLIT 2
========= CURRENT MAP =========

1 1 1 1       *       1 1 1 1 
1 1 1 1       1       1 1 8 1 
1 1 1 * 1 1 1 1 1 1 1 1 1 1 1 
            1 9 1             
            1 1 1             

===============================
SPACE, RIGHT -- 2 4 0 7 SPLIT 1
========= CURRENT MAP =========

1 1 1 1       *       1 1 1 1 
1 1 1 1       1       1 1 8 1 
1 1 1 1 * 1 1 1 1 1 1 1 1 1 1 
            1 9 1             
            1 1 1             

===============================
SPACE, DOWN -- 2 4 1 7 SPLIT 2
========= CURRENT MAP =========

1 1 1 1       1       1 1 1 1 
1 1 1 1       *       1 1 8 1 
1 1 1 1 * 1 1 1 1 1 1 1 1 1 1 
            1 9 1             
            1 1 1             

===============================
DOWN -- 2 4 2 7 SPLIT 2
========= CURRENT MAP =========

1 1 1 1       1       1 1 1 1 
1 1 1 1       1       1 1 8 1 
1 1 1 1 * 1 1 * 1 1 1 1 1 1 1 
            1 9 1             
            1 1 1             

===============================
DOWN -- 2 4 3 7 SPLIT 2
========= CURRENT MAP =========

1 1 1 1       1       1 1 1 1 
1 1 1 1       1       1 1 8 1 
1 1 1 1 * 1 1 1 1 1 1 1 1 1 1 
            1 * 1             
            1 1 1             

===============================
DOWN -- 2 4 4 7 SPLIT 2
========= CURRENT MAP =========

1 1 1 1       1       1 1 1 1 
1 1 1 1       1       1 1 8 1 
1 1 1 1 * 1 1 1 1 1 1 1 1 1 1 
            1 9 1             
            1 * 1             

===============================
RIGHT -- 2 4 4 8 SPLIT 2
========= CURRENT MAP =========

1 1 1 1       1       1 1 1 1 
1 1 1 1       1       1 1 8 1 
1 1 1 1 * 1 1 1 1 1 1 1 1 1 1 
            1 9 1             
            1 1 *             

===============================
UP -- 2 4 3 8 SPLIT 2
========= CURRENT MAP =========

1 1 1 1       1       1 1 1 1 
1 1 1 1       1       1 1 8 1 
1 1 1 1 * 1 1 1 1 1 1 1 1 1 1 
            1 9 *             
            1 1 1             

===============================
UP -- 2 4 2 8 SPLIT 2
========= CURRENT MAP =========

1 1 1 1       1       1 1 1 1 
1 1 1 1       1       1 1 8 1 
1 1 1 1 * 1 1 1 * 1 1 1 1 1 1 
            1 9 1             
            1 1 1             

===============================
RIGHT -- 2 4 2 9 SPLIT 2
========= CURRENT MAP =========

1 1 1 1       1       1 1 1 1 
1 1 1 1       1       1 1 8 1 
1 1 1 1 * 1 1 1 1 * 1 1 1 1 1 
            1 9 1             
            1 1 1             

===============================
RIGHT -- 2 4 2 10 SPLIT 2
========= CURRENT MAP =========

1 1 1 1       1       1 1 1 1 
1 1 1 1       1       1 1 8 1 
1 1 1 1 * 1 1 1 1 1 * 1 1 1 1 
            1 9 1             
            1 1 1             

===============================
RIGHT -- 2 4 2 11 SPLIT 2
========= CURRENT MAP =========

1 1 1 1       1       1 1 1 1 
1 1 1 1       1       1 1 8 1 
1 1 1 1 * 1 1 1 1 1 1 * 1 1 1 
            1 9 1             
            1 1 1             

===============================
UP -- 2 4 1 11 SPLIT 2
========= CURRENT MAP =========

1 1 1 1       1       1 1 1 1 
1 1 1 1       1       * 1 8 1 
1 1 1 1 * 1 1 1 1 1 1 1 1 1 1 
            1 9 1             
            1 1 1             

===============================
UP -- 2 4 0 11 SPLIT 2
========= CURRENT MAP =========

1 1 1 1       1       * 1 1 1 
1 1 1 1       1       1 1 8 1 
1 1 1 1 * 1 1 1 1 1 1 1 1 1 1 
            1 9 1             
            1 1 1             

===============================
RIGHT -- 2 4 0 12 SPLIT 2
========= CURRENT MAP =========

1 1 1 1       1       1 * 1 1 
1 1 1 1       1       1 1 8 1 
1 1 1 1 * 1 1 1 1 1 1 1 1 1 1 
            1 9 1             
            1 1 1             

===============================
DOWN -- 2 4 1 12 SPLIT 2
========= CURRENT MAP =========

1 1 1 1       1       1 1 1 1 
1 1 1 1       1       1 * 8 1 
1 1 1 1 * 1 1 1 1 1 1 1 1 1 1 
            1 9 1             
            1 1 1             

===============================
DOWN -- 2 4 2 12 SPLIT 2
========= CURRENT MAP =========

1 1 1 1       1       1 1 1 1 
1 1 1 1       1       1 1 8 1 
1 1 1 1 * 1 1 1 1 1 1 1 * 1 1 
            1 9 1             
            1 1 1             

===============================
RIGHT -- 2 4 2 13 SPLIT 2
========= CURRENT MAP =========

1 1 1 1       1       1 1 1 1 
1 1 1 1       1       1 1 8 1 
1 1 1 1 * 1 1 1 1 1 1 1 1 * 1 
            1 9 1             
            1 1 1             

===============================
UP -- 2 4 1 13 SPLIT 2
========= CURRENT MAP =========

1 1 1 1       1       1 1 1 1 
1 1 1 1       1       1 1 * 1 
1 1 1 1 * 1 1 1 1 1 1 1 1 1 1 
            1 9 1             
            1 1 1             

===============================
UP -- 2 4 0 13 SPLIT 2
========= CURRENT MAP =========

1 1 1 1       1       1 1 * 1 
1 1 1 1       1       1 1 8 1 
1 1 1 1 * 1 1 1 1 1 1 1 1 1 1 
            1 9 1             
            1 1 1             

===============================
RIGHT -- 2 4 0 14 SPLIT 2
========= CURRENT MAP =========

1 1 1 1       1       1 1 1 * 
1 1 1 1       1       1 1 8 1 
1 1 1 1 * 1 1 1 1 1 1 1 1 1 1 
            1 9 1             
            1 1 1             

===============================
DOWN -- 2 4 1 14 SPLIT 2
========= CURRENT MAP =========

1 1 1 1       1       1 1 1 1 
1 1 1 1       1       1 1 8 * 
1 1 1 1 * 1 1 1 1 1 1 1 1 1 1 
            1 9 1             
            1 1 1             

===============================
DOWN -- 2 4 2 14 SPLIT 2
========= CURRENT MAP =========

1 1 1 1       1       1 1 1 1 
1 1 1 1       1       1 1 8 1 
1 1 1 1 * 1 1 1 1 1 1 1 1 1 * 
            1 9 1             
            1 1 1             

===============================
SPACE, RIGHT -- 2 5 2 14 SPLIT 1
========= CURRENT MAP =========

1 1 1 1       1       1 1 1 1 
1 1 1 1       1       1 1 8 1 
1 1 1 1 1 * 1 1 1 1 1 1 1 1 * 
            1 9 1             
            1 1 1             

===============================
SPACE, UP -- 2 5 1 14 SPLIT 2
========= CURRENT MAP =========

1 1 1 1       1       1 1 1 1 
1 1 1 1       1       1 1 8 * 
1 1 1 1 1 * 1 1 1 1 1 1 1 1 1 
            1 9 1             
            1 1 1             

===============================
UP -- 2 5 0 14 SPLIT 2
========= CURRENT MAP =========

1 1 1 1       1       1 1 1 * 
1 1 1 1       1       1 1 8 1 
1 1 1 1 1 * 1 1 1 1 1 1 1 1 1 
            1 9 1             
            1 1 1             

===============================
LEFT -- 2 5 0 13 SPLIT 2
========= CURRENT MAP =========

1 1 1 1       1       1 1 * 1 
1 1 1 1       1       1 1 8 1 
1 1 1 1 1 * 1 1 1 1 1 1 1 1 1 
            1 9 1             
            1 1 1             

===============================
DOWN -- 2 5 1 13 SPLIT 2
========= CURRENT MAP =========

1 1 1 1       1       1 1 1 1 
1 1 1 1       1       1 1 * 1 
1 1 1 1 1 * 1 1 1 1 1 1 1 1 1 
            1 9 1             
            1 1 1             

===============================
DOWN -- 2 5 2 13 SPLIT 2
========= CURRENT MAP =========

1 1 1 1       1       1 1 1 1 
1 1 1 1       1       1 1 8 1 
1 1 1 1 1 * 1 1 1 1 1 1 1 * 1 
            1 9 1             
            1 1 1             

===============================
LEFT -- 2 5 2 12 SPLIT 2
========= CURRENT MAP =========

1 1 1 1       1       1 1 1 1 
1 1 1 1       1       1 1 8 1 
1 1 1 1 1 * 1 1 1 1 1 1 * 1 1 
            1 9 1             
            1 1 1             

===============================
UP -- 2 5 1 12 SPLIT 2
========= CURRENT MAP =========

1 1 1 1       1       1 1 1 1 
1 1 1 1       1       1 * 8 1 
1 1 1 1 1 * 1 1 1 1 1 1 1 1 1 
            1 9 1             
            1 1 1             

===============================
UP -- 2 5 0 12 SPLIT 2
========= CURRENT MAP =========

1 1 1 1       1       1 * 1 1 
1 1 1 1       1       1 1 8 1 
1 1 1 1 1 * 1 1 1 1 1 1 1 1 1 
            1 9 1             
            1 1 1             

===============================
LEFT -- 2 5 0 11 SPLIT 2
========= CURRENT MAP =========

1 1 1 1       1       * 1 1 1 
1 1 1 1       1       1 1 8 1 
1 1 1 1 1 * 1 1 1 1 1 1 1 1 1 
            1 9 1             
            1 1 1             

===============================
DOWN -- 2 5 1 11 SPLIT 2
========= CURRENT MAP =========

1 1 1 1       1       1 1 1 1 
1 1 1 1       1       * 1 8 1 
1 1 1 1 1 * 1 1 1 1 1 1 1 1 1 
            1 9 1             
            1 1 1             

===============================
DOWN -- 2 5 2 11 SPLIT 2
========= CURRENT MAP =========

1 1 1 1       1       1 1 1 1 
1 1 1 1       1       1 1 8 1 
1 1 1 1 1 * 1 1 1 1 1 * 1 1 1 
            1 9 1             
            1 1 1             

===============================
LEFT -- 2 5 2 10 SPLIT 2
========= CURRENT MAP =========

1 1 1 1       1       1 1 1 1 
1 1 1 1       1       1 1 8 1 
1 1 1 1 1 * 1 1 1 1 * 1 1 1 1 
            1 9 1             
            1 1 1             

===============================
LEFT -- 2 5 2 9 SPLIT 2
========= CURRENT MAP =========

1 1 1 1       1       1 1 1 1 
1 1 1 1       1       1 1 8 1 
1 1 1 1 1 * 1 1 1 * 1 1 1 1 1 
            1 9 1             
            1 1 1             

===============================
LEFT -- 2 5 2 8 SPLIT 2
========= CURRENT MAP =========

1 1 1 1       1       1 1 1 1 
1 1 1 1       1       1 1 8 1 
1 1 1 1 1 * 1 1 * 1 1 1 1 1 1 
            1 9 1             
            1 1 1             

===============================
DOWN -- 2 5 3 8 SPLIT 2
========= CURRENT MAP =========

1 1 1 1       1       1 1 1 1 
1 1 1 1       1       1 1 8 1 
1 1 1 1 1 * 1 1 1 1 1 1 1 1 1 
            1 9 *             
            1 1 1             

===============================
DOWN -- 2 5 4 8 SPLIT 2
========= CURRENT MAP =========

1 1 1 1       1       1 1 1 1 
1 1 1 1       1       1 1 8 1 
1 1 1 1 1 * 1 1 1 1 1 1 1 1 1 
            1 9 1             
            1 1 *             

===============================
LEFT -- 2 5 4 7 SPLIT 2
========= CURRENT MAP =========

1 1 1 1       1       1 1 1 1 
1 1 1 1       1       1 1 8 1 
1 1 1 1 1 * 1 1 1 1 1 1 1 1 1 
            1 9 1             
            1 * 1             

===============================
UP -- 2 5 3 7 SPLIT 2
========= CURRENT MAP =========

1 1 1 1       1       1 1 1 1 
1 1 1 1       1       1 1 8 1 
1 1 1 1 1 * 1 1 1 1 1 1 1 1 1 
            1 * 1             
            1 1 1             

===============================
UP -- 2 5 2 7 SPLIT 2
========= CURRENT MAP =========

1 1 1 1       1       1 1 1 1 
1 1 1 1       1       1 1 8 1 
1 1 1 1 1 * 1 * 1 1 1 1 1 1 1 
            1 9 1             
            1 1 1             

===============================
UP -- 2 5 1 7 SPLIT 2
========= CURRENT MAP =========

1 1 1 1       1       1 1 1 1 
1 1 1 1       *       1 1 8 1 
1 1 1 1 1 * 1 1 1 1 1 1 1 1 1 
            1 9 1             
            1 1 1             

===============================
UP -- 2 5 0 7 SPLIT 2
========= CURRENT MAP =========

1 1 1 1       *       1 1 1 1 
1 1 1 1       1       1 1 8 1 
1 1 1 1 1 * 1 1 1 1 1 1 1 1 1 
            1 9 1             
            1 1 1             

===============================
SPACE, RIGHT -- 2 6 0 7 SPLIT 1
========= CURRENT MAP =========

1 1 1 1       *       1 1 1 1 
1 1 1 1       1       1 1 8 1 
1 1 1 1 1 1 * 1 1 1 1 1 1 1 1 
            1 9 1             
            1 1 1             

===============================
SPACE, DOWN -- 2 6 1 7 SPLIT 2
========= CURRENT MAP =========

1 1 1 1       1       1 1 1 1 
1 1 1 1       *       1 1 8 1 
1 1 1 1 1 1 * 1 1 1 1 1 1 1 1 
            1 9 1             
            1 1 1             

===============================
SPACE, DOWN -- 3 6 1 7 SPLIT 1
========= CURRENT MAP =========

1 1 1 1       1       1 1 1 1 
1 1 1 1       *       1 1 8 1 
1 1 1 1 1 1 1 1 1 1 1 1 1 1 1 
            * 9 1             
            1 1 1             

===============================
SPACE, DOWN -- 3 6 2 7 SPLIT 2
========= CURRENT MAP =========

1 1 1 1       1       1 1 1 1 
1 1 1 1       1       1 1 8 1 
1 1 1 1 1 1 1 * 1 1 1 1 1 1 1 
            * 9 1             
            1 1 1             

===============================
RIGHT -- 3 6 2 8 SPLIT 2
========= CURRENT MAP =========

1 1 1 1       1       1 1 1 1 
1 1 1 1       1       1 1 8 1 
1 1 1 1 1 1 1 1 * 1 1 1 1 1 1 
            * 9 1             
            1 1 1             

===============================
DOWN -- 3 6 3 8 SPLIT 2
========= CURRENT MAP =========

1 1 1 1       1       1 1 1 1 
1 1 1 1       1       1 1 8 1 
1 1 1 1 1 1 1 1 1 1 1 1 1 1 1 
            * 9 *             
            1 1 1             

===============================
DOWN -- 3 6 4 8 SPLIT 2
========= CURRENT MAP =========

1 1 1 1       1       1 1 1 1 
1 1 1 1       1       1 1 8 1 
1 1 1 1 1 1 1 1 1 1 1 1 1 1 1 
            * 9 1             
            1 1 *             

===============================
LEFT -- 3 6 4 7 SPLIT 2
========= CURRENT MAP =========

1 1 1 1       1       1 1 1 1 
1 1 1 1       1       1 1 8 1 
1 1 1 1 1 1 1 1 1 1 1 1 1 1 1 
            * 9 1             
            1 * 1             

===============================
SPACE, UP -- 2 6 4 7 SPLIT 1
========= CURRENT MAP =========

1 1 1 1       1       1 1 1 1 
1 1 1 1       1       1 1 8 1 
1 1 1 1 1 1 * 1 1 1 1 1 1 1 1 
            1 9 1             
            1 * 1             

===============================
SPACE, UP -- 2 6 3 7 SPLIT 2
========= CURRENT MAP =========

1 1 1 1       1       1 1 1 1 
1 1 1 1       1       1 1 8 1 
1 1 1 1 1 1 * 1 1 1 1 1 1 1 1 
            1 * 1             
            1 1 1             

===============================
RIGHT -- 2 6 3 8 SPLIT 2
========= CURRENT MAP =========

1 1 1 1       1       1 1 1 1 
1 1 1 1       1       1 1 8 1 
1 1 1 1 1 1 * 1 1 1 1 1 1 1 1 
            1 9 *             
            1 1 1             

===============================
DOWN -- 2 6 4 8 SPLIT 2
========= CURRENT MAP =========

1 1 1 1       1       1 1 1 1 
1 1 1 1       1       1 1 8 1 
1 1 1 1 1 1 * 1 1 1 1 1 1 1 1 
            1 9 1             
            1 1 *             

===============================
SPACE, RIGHT -- 2 7 4 8 SPLIT 1
========= CURRENT MAP =========

1 1 1 1       1       1 1 1 1 
1 1 1 1       1       1 1 8 1 
1 1 1 1 1 1 1 * 1 1 1 1 1 1 1 
            1 9 1             
            1 1 *             

===============================
SPACE, UP -- 2 7 3 8 SPLIT 2
========= CURRENT MAP =========

1 1 1 1       1       1 1 1 1 
1 1 1 1       1       1 1 8 1 
1 1 1 1 1 1 1 * 1 1 1 1 1 1 1 
            1 9 *             
            1 1 1             

===============================
SPACE, UP -- 1 7 3 8 SPLIT 1
========= CURRENT MAP =========

1 1 1 1       1       1 1 1 1 
1 1 1 1       *       1 1 8 1 
1 1 1 1 1 1 1 1 1 1 1 1 1 1 1 
            1 9 *             
            1 1 1             

===============================
SPACE, DOWN -- 1 7 4 8 SPLIT 2
========= CURRENT MAP =========

1 1 1 1       1       1 1 1 1 
1 1 1 1       *       1 1 8 1 
1 1 1 1 1 1 1 1 1 1 1 1 1 1 1 
            1 9 1             
            1 1 *             

===============================
LEFT -- 1 7 4 7 SPLIT 2
========= CURRENT MAP =========

1 1 1 1       1       1 1 1 1 
1 1 1 1       *       1 1 8 1 
1 1 1 1 1 1 1 1 1 1 1 1 1 1 1 
            1 9 1             
            1 * 1             

===============================
UP -- 1 7 3 7 SPLIT 2
========= CURRENT MAP =========

1 1 1 1       1       1 1 1 1 
1 1 1 1       *       1 1 8 1 
1 1 1 1 1 1 1 1 1 1 1 1 1 1 1 
            1 * 1             
            1 1 1             

===============================
UP -- 1 7 2 7 LYING_COL 2
========= CURRENT MAP =========

1 1 1 1       1       1 1 1 1 
1 1 1 1       *       1 1 8 1 
1 1 1 1 1 1 1 * 1 1 1 1 1 1 1 
            1 9 1             
            1 1 1             

===============================
DOWN -- 3 7 3 7 STANDING 0
========= CURRENT MAP =========

1 1 1 1       1       1 1 1 1 
1 1 1 1       1       1 1 8 1 
1 1 1 1 1 1 1 1 1 1 1 1 1 1 1 
            1 * 1             
            1 1 1             

===============================

=========== STAT 09 ============
STATUS: SUCCESS
PROCESS TIME: 0:00:00.067269
PROCESS MEMORY: 1048576
REAL STEP: 206
VIRTUAL STEP: 1817
===============================

PRESS KEY: RDRRRDRURRURDRUULDRULDRwDRUURDD-D-UULDDLUULDDLLLDDLUUUU-U-DDDDRUURRRUUR-U-DDRUURDD-R-UULDDLUULDDLLLDDLUUUU-D-DDDDRUURRRUURDDRUURDD-D-UULDDLUULDDLLLDDLUUUU-R-DDDDRUURRRUURDDRUURDD-R-UULDDLUULDDLLLDDLUUUU-R-D-D-DRDDL-U-URD-R-U-U-DLUUD

