START -- 3 12 3 12 STANDING 0
========= CURRENT MAP =========

1 1 1 2 1 1 1 1 2 1 1 1 1   
1 1                 1 1 1   
1 1                   1 1 1 
1 1 1       1 1 1     1 * 1 
1 1 1 2 2 2 1 9 1     1 1 1 
1 1 1     2 1 1 1     1     
    1     2 2 2 2 2 1 1     
    1 1 1 2 2 1 2 2 2       
      1 1 2 2 2 2 2 2       
      1 1 1     1 1         

===============================
UP -- 1 12 2 12 LYING_COL 0
========= CURRENT MAP =========

1 1 1 2 1 1 1 1 2 1 1 1 1   
1 1                 1 1 *   
1 1                   1 * 1 
1 1 1       1 1 1     1 1 1 
1 1 1 2 2 2 1 9 1     1 1 1 
1 1 1     2 1 1 1     1     
    1     2 2 2 2 2 1 1     
    1 1 1 2 2 1 2 2 2       
      1 1 2 2 2 2 2 2       
      1 1 1     1 1         

===============================
LEFT -- 1 11 2 11 LYING_COL 0
========= CURRENT MAP =========

1 1 1 2 1 1 1 1 2 1 1 1 1   
1 1                 1 * 1   
1 1                   * 1 1 
1 1 1       1 1 1     1 1 1 
1 1 1 2 2 2 1 9 1     1 1 1 
1 1 1     2 1 1 1     1     
    1     2 2 2 2 2 1 1     
    1 1 1 2 2 1 2 2 2       
      1 1 2 2 2 2 2 2       
      1 1 1     1 1         

===============================
DOWN -- 3 11 3 11 STANDING 0
========= CURRENT MAP =========

1 1 1 2 1 1 1 1 2 1 1 1 1   
1 1                 1 1 1   
1 1                   1 1 1 
1 1 1       1 1 1     * 1 1 
1 1 1 2 2 2 1 9 1     1 1 1 
1 1 1     2 1 1 1     1     
    1     2 2 2 2 2 1 1     
    1 1 1 2 2 1 2 2 2       
      1 1 2 2 2 2 2 2       
      1 1 1     1 1         

===============================
RIGHT -- 3 12 3 13 LYING_ROW 0
========= CURRENT MAP =========

1 1 1 2 1 1 1 1 2 1 1 1 1   
1 1                 1 1 1   
1 1                   1 1 1 
1 1 1       1 1 1     1 * * 
1 1 1 2 2 2 1 9 1     1 1 1 
1 1 1     2 1 1 1     1     
    1     2 2 2 2 2 1 1     
    1 1 1 2 2 1 2 2 2       
      1 1 2 2 2 2 2 2       
      1 1 1     1 1         

===============================
UP -- 2 12 2 13 LYING_ROW 0
========= CURRENT MAP =========

1 1 1 2 1 1 1 1 2 1 1 1 1   
1 1                 1 1 1   
1 1                   1 * * 
1 1 1       1 1 1     1 1 1 
1 1 1 2 2 2 1 9 1     1 1 1 
1 1 1     2 1 1 1     1     
    1     2 2 2 2 2 1 1     
    1 1 1 2 2 1 2 2 2       
      1 1 2 2 2 2 2 2       
      1 1 1     1 1         

===============================
LEFT -- 2 11 2 11 STANDING 0
========= CURRENT MAP =========

1 1 1 2 1 1 1 1 2 1 1 1 1   
1 1                 1 1 1   
1 1                   * 1 1 
1 1 1       1 1 1     1 1 1 
1 1 1 2 2 2 1 9 1     1 1 1 
1 1 1     2 1 1 1     1     
    1     2 2 2 2 2 1 1     
    1 1 1 2 2 1 2 2 2       
      1 1 2 2 2 2 2 2       
      1 1 1     1 1         

===============================
DOWN -- 3 11 4 11 LYING_COL 0
========= CURRENT MAP =========

1 1 1 2 1 1 1 1 2 1 1 1 1   
1 1                 1 1 1   
1 1                   1 1 1 
1 1 1       1 1 1     * 1 1 
1 1 1 2 2 2 1 9 1     * 1 1 
1 1 1     2 1 1 1     1     
    1     2 2 2 2 2 1 1     
    1 1 1 2 2 1 2 2 2       
      1 1 2 2 2 2 2 2       
      1 1 1     1 1         

===============================
RIGHT -- 3 12 4 12 LYING_COL 0
========= CURRENT MAP =========

1 1 1 2 1 1 1 1 2 1 1 1 1   
1 1                 1 1 1   
1 1                   1 1 1 
1 1 1       1 1 1     1 * 1 
1 1 1 2 2 2 1 9 1     1 * 1 
1 1 1     2 1 1 1     1     
    1     2 2 2 2 2 1 1     
    1 1 1 2 2 1 2 2 2       
      1 1 2 2 2 2 2 2       
      1 1 1     1 1         

===============================
RIGHT -- 3 13 4 13 LYING_COL 0
========= CURRENT MAP =========

1 1 1 2 1 1 1 1 2 1 1 1 1   
1 1                 1 1 1   
1 1                   1 1 1 
1 1 1       1 1 1     1 1 * 
1 1 1 2 2 2 1 9 1     1 1 * 
1 1 1     2 1 1 1     1     
    1     2 2 2 2 2 1 1     
    1 1 1 2 2 1 2 2 2       
      1 1 2 2 2 2 2 2       
      1 1 1     1 1         

===============================
UP -- 2 13 2 13 STANDING 0
========= CURRENT MAP =========

1 1 1 2 1 1 1 1 2 1 1 1 1   
1 1                 1 1 1   
1 1                   1 1 * 
1 1 1       1 1 1     1 1 1 
1 1 1 2 2 2 1 9 1     1 1 1 
1 1 1     2 1 1 1     1     
    1     2 2 2 2 2 1 1     
    1 1 1 2 2 1 2 2 2       
      1 1 2 2 2 2 2 2       
      1 1 1     1 1         

===============================
LEFT -- 2 11 2 12 LYING_ROW 0
========= CURRENT MAP =========

1 1 1 2 1 1 1 1 2 1 1 1 1   
1 1                 1 1 1   
1 1                   * * 1 
1 1 1       1 1 1     1 1 1 
1 1 1 2 2 2 1 9 1     1 1 1 
1 1 1     2 1 1 1     1     
    1     2 2 2 2 2 1 1     
    1 1 1 2 2 1 2 2 2       
      1 1 2 2 2 2 2 2       
      1 1 1     1 1         

===============================
UP -- 1 11 1 12 LYING_ROW 0
========= CURRENT MAP =========

1 1 1 2 1 1 1 1 2 1 1 1 1   
1 1                 1 * *   
1 1                   1 1 1 
1 1 1       1 1 1     1 1 1 
1 1 1 2 2 2 1 9 1     1 1 1 
1 1 1     2 1 1 1     1     
    1     2 2 2 2 2 1 1     
    1 1 1 2 2 1 2 2 2       
      1 1 2 2 2 2 2 2       
      1 1 1     1 1         

===============================
UP -- 0 11 0 12 LYING_ROW 0
========= CURRENT MAP =========

1 1 1 2 1 1 1 1 2 1 1 * *   
1 1                 1 1 1   
1 1                   1 1 1 
1 1 1       1 1 1     1 1 1 
1 1 1 2 2 2 1 9 1     1 1 1 
1 1 1     2 1 1 1     1     
    1     2 2 2 2 2 1 1     
    1 1 1 2 2 1 2 2 2       
      1 1 2 2 2 2 2 2       
      1 1 1     1 1         

===============================
LEFT -- 0 10 0 10 STANDING 0
========= CURRENT MAP =========

1 1 1 2 1 1 1 1 2 1 * 1 1   
1 1                 1 1 1   
1 1                   1 1 1 
1 1 1       1 1 1     1 1 1 
1 1 1 2 2 2 1 9 1     1 1 1 
1 1 1     2 1 1 1     1     
    1     2 2 2 2 2 1 1     
    1 1 1 2 2 1 2 2 2       
      1 1 2 2 2 2 2 2       
      1 1 1     1 1         

===============================
LEFT -- 0 8 0 9 LYING_ROW 0
========= CURRENT MAP =========

1 1 1 2 1 1 1 1 * * 1 1 1   
1 1                 1 1 1   
1 1                   1 1 1 
1 1 1       1 1 1     1 1 1 
1 1 1 2 2 2 1 9 1     1 1 1 
1 1 1     2 1 1 1     1     
    1     2 2 2 2 2 1 1     
    1 1 1 2 2 1 2 2 2       
      1 1 2 2 2 2 2 2       
      1 1 1     1 1         

===============================
LEFT -- 0 7 0 7 STANDING 0
========= CURRENT MAP =========

1 1 1 2 1 1 1 * 2 1 1 1 1   
1 1                 1 1 1   
1 1                   1 1 1 
1 1 1       1 1 1     1 1 1 
1 1 1 2 2 2 1 9 1     1 1 1 
1 1 1     2 1 1 1     1     
    1     2 2 2 2 2 1 1     
    1 1 1 2 2 1 2 2 2       
      1 1 2 2 2 2 2 2       
      1 1 1     1 1         

===============================
LEFT -- 0 5 0 6 LYING_ROW 0
========= CURRENT MAP =========

1 1 1 2 1 * * 1 2 1 1 1 1   
1 1                 1 1 1   
1 1                   1 1 1 
1 1 1       1 1 1     1 1 1 
1 1 1 2 2 2 1 9 1     1 1 1 
1 1 1     2 1 1 1     1     
    1     2 2 2 2 2 1 1     
    1 1 1 2 2 1 2 2 2       
      1 1 2 2 2 2 2 2       
      1 1 1     1 1         

===============================
LEFT -- 0 4 0 4 STANDING 0
========= CURRENT MAP =========

1 1 1 2 * 1 1 1 2 1 1 1 1   
1 1                 1 1 1   
1 1                   1 1 1 
1 1 1       1 1 1     1 1 1 
1 1 1 2 2 2 1 9 1     1 1 1 
1 1 1     2 1 1 1     1     
    1     2 2 2 2 2 1 1     
    1 1 1 2 2 1 2 2 2       
      1 1 2 2 2 2 2 2       
      1 1 1     1 1         

===============================
LEFT -- 0 2 0 3 LYING_ROW 0
========= CURRENT MAP =========

1 1 * * 1 1 1 1 2 1 1 1 1   
1 1                 1 1 1   
1 1                   1 1 1 
1 1 1       1 1 1     1 1 1 
1 1 1 2 2 2 1 9 1     1 1 1 
1 1 1     2 1 1 1     1     
    1     2 2 2 2 2 1 1     
    1 1 1 2 2 1 2 2 2       
      1 1 2 2 2 2 2 2       
      1 1 1     1 1         

===============================
LEFT -- 0 1 0 1 STANDING 0
========= CURRENT MAP =========

1 * 1 2 1 1 1 1 2 1 1 1 1   
1 1                 1 1 1   
1 1                   1 1 1 
1 1 1       1 1 1     1 1 1 
1 1 1 2 2 2 1 9 1     1 1 1 
1 1 1     2 1 1 1     1     
    1     2 2 2 2 2 1 1     
    1 1 1 2 2 1 2 2 2       
      1 1 2 2 2 2 2 2       
      1 1 1     1 1         

===============================
DOWN -- 1 1 2 1 LYING_COL 0
========= CURRENT MAP =========

1 1 1 2 1 1 1 1 2 1 1 1 1   
1 *                 1 1 1   
1 *                   1 1 1 
1 1 1       1 1 1     1 1 1 
1 1 1 2 2 2 1 9 1     1 1 1 
1 1 1     2 1 1 1     1     
    1     2 2 2 2 2 1 1     
    1 1 1 2 2 1 2 2 2       
      1 1 2 2 2 2 2 2       
      1 1 1     1 1         

===============================
DOWN -- 3 1 3 1 STANDING 0
========= CURRENT MAP =========

1 1 1 2 1 1 1 1 2 1 1 1 1   
1 1                 1 1 1   
1 1                   1 1 1 
1 * 1       1 1 1     1 1 1 
1 1 1 2 2 2 1 9 1     1 1 1 
1 1 1     2 1 1 1     1     
    1     2 2 2 2 2 1 1     
    1 1 1 2 2 1 2 2 2       
      1 1 2 2 2 2 2 2       
      1 1 1     1 1         

===============================
DOWN -- 4 1 5 1 LYING_COL 0
========= CURRENT MAP =========

1 1 1 2 1 1 1 1 2 1 1 1 1   
1 1                 1 1 1   
1 1                   1 1 1 
1 1 1       1 1 1     1 1 1 
1 * 1 2 2 2 1 9 1     1 1 1 
1 * 1     2 1 1 1     1     
    1     2 2 2 2 2 1 1     
    1 1 1 2 2 1 2 2 2       
      1 1 2 2 2 2 2 2       
      1 1 1     1 1         

===============================
RIGHT -- 4 2 5 2 LYING_COL 0
========= CURRENT MAP =========

1 1 1 2 1 1 1 1 2 1 1 1 1   
1 1                 1 1 1   
1 1                   1 1 1 
1 1 1       1 1 1     1 1 1 
1 1 * 2 2 2 1 9 1     1 1 1 
1 1 *     2 1 1 1     1     
    1     2 2 2 2 2 1 1     
    1 1 1 2 2 1 2 2 2       
      1 1 2 2 2 2 2 2       
      1 1 1     1 1         

===============================
UP -- 3 2 3 2 STANDING 0
========= CURRENT MAP =========

1 1 1 2 1 1 1 1 2 1 1 1 1   
1 1                 1 1 1   
1 1                   1 1 1 
1 1 *       1 1 1     1 1 1 
1 1 1 2 2 2 1 9 1     1 1 1 
1 1 1     2 1 1 1     1     
    1     2 2 2 2 2 1 1     
    1 1 1 2 2 1 2 2 2       
      1 1 2 2 2 2 2 2       
      1 1 1     1 1         

===============================
LEFT -- 3 0 3 1 LYING_ROW 0
========= CURRENT MAP =========

1 1 1 2 1 1 1 1 2 1 1 1 1   
1 1                 1 1 1   
1 1                   1 1 1 
* * 1       1 1 1     1 1 1 
1 1 1 2 2 2 1 9 1     1 1 1 
1 1 1     2 1 1 1     1     
    1     2 2 2 2 2 1 1     
    1 1 1 2 2 1 2 2 2       
      1 1 2 2 2 2 2 2       
      1 1 1     1 1         

===============================
DOWN -- 4 0 4 1 LYING_ROW 0
========= CURRENT MAP =========

1 1 1 2 1 1 1 1 2 1 1 1 1   
1 1                 1 1 1   
1 1                   1 1 1 
1 1 1       1 1 1     1 1 1 
* * 1 2 2 2 1 9 1     1 1 1 
1 1 1     2 1 1 1     1     
    1     2 2 2 2 2 1 1     
    1 1 1 2 2 1 2 2 2       
      1 1 2 2 2 2 2 2       
      1 1 1     1 1         

===============================
RIGHT -- 4 2 4 2 STANDING 0
========= CURRENT MAP =========

1 1 1 2 1 1 1 1 2 1 1 1 1   
1 1                 1 1 1   
1 1                   1 1 1 
1 1 1       1 1 1     1 1 1 
1 1 * 2 2 2 1 9 1     1 1 1 
1 1 1     2 1 1 1     1     
    1     2 2 2 2 2 1 1     
    1 1 1 2 2 1 2 2 2       
      1 1 2 2 2 2 2 2       
      1 1 1     1 1         

===============================
DOWN -- 5 2 6 2 LYING_COL 0
========= CURRENT MAP =========

1 1 1 2 1 1 1 1 2 1 1 1 1   
1 1                 1 1 1   
1 1                   1 1 1 
1 1 1       1 1 1     1 1 1 
1 1 1 2 2 2 1 9 1     1 1 1 
1 1 *     2 1 1 1     1     
    *     2 2 2 2 2 1 1     
    1 1 1 2 2 1 2 2 2       
      1 1 2 2 2 2 2 2       
      1 1 1     1 1         

===============================
DOWN -- 7 2 7 2 STANDING 0
========= CURRENT MAP =========

1 1 1 2 1 1 1 1 2 1 1 1 1   
1 1                 1 1 1   
1 1                   1 1 1 
1 1 1       1 1 1     1 1 1 
1 1 1 2 2 2 1 9 1     1 1 1 
1 1 1     2 1 1 1     1     
    1     2 2 2 2 2 1 1     
    * 1 1 2 2 1 2 2 2       
      1 1 2 2 2 2 2 2       
      1 1 1     1 1         

===============================
RIGHT -- 7 3 7 4 LYING_ROW 0
========= CURRENT MAP =========

1 1 1 2 1 1 1 1 2 1 1 1 1   
1 1                 1 1 1   
1 1                   1 1 1 
1 1 1       1 1 1     1 1 1 
1 1 1 2 2 2 1 9 1     1 1 1 
1 1 1     2 1 1 1     1     
    1     2 2 2 2 2 1 1     
    1 * * 2 2 1 2 2 2       
      1 1 2 2 2 2 2 2       
      1 1 1     1 1         

===============================
DOWN -- 8 3 8 4 LYING_ROW 0
========= CURRENT MAP =========

1 1 1 2 1 1 1 1 2 1 1 1 1   
1 1                 1 1 1   
1 1                   1 1 1 
1 1 1       1 1 1     1 1 1 
1 1 1 2 2 2 1 9 1     1 1 1 
1 1 1     2 1 1 1     1     
    1     2 2 2 2 2 1 1     
    1 1 1 2 2 1 2 2 2       
      * * 2 2 2 2 2 2       
      1 1 1     1 1         

===============================
DOWN -- 9 3 9 4 LYING_ROW 0
========= CURRENT MAP =========

1 1 1 2 1 1 1 1 2 1 1 1 1   
1 1                 1 1 1   
1 1                   1 1 1 
1 1 1       1 1 1     1 1 1 
1 1 1 2 2 2 1 9 1     1 1 1 
1 1 1     2 1 1 1     1     
    1     2 2 2 2 2 1 1     
    1 1 1 2 2 1 2 2 2       
      1 1 2 2 2 2 2 2       
      * * 1     1 1         

===============================
RIGHT -- 9 5 9 5 STANDING 0
========= CURRENT MAP =========

1 1 1 2 1 1 1 1 2 1 1 1 1   
1 1                 1 1 1   
1 1                   1 1 1 
1 1 1       1 1 1     1 1 1 
1 1 1 2 2 2 1 9 1     1 1 1 
1 1 1     2 1 1 1     1     
    1     2 2 2 2 2 1 1     
    1 1 1 2 2 1 2 2 2       
      1 1 2 2 2 2 2 2       
      1 1 *     1 1         

===============================
UP -- 7 5 8 5 LYING_COL 0
========= CURRENT MAP =========

1 1 1 2 1 1 1 1 2 1 1 1 1   
1 1                 1 1 1   
1 1                   1 1 1 
1 1 1       1 1 1     1 1 1 
1 1 1 2 2 2 1 9 1     1 1 1 
1 1 1     2 1 1 1     1     
    1     2 2 2 2 2 1 1     
    1 1 1 * 2 1 2 2 2       
      1 1 * 2 2 2 2 2       
      1 1 1     1 1         

===============================
RIGHT -- 7 6 8 6 LYING_COL 0
========= CURRENT MAP =========

1 1 1 2 1 1 1 1 2 1 1 1 1   
1 1                 1 1 1   
1 1                   1 1 1 
1 1 1       1 1 1     1 1 1 
1 1 1 2 2 2 1 9 1     1 1 1 
1 1 1     2 1 1 1     1     
    1     2 2 2 2 2 1 1     
    1 1 1 2 * 1 2 2 2       
      1 1 2 * 2 2 2 2       
      1 1 1     1 1         

===============================
RIGHT -- 7 7 8 7 LYING_COL 0
========= CURRENT MAP =========

1 1 1 2 1 1 1 1 2 1 1 1 1   
1 1                 1 1 1   
1 1                   1 1 1 
1 1 1       1 1 1     1 1 1 
1 1 1 2 2 2 1 9 1     1 1 1 
1 1 1     2 1 1 1     1     
    1     2 2 2 2 2 1 1     
    1 1 1 2 2 * 2 2 2       
      1 1 2 2 * 2 2 2       
      1 1 1     1 1         

===============================
RIGHT -- 7 8 8 8 LYING_COL 0
========= CURRENT MAP =========

1 1 1 2 1 1 1 1 2 1 1 1 1   
1 1                 1 1 1   
1 1                   1 1 1 
1 1 1       1 1 1     1 1 1 
1 1 1 2 2 2 1 9 1     1 1 1 
1 1 1     2 1 1 1     1     
    1     2 2 2 2 2 1 1     
    1 1 1 2 2 1 * 2 2       
      1 1 2 2 2 * 2 2       
      1 1 1     1 1         

===============================
RIGHT -- 7 9 8 9 LYING_COL 0
========= CURRENT MAP =========

1 1 1 2 1 1 1 1 2 1 1 1 1   
1 1                 1 1 1   
1 1                   1 1 1 
1 1 1       1 1 1     1 1 1 
1 1 1 2 2 2 1 9 1     1 1 1 
1 1 1     2 1 1 1     1     
    1     2 2 2 2 2 1 1     
    1 1 1 2 2 1 2 * 2       
      1 1 2 2 2 2 * 2       
      1 1 1     1 1         

===============================
RIGHT -- 7 10 8 10 LYING_COL 0
========= CURRENT MAP =========

1 1 1 2 1 1 1 1 2 1 1 1 1   
1 1                 1 1 1   
1 1                   1 1 1 
1 1 1       1 1 1     1 1 1 
1 1 1 2 2 2 1 9 1     1 1 1 
1 1 1     2 1 1 1     1     
    1     2 2 2 2 2 1 1     
    1 1 1 2 2 1 2 2 *       
      1 1 2 2 2 2 2 *       
      1 1 1     1 1         

===============================
UP -- 6 10 6 10 STANDING 0
========= CURRENT MAP =========

1 1 1 2 1 1 1 1 2 1 1 1 1   
1 1                 1 1 1   
1 1                   1 1 1 
1 1 1       1 1 1     1 1 1 
1 1 1 2 2 2 1 9 1     1 1 1 
1 1 1     2 1 1 1     1     
    1     2 2 2 2 2 * 1     
    1 1 1 2 2 1 2 2 2       
      1 1 2 2 2 2 2 2       
      1 1 1     1 1         

===============================
LEFT -- 6 8 6 9 LYING_ROW 0
========= CURRENT MAP =========

1 1 1 2 1 1 1 1 2 1 1 1 1   
1 1                 1 1 1   
1 1                   1 1 1 
1 1 1       1 1 1     1 1 1 
1 1 1 2 2 2 1 9 1     1 1 1 
1 1 1     2 1 1 1     1     
    1     2 2 2 * * 1 1     
    1 1 1 2 2 1 2 2 2       
      1 1 2 2 2 2 2 2       
      1 1 1     1 1         

===============================
DOWN -- 7 8 7 9 LYING_ROW 0
========= CURRENT MAP =========

1 1 1 2 1 1 1 1 2 1 1 1 1   
1 1                 1 1 1   
1 1                   1 1 1 
1 1 1       1 1 1     1 1 1 
1 1 1 2 2 2 1 9 1     1 1 1 
1 1 1     2 1 1 1     1     
    1     2 2 2 2 2 1 1     
    1 1 1 2 2 1 * * 2       
      1 1 2 2 2 2 2 2       
      1 1 1     1 1         

===============================
LEFT -- 7 7 7 7 STANDING 0
========= CURRENT MAP =========

1 1 1 2 1 1 1 1 2 1 1 1 1   
1 1                 1 1 1   
1 1                   1 1 1 
1 1 1       1 1 1     1 1 1 
1 1 1 2 2 2 1 9 1     1 1 1 
1 1 1     2 1 1 1     1     
    1     2 2 2 2 2 1 1     
    1 1 1 2 2 * 2 2 2       
      1 1 2 2 2 2 2 2       
      1 1 1     1 1         

===============================
UP -- 5 7 6 7 LYING_COL 0
========= CURRENT MAP =========

1 1 1 2 1 1 1 1 2 1 1 1 1   
1 1                 1 1 1   
1 1                   1 1 1 
1 1 1       1 1 1     1 1 1 
1 1 1 2 2 2 1 9 1     1 1 1 
1 1 1     2 1 * 1     1     
    1     2 2 * 2 2 1 1     
    1 1 1 2 2 1 2 2 2       
      1 1 2 2 2 2 2 2       
      1 1 1     1 1         

===============================
UP -- 4 7 4 7 STANDING 0
========= CURRENT MAP =========

1 1 1 2 1 1 1 1 2 1 1 1 1   
1 1                 1 1 1   
1 1                   1 1 1 
1 1 1       1 1 1     1 1 1 
1 1 1 2 2 2 1 * 1     1 1 1 
1 1 1     2 1 1 1     1     
    1     2 2 2 2 2 1 1     
    1 1 1 2 2 1 2 2 2       
      1 1 2 2 2 2 2 2       
      1 1 1     1 1         

===============================

=========== STAT 13 ============
STATUS: SUCCESS
PROCESS TIME: 0:00:00.055753
PROCESS MEMORY: 655360
REAL STEP: 47
VIRTUAL STEP: 953
===============================

PRESS KEY: ULDRULDRRULUULLLLLLLDDDRULDRDDRDDRURRRRRULDLUU

