START -- 6 10 6 10 STANDING 0
========= CURRENT MAP =========

                        1 6 
    1 1 1 1 1 1       1 1 1 
  1 1 1     1 1     1 6 1 1 
  1 9 1       1 1 1 1 1     
  1 1 1         1 1 1       
                  1 1       
        1 1 1     1 *       
1 1     1 6 1     1 1       
1 1     1 1 1 1 1 1 1       

===============================
UP -- 4 10 5 10 LYING_COL 0
========= CURRENT MAP =========

                        1 6 
    1 1 1 1 1 1       1 1 1 
  1 1 1     1 1     1 6 1 1 
  1 9 1       1 1 1 1 1     
  1 1 1         1 1 *       
                  1 *       
        1 1 1     1 1       
1 1     1 6 1     1 1       
1 1     1 1 1 1 1 1 1       

===============================
UP -- 3 10 3 10 STANDING 0
========= CURRENT MAP =========

                        1 6 
    1 1 1 1 1 1       1 1 1 
  1 1 1     1 1     1 6 1 1 
  1 9 1       1 1 1 * 1     
  1 1 1         1 1 1       
                  1 1       
        1 1 1     1 1       
1 1     1 6 1     1 1       
1 1     1 1 1 1 1 1 1       

===============================
LEFT -- 3 8 3 9 LYING_ROW 0
========= CURRENT MAP =========

                        1 6 
    1 1 1 1 1 1       1 1 1 
  1 1 1     1 1     1 6 1 1 
  1 9 1       1 * * 1 1     
  1 1 1         1 1 1       
                  1 1       
        1 1 1     1 1       
1 1     1 6 1     1 1       
1 1     1 1 1 1 1 1 1       

===============================
DOWN -- 4 8 4 9 LYING_ROW 0
========= CURRENT MAP =========

                        1 6 
    1 1 1 1 1 1       1 1 1 
  1 1 1     1 1     1 6 1 1 
  1 9 1       1 1 1 1 1     
  1 1 1         * * 1       
                  1 1       
        1 1 1     1 1       
1 1     1 6 1     1 1       
1 1     1 1 1 1 1 1 1       

===============================
RIGHT -- 4 10 4 10 STANDING 0
========= CURRENT MAP =========

                        1 6 
    1 1 1 1 1 1       1 1 1 
  1 1 1     1 1     1 6 1 1 
  1 9 1       1 1 1 1 1     
  1 1 1         1 1 *       
                  1 1       
        1 1 1     1 1       
1 1     1 6 1     1 1       
1 1     1 1 1 1 1 1 1       

===============================
UP -- 2 10 3 10 LYING_COL 0
========= CURRENT MAP =========

                        1 6 
    1 1 1 1 1 1       1 1 1 
  1 1 1     1 1     * 6 1 1 
  1 9 1       1 1 1 * 1     
  1 1 1         1 1 1       
                  1 1       
        1 1 1     1 1       
1 1     1 6 1     1 1       
1 1     1 1 1 1 1 1 1       

===============================
RIGHT -- 2 11 3 11 LYING_COL 0
========= CURRENT MAP =========

                        1 6 
    1 1 1 1 1 1       1 1 1 
  1 1 1     1 1     1 * 1 1 
  1 9 1       1 1 1 1 *     
  1 1 1         1 1 1       
                  1 1       
        1 1 1     1 1       
1 1     1 6 1     1 1       
1 1     1 1 1 1 1 1 1       

===============================
UP -- 1 11 1 11 STANDING 0
========= CURRENT MAP =========

                        1 6 
    1 1 1 1 1 1       * 1 1 
  1 1 1     1 1     1 6 1 1 
  1 9 1       1 1 1 1 1     
  1 1 1         1 1 1       
                  1 1       
        1 1 1     1 1       
1 1     1 6 1     1 1       
1 1     1 1 1 1 1 1 1       

===============================
RIGHT -- 1 12 1 13 LYING_ROW 0
========= CURRENT MAP =========

                        1 6 
    1 1 1 1 1 1       1 * * 
  1 1 1     1 1     1 6 1 1 
  1 9 1       1 1 1 1 1     
  1 1 1         1 1 1       
                  1 1       
        1 1 1     1 1       
1 1     1 6 1     1 1       
1 1     1 1 1 1 1 1 1       

===============================
DOWN -- 2 12 2 13 LYING_ROW 0
========= CURRENT MAP =========

                        1 6 
    1 1 1 1 1 1       1 1 1 
  1 1 1     1 1     1 6 * * 
  1 9 1       1 1 1 1 1     
  1 1 1         1 1 1       
                  1 1       
        1 1 1     1 1       
1 1     1 6 1     1 1       
1 1     1 1 1 1 1 1 1       

===============================
LEFT -- 2 11 2 11 STANDING 0
========= CURRENT MAP =========

                        1 6 
    1 1 1 1 1 1       1 1 1 
  1 1 1     1 1     1 * 1 1 
  1 9 1       1 1 1 1 1     
  1 1 1         1 1 1       
                  1 1       
        1 1 1     1 1       
1 1     1 6 1     1 1       
1 1 1 1 1 1 1 1 1 1 1       

===============================
RIGHT -- 2 12 2 13 LYING_ROW 0
========= CURRENT MAP =========

                        1 6 
    1 1 1 1 1 1       1 1 1 
  1 1 1     1 1     1 6 * * 
  1 9 1       1 1 1 1 1     
  1 1 1         1 1 1       
                  1 1       
        1 1 1     1 1       
1 1     1 6 1     1 1       
1 1 1 1 1 1 1 1 1 1 1       

===============================
UP -- 1 12 1 13 LYING_ROW 0
========= CURRENT MAP =========

                        1 6 
    1 1 1 1 1 1       1 * * 
  1 1 1     1 1     1 6 1 1 
  1 9 1       1 1 1 1 1     
  1 1 1         1 1 1       
                  1 1       
        1 1 1     1 1       
1 1     1 6 1     1 1       
1 1 1 1 1 1 1 1 1 1 1       

===============================
LEFT -- 1 11 1 11 STANDING 0
========= CURRENT MAP =========

                        1 6 
    1 1 1 1 1 1       * 1 1 
  1 1 1     1 1     1 6 1 1 
  1 9 1       1 1 1 1 1     
  1 1 1         1 1 1       
                  1 1       
        1 1 1     1 1       
1 1     1 6 1     1 1       
1 1 1 1 1 1 1 1 1 1 1       

===============================
DOWN -- 2 11 3 11 LYING_COL 0
========= CURRENT MAP =========

                        1 6 
    1 1 1 1 1 1       1 1 1 
  1 1 1     1 1     1 * 1 1 
  1 9 1       1 1 1 1 *     
  1 1 1         1 1 1       
                  1 1       
        1 1 1     1 1       
1 1     1 6 1     1 1       
1 1 1 1 1 1 1 1 1 1 1       

===============================
LEFT -- 2 10 3 10 LYING_COL 0
========= CURRENT MAP =========

                        1 6 
    1 1 1 1 1 1       1 1 1 
  1 1 1     1 1     * 6 1 1 
  1 9 1       1 1 1 * 1     
  1 1 1         1 1 1       
                  1 1       
        1 1 1     1 1       
1 1     1 6 1     1 1       
1 1 1 1 1 1 1 1 1 1 1       

===============================
DOWN -- 4 10 4 10 STANDING 0
========= CURRENT MAP =========

                        1 6 
    1 1 1 1 1 1       1 1 1 
  1 1 1     1 1     1 6 1 1 
  1 9 1       1 1 1 1 1     
  1 1 1         1 1 *       
                  1 1       
        1 1 1     1 1       
1 1     1 6 1     1 1       
1 1 1 1 1 1 1 1 1 1 1       

===============================
LEFT -- 4 8 4 9 LYING_ROW 0
========= CURRENT MAP =========

                        1 6 
    1 1 1 1 1 1       1 1 1 
  1 1 1     1 1     1 6 1 1 
  1 9 1       1 1 1 1 1     
  1 1 1         * * 1       
                  1 1       
        1 1 1     1 1       
1 1     1 6 1     1 1       
1 1 1 1 1 1 1 1 1 1 1       

===============================
UP -- 3 8 3 9 LYING_ROW 0
========= CURRENT MAP =========

                        1 6 
    1 1 1 1 1 1       1 1 1 
  1 1 1     1 1     1 6 1 1 
  1 9 1       1 * * 1 1     
  1 1 1         1 1 1       
                  1 1       
        1 1 1     1 1       
1 1     1 6 1     1 1       
1 1 1 1 1 1 1 1 1 1 1       

===============================
RIGHT -- 3 10 3 10 STANDING 0
========= CURRENT MAP =========

                        1 6 
    1 1 1 1 1 1       1 1 1 
  1 1 1     1 1     1 6 1 1 
  1 9 1       1 1 1 * 1     
  1 1 1         1 1 1       
                  1 1       
        1 1 1     1 1       
1 1     1 6 1     1 1       
1 1 1 1 1 1 1 1 1 1 1       

===============================
DOWN -- 4 10 5 10 LYING_COL 0
========= CURRENT MAP =========

                        1 6 
    1 1 1 1 1 1       1 1 1 
  1 1 1     1 1     1 6 1 1 
  1 9 1       1 1 1 1 1     
  1 1 1         1 1 *       
                  1 *       
        1 1 1     1 1       
1 1     1 6 1     1 1       
1 1 1 1 1 1 1 1 1 1 1       

===============================
LEFT -- 4 9 5 9 LYING_COL 0
========= CURRENT MAP =========

                        1 6 
    1 1 1 1 1 1       1 1 1 
  1 1 1     1 1     1 6 1 1 
  1 9 1       1 1 1 1 1     
  1 1 1         1 * 1       
                  * 1       
        1 1 1     1 1       
1 1     1 6 1     1 1       
1 1 1 1 1 1 1 1 1 1 1       

===============================
UP -- 3 9 3 9 STANDING 0
========= CURRENT MAP =========

                        1 6 
    1 1 1 1 1 1       1 1 1 
  1 1 1     1 1     1 6 1 1 
  1 9 1       1 1 * 1 1     
  1 1 1         1 1 1       
                  1 1       
        1 1 1     1 1       
1 1     1 6 1     1 1       
1 1 1 1 1 1 1 1 1 1 1       

===============================
RIGHT -- 3 10 3 11 LYING_ROW 0
========= CURRENT MAP =========

                        1 6 
    1 1 1 1 1 1       1 1 1 
  1 1 1     1 1     1 6 1 1 
  1 9 1       1 1 1 * *     
  1 1 1         1 1 1       
                  1 1       
        1 1 1     1 1       
1 1     1 6 1     1 1       
1 1 1 1 1 1 1 1 1 1 1       

===============================
UP -- 2 10 2 11 LYING_ROW 0
========= CURRENT MAP =========

                        1 6 
    1 1 1 1 1 1       1 1 1 
  1 1 1     1 1     * * 1 1 
  1 9 1       1 1 1 1 1     
  1 1 1         1 1 1       
                  1 1       
        1 1 1     1 1       
1 1     1 6 1     1 1       
1 1 1 1 1 1 1 1 1 1 1       

===============================
RIGHT -- 2 12 2 12 STANDING 0
========= CURRENT MAP =========

                        1 6 
    1 1 1 1 1 1       1 1 1 
  1 1 1     1 1     1 6 * 1 
  1 9 1       1 1 1 1 1     
  1 1 1         1 1 1       
                  1 1       
        1 1 1     1 1       
1 1     1 6 1     1 1       
1 1 1 1 1 1 1 1 1 1 1       

===============================
UP -- 0 12 1 12 LYING_COL 0
========= CURRENT MAP =========

                        * 6 
    1 1 1 1 1 1       1 * 1 
  1 1 1     1 1     1 6 1 1 
  1 9 1       1 1 1 1 1     
  1 1 1         1 1 1       
                  1 1       
        1 1 1     1 1       
1 1     1 6 1     1 1       
1 1 1 1 1 1 1 1 1 1 1       

===============================
RIGHT -- 0 13 1 13 LYING_COL 0
========= CURRENT MAP =========

                        1 * 
    1 1 1 1 1 1       1 1 * 
  1 1 1     1 1     1 6 1 1 
  1 9 1       1 1 1 1 1     
  1 1 1         1 1 1       
                  1 1       
        1 1 1     1 1       
1 1     1 6 1     1 1       
1 1 1 1 1 1 1 1 1 1 1       

===============================
DOWN -- 2 13 2 13 STANDING 0
========= CURRENT MAP =========

                        1 6 
    1 1 1 1 1 1       1 1 1 
  1 1 1     1 1     1 6 1 * 
  1 9 1       1 1 1 1 1     
  1 1 1         1 1 1       
                  1 1       
        1 1 1     1 1       
1 1     1 6 1     1 1       
1 1 1 1 1 1 1 1 1 1 1       

===============================
LEFT -- 2 11 2 12 LYING_ROW 0
========= CURRENT MAP =========

                        1 6 
    1 1 1 1 1 1       1 1 1 
  1 1 1     1 1     1 * * 1 
  1 9 1       1 1 1 1 1     
  1 1 1         1 1 1       
                  1 1       
        1 1 1     1 1       
1 1     1 6 1     1 1       
1 1 1 1 1 1 1 1 1 1 1       

===============================
LEFT -- 2 10 2 10 STANDING 0
========= CURRENT MAP =========

                        1 6 
    1 1 1 1 1 1       1 1 1 
  1 1 1     1 1     * 6 1 1 
  1 9 1       1 1 1 1 1     
  1 1 1         1 1 1       
                  1 1       
        1 1 1     1 1       
1 1     1 6 1     1 1       
1 1 1 1 1 1 1 1 1 1 1       

===============================
DOWN -- 3 10 4 10 LYING_COL 0
========= CURRENT MAP =========

                        1 6 
    1 1 1 1 1 1       1 1 1 
  1 1 1     1 1     1 6 1 1 
  1 9 1       1 1 1 * 1     
  1 1 1         1 1 *       
                  1 1       
        1 1 1     1 1       
1 1     1 6 1     1 1       
1 1 1 1 1 1 1 1 1 1 1       

===============================
LEFT -- 3 9 4 9 LYING_COL 0
========= CURRENT MAP =========

                        1 6 
    1 1 1 1 1 1       1 1 1 
  1 1 1     1 1     1 6 1 1 
  1 9 1       1 1 * 1 1     
  1 1 1         1 * 1       
                  1 1       
        1 1 1     1 1       
1 1     1 6 1     1 1       
1 1 1 1 1 1 1 1 1 1 1       

===============================
DOWN -- 5 9 5 9 STANDING 0
========= CURRENT MAP =========

                        1 6 
    1 1 1 1 1 1       1 1 1 
  1 1 1     1 1     1 6 1 1 
  1 9 1       1 1 1 1 1     
  1 1 1         1 1 1       
                  * 1       
        1 1 1     1 1       
1 1     1 6 1     1 1       
1 1 1 1 1 1 1 1 1 1 1       

===============================
DOWN -- 6 9 7 9 LYING_COL 0
========= CURRENT MAP =========

                        1 6 
    1 1 1 1 1 1       1 1 1 
  1 1 1     1 1     1 6 1 1 
  1 9 1       1 1 1 1 1     
  1 1 1         1 1 1       
                  1 1       
        1 1 1     * 1       
1 1     1 6 1     * 1       
1 1 1 1 1 1 1 1 1 1 1       

===============================
DOWN -- 8 9 8 9 STANDING 0
========= CURRENT MAP =========

                        1 6 
    1 1 1 1 1 1       1 1 1 
  1 1 1     1 1     1 6 1 1 
  1 9 1       1 1 1 1 1     
  1 1 1         1 1 1       
                  1 1       
        1 1 1     1 1       
1 1     1 6 1     1 1       
1 1 1 1 1 1 1 1 1 * 1       

===============================
LEFT -- 8 7 8 8 LYING_ROW 0
========= CURRENT MAP =========

                        1 6 
    1 1 1 1 1 1       1 1 1 
  1 1 1     1 1     1 6 1 1 
  1 9 1       1 1 1 1 1     
  1 1 1         1 1 1       
                  1 1       
        1 1 1     1 1       
1 1     1 6 1     1 1       
1 1 1 1 1 1 1 * * 1 1       

===============================
LEFT -- 8 6 8 6 STANDING 0
========= CURRENT MAP =========

                        1 6 
    1 1 1 1 1 1       1 1 1 
  1 1 1     1 1     1 6 1 1 
  1 9 1       1 1 1 1 1     
  1 1 1         1 1 1       
                  1 1       
        1 1 1     1 1       
1 1     1 6 1     1 1       
1 1 1 1 1 1 * 1 1 1 1       

===============================
UP -- 6 6 7 6 LYING_COL 0
========= CURRENT MAP =========

                        1 6 
    1 1 1 1 1 1       1 1 1 
  1 1 1     1 1     1 6 1 1 
  1 9 1       1 1 1 1 1     
  1 1 1         1 1 1       
                  1 1       
        1 1 *     1 1       
1 1     1 6 *     1 1       
1 1 1 1 1 1 1 1 1 1 1       

===============================
LEFT -- 6 5 7 5 LYING_COL 0
========= CURRENT MAP =========

                        1 6 
    1 1 1 1 1 1       1 1 1 
  1 1 1     1 1     1 6 1 1 
  1 9 1       1 1 1 1 1     
  1 1 1         1 1 1       
                  1 1       
        1 * 1     1 1       
1 1     1 * 1     1 1       
1 1 1 1 1 1 1 1 1 1 1       

===============================
DOWN -- 8 5 8 5 STANDING 0
========= CURRENT MAP =========

                        1 6 
    1 1 1 1 1 1       1 1 1 
  1 1 1     1 1     1 6 1 1 
  1 9 1       1 1 1 1 1     
  1 1 1         1 1 1       
                  1 1       
        1 1 1     1 1       
1 1     1 6 1     1 1       
1 1 1 1 1 * 1 1 1 1 1       

===============================
RIGHT -- 8 6 8 7 LYING_ROW 0
========= CURRENT MAP =========

                        1 6 
    1 1 1 1 1 1       1 1 1 
  1 1 1     1 1     1 6 1 1 
  1 9 1       1 1 1 1 1     
  1 1 1         1 1 1       
                  1 1       
        1 1 1     1 1       
1 1     1 6 1     1 1       
1 1 1 1 1 1 * * 1 1 1       

===============================
RIGHT -- 8 8 8 8 STANDING 0
========= CURRENT MAP =========

                        1 6 
    1 1 1 1 1 1       1 1 1 
  1 1 1     1 1     1 6 1 1 
  1 9 1       1 1 1 1 1     
  1 1 1         1 1 1       
                  1 1       
        1 1 1     1 1       
1 1     1 6 1     1 1       
1 1 1 1 1 1 1 1 * 1 1       

===============================
RIGHT -- 8 9 8 10 LYING_ROW 0
========= CURRENT MAP =========

                        1 6 
    1 1 1 1 1 1       1 1 1 
  1 1 1     1 1     1 6 1 1 
  1 9 1       1 1 1 1 1     
  1 1 1         1 1 1       
                  1 1       
        1 1 1     1 1       
1 1     1 6 1     1 1       
1 1 1 1 1 1 1 1 1 * *       

===============================
UP -- 7 9 7 10 LYING_ROW 0
========= CURRENT MAP =========

                        1 6 
    1 1 1 1 1 1       1 1 1 
  1 1 1     1 1     1 6 1 1 
  1 9 1       1 1 1 1 1     
  1 1 1         1 1 1       
                  1 1       
        1 1 1     1 1       
1 1     1 6 1     * *       
1 1 1 1 1 1 1 1 1 1 1       

===============================
UP -- 6 9 6 10 LYING_ROW 0
========= CURRENT MAP =========

                        1 6 
    1 1 1 1 1 1       1 1 1 
  1 1 1     1 1     1 6 1 1 
  1 9 1       1 1 1 1 1     
  1 1 1         1 1 1       
                  1 1       
        1 1 1     * *       
1 1     1 6 1     1 1       
1 1 1 1 1 1 1 1 1 1 1       

===============================
UP -- 5 9 5 10 LYING_ROW 0
========= CURRENT MAP =========

                        1 6 
    1 1 1 1 1 1       1 1 1 
  1 1 1     1 1     1 6 1 1 
  1 9 1       1 1 1 1 1     
  1 1 1         1 1 1       
                  * *       
        1 1 1     1 1       
1 1     1 6 1     1 1       
1 1 1 1 1 1 1 1 1 1 1       

===============================
UP -- 4 9 4 10 LYING_ROW 0
========= CURRENT MAP =========

                        1 6 
    1 1 1 1 1 1       1 1 1 
  1 1 1     1 1     1 6 1 1 
  1 9 1       1 1 1 1 1     
  1 1 1         1 * *       
                  1 1       
        1 1 1     1 1       
1 1     1 6 1     1 1       
1 1 1 1 1 1 1 1 1 1 1       

===============================
UP -- 3 9 3 10 LYING_ROW 0
========= CURRENT MAP =========

                        1 6 
    1 1 1 1 1 1       1 1 1 
  1 1 1     1 1     1 6 1 1 
  1 9 1       1 1 * * 1     
  1 1 1         1 1 1       
                  1 1       
        1 1 1     1 1       
1 1     1 6 1     1 1       
1 1 1 1 1 1 1 1 1 1 1       

===============================
RIGHT -- 3 11 3 11 STANDING 0
========= CURRENT MAP =========

                        1 6 
    1 1 1 1 1 1       1 1 1 
  1 1 1     1 1     1 6 1 1 
  1 9 1       1 1 1 1 *     
  1 1 1         1 1 1       
                  1 1       
        1 1 1     1 1       
1 1     1 6 1     1 1       
1 1 1 1 1 1 1 1 1 1 1       

===============================
UP -- 1 11 2 11 LYING_COL 0
========= CURRENT MAP =========

                        1 6 
    1 1 1 1 1 1       * 1 1 
  1 1 1     1 1     1 * 1 1 
  1 9 1       1 1 1 1 1     
  1 1 1         1 1 1       
                  1 1       
        1 1 1     1 1       
1 1     1 6 1     1 1       
1 1 1 1 1 1 1 1 1 1 1       

===============================
RIGHT -- 1 12 2 12 LYING_COL 0
========= CURRENT MAP =========

                        1 6 
    1 1 1 1 1 1       1 * 1 
  1 1 1     1 1     1 6 * 1 
  1 9 1       1 1 1 1 1     
  1 1 1         1 1 1       
                  1 1       
        1 1 1     1 1       
1 1     1 6 1     1 1       
1 1 1 1 1 1 1 1 1 1 1       

===============================
RIGHT -- 1 13 2 13 LYING_COL 0
========= CURRENT MAP =========

                        1 6 
    1 1 1 1 1 1       1 1 * 
  1 1 1     1 1     1 6 1 * 
  1 9 1       1 1 1 1 1     
  1 1 1         1 1 1       
                  1 1       
        1 1 1     1 1       
1 1     1 6 1     1 1       
1 1 1 1 1 1 1 1 1 1 1       

===============================
UP -- 0 13 0 13 STANDING 0
========= CURRENT MAP =========

                        1 * 
    1 1     1 1       1 1 1 
  1 1 1     1 1     1 6 1 1 
  1 9 1       1 1 1 1 1     
  1 1 1         1 1 1       
                  1 1       
        1 1 1     1 1       
1 1 1 1 1 6 1     1 1       
1 1 1 1 1 1 1 1 1 1 1       

===============================
DOWN -- 1 13 2 13 LYING_COL 0
========= CURRENT MAP =========

                        1 6 
    1 1     1 1       1 1 * 
  1 1 1     1 1     1 6 1 * 
  1 9 1       1 1 1 1 1     
  1 1 1         1 1 1       
                  1 1       
        1 1 1     1 1       
1 1 1 1 1 6 1     1 1       
1 1 1 1 1 1 1 1 1 1 1       

===============================
LEFT -- 1 12 2 12 LYING_COL 0
========= CURRENT MAP =========

                        1 6 
    1 1     1 1       1 * 1 
  1 1 1     1 1     1 6 * 1 
  1 9 1       1 1 1 1 1     
  1 1 1         1 1 1       
                  1 1       
        1 1 1     1 1       
1 1 1 1 1 6 1     1 1       
1 1 1 1 1 1 1 1 1 1 1       

===============================
LEFT -- 1 11 2 11 LYING_COL 0
========= CURRENT MAP =========

                        1 6 
    1 1     1 1       * 1 1 
  1 1 1     1 1     1 * 1 1 
  1 9 1       1 1 1 1 1     
  1 1 1         1 1 1       
                  1 1       
        1 1 1     1 1       
1 1 1 1 1 6 1     1 1       
1 1 1 1 1 1 1 1 1 1 1       

===============================
DOWN -- 3 11 3 11 STANDING 0
========= CURRENT MAP =========

                        1 6 
    1 1     1 1       1 1 1 
  1 1 1     1 1     1 6 1 1 
  1 9 1       1 1 1 1 *     
  1 1 1         1 1 1       
                  1 1       
        1 1 1     1 1       
1 1 1 1 1 6 1     1 1       
1 1 1 1 1 1 1 1 1 1 1       

===============================
LEFT -- 3 9 3 10 LYING_ROW 0
========= CURRENT MAP =========

                        1 6 
    1 1     1 1       1 1 1 
  1 1 1     1 1     1 6 1 1 
  1 9 1       1 1 * * 1     
  1 1 1         1 1 1       
                  1 1       
        1 1 1     1 1       
1 1 1 1 1 6 1     1 1       
1 1 1 1 1 1 1 1 1 1 1       

===============================
DOWN -- 4 9 4 10 LYING_ROW 0
========= CURRENT MAP =========

                        1 6 
    1 1     1 1       1 1 1 
  1 1 1     1 1     1 6 1 1 
  1 9 1       1 1 1 1 1     
  1 1 1         1 * *       
                  1 1       
        1 1 1     1 1       
1 1 1 1 1 6 1     1 1       
1 1 1 1 1 1 1 1 1 1 1       

===============================
DOWN -- 5 9 5 10 LYING_ROW 0
========= CURRENT MAP =========

                        1 6 
    1 1     1 1       1 1 1 
  1 1 1     1 1     1 6 1 1 
  1 9 1       1 1 1 1 1     
  1 1 1         1 1 1       
                  * *       
        1 1 1     1 1       
1 1 1 1 1 6 1     1 1       
1 1 1 1 1 1 1 1 1 1 1       

===============================
DOWN -- 6 9 6 10 LYING_ROW 0
========= CURRENT MAP =========

                        1 6 
    1 1     1 1       1 1 1 
  1 1 1     1 1     1 6 1 1 
  1 9 1       1 1 1 1 1     
  1 1 1         1 1 1       
                  1 1       
        1 1 1     * *       
1 1 1 1 1 6 1     1 1       
1 1 1 1 1 1 1 1 1 1 1       

===============================
DOWN -- 7 9 7 10 LYING_ROW 0
========= CURRENT MAP =========

                        1 6 
    1 1     1 1       1 1 1 
  1 1 1     1 1     1 6 1 1 
  1 9 1       1 1 1 1 1     
  1 1 1         1 1 1       
                  1 1       
        1 1 1     1 1       
1 1 1 1 1 6 1     * *       
1 1 1 1 1 1 1 1 1 1 1       

===============================
DOWN -- 8 9 8 10 LYING_ROW 0
========= CURRENT MAP =========

                        1 6 
    1 1     1 1       1 1 1 
  1 1 1     1 1     1 6 1 1 
  1 9 1       1 1 1 1 1     
  1 1 1         1 1 1       
                  1 1       
        1 1 1     1 1       
1 1 1 1 1 6 1     1 1       
1 1 1 1 1 1 1 1 1 * *       

===============================
LEFT -- 8 8 8 8 STANDING 0
========= CURRENT MAP =========

                        1 6 
    1 1     1 1       1 1 1 
  1 1 1     1 1     1 6 1 1 
  1 9 1       1 1 1 1 1     
  1 1 1         1 1 1       
                  1 1       
        1 1 1     1 1       
1 1 1 1 1 6 1     1 1       
1 1 1 1 1 1 1 1 * 1 1       

===============================
LEFT -- 8 6 8 7 LYING_ROW 0
========= CURRENT MAP =========

                        1 6 
    1 1     1 1       1 1 1 
  1 1 1     1 1     1 6 1 1 
  1 9 1       1 1 1 1 1     
  1 1 1         1 1 1       
                  1 1       
        1 1 1     1 1       
1 1 1 1 1 6 1     1 1       
1 1 1 1 1 1 * * 1 1 1       

===============================
LEFT -- 8 5 8 5 STANDING 0
========= CURRENT MAP =========

                        1 6 
    1 1     1 1       1 1 1 
  1 1 1     1 1     1 6 1 1 
  1 9 1       1 1 1 1 1     
  1 1 1         1 1 1       
                  1 1       
        1 1 1     1 1       
1 1 1 1 1 6 1     1 1       
1 1 1 1 1 * 1 1 1 1 1       

===============================
LEFT -- 8 3 8 4 LYING_ROW 0
========= CURRENT MAP =========

                        1 6 
    1 1     1 1       1 1 1 
  1 1 1     1 1     1 6 1 1 
  1 9 1       1 1 1 1 1     
  1 1 1         1 1 1       
                  1 1       
        1 1 1     1 1       
1 1 1 1 1 6 1     1 1       
1 1 1 * * 1 1 1 1 1 1       

===============================
UP -- 7 3 7 4 LYING_ROW 0
========= CURRENT MAP =========

                        1 6 
    1 1     1 1       1 1 1 
  1 1 1     1 1     1 6 1 1 
  1 9 1       1 1 1 1 1     
  1 1 1         1 1 1       
                  1 1       
        1 1 1     1 1       
1 1 1 * * 6 1     1 1       
1 1 1 1 1 1 1 1 1 1 1       

===============================
RIGHT -- 7 5 7 5 STANDING 0
========= CURRENT MAP =========

                        1 6 
    1 1     1 1       1 1 1 
  1 1 1 1 1 1 1     1 6 1 1 
  1 9 1       1 1 1 1 1     
  1 1 1         1 1 1       
                  1 1       
        1 1 1     1 1       
1 1 1 1 1 * 1     1 1       
1 1 1 1 1 1 1 1 1 1 1       

===============================
LEFT -- 7 3 7 4 LYING_ROW 0
========= CURRENT MAP =========

                        1 6 
    1 1     1 1       1 1 1 
  1 1 1 1 1 1 1     1 6 1 1 
  1 9 1       1 1 1 1 1     
  1 1 1         1 1 1       
                  1 1       
        1 1 1     1 1       
1 1 1 * * 6 1     1 1       
1 1 1 1 1 1 1 1 1 1 1       

===============================
DOWN -- 8 3 8 4 LYING_ROW 0
========= CURRENT MAP =========

                        1 6 
    1 1     1 1       1 1 1 
  1 1 1 1 1 1 1     1 6 1 1 
  1 9 1       1 1 1 1 1     
  1 1 1         1 1 1       
                  1 1       
        1 1 1     1 1       
1 1 1 1 1 6 1     1 1       
1 1 1 * * 1 1 1 1 1 1       

===============================
RIGHT -- 8 5 8 5 STANDING 0
========= CURRENT MAP =========

                        1 6 
    1 1     1 1       1 1 1 
  1 1 1 1 1 1 1     1 6 1 1 
  1 9 1       1 1 1 1 1     
  1 1 1         1 1 1       
                  1 1       
        1 1 1     1 1       
1 1 1 1 1 6 1     1 1       
1 1 1 1 1 * 1 1 1 1 1       

===============================
RIGHT -- 8 6 8 7 LYING_ROW 0
========= CURRENT MAP =========

                        1 6 
    1 1     1 1       1 1 1 
  1 1 1 1 1 1 1     1 6 1 1 
  1 9 1       1 1 1 1 1     
  1 1 1         1 1 1       
                  1 1       
        1 1 1     1 1       
1 1 1 1 1 6 1     1 1       
1 1 1 1 1 1 * * 1 1 1       

===============================
RIGHT -- 8 8 8 8 STANDING 0
========= CURRENT MAP =========

                        1 6 
    1 1     1 1       1 1 1 
  1 1 1 1 1 1 1     1 6 1 1 
  1 9 1       1 1 1 1 1     
  1 1 1         1 1 1       
                  1 1       
        1 1 1     1 1       
1 1 1 1 1 6 1     1 1       
1 1 1 1 1 1 1 1 * 1 1       

===============================
RIGHT -- 8 9 8 10 LYING_ROW 0
========= CURRENT MAP =========

                        1 6 
    1 1     1 1       1 1 1 
  1 1 1 1 1 1 1     1 6 1 1 
  1 9 1       1 1 1 1 1     
  1 1 1         1 1 1       
                  1 1       
        1 1 1     1 1       
1 1 1 1 1 6 1     1 1       
1 1 1 1 1 1 1 1 1 * *       

===============================
UP -- 7 9 7 10 LYING_ROW 0
========= CURRENT MAP =========

                        1 6 
    1 1     1 1       1 1 1 
  1 1 1 1 1 1 1     1 6 1 1 
  1 9 1       1 1 1 1 1     
  1 1 1         1 1 1       
                  1 1       
        1 1 1     1 1       
1 1 1 1 1 6 1     * *       
1 1 1 1 1 1 1 1 1 1 1       

===============================
UP -- 6 9 6 10 LYING_ROW 0
========= CURRENT MAP =========

                        1 6 
    1 1     1 1       1 1 1 
  1 1 1 1 1 1 1     1 6 1 1 
  1 9 1       1 1 1 1 1     
  1 1 1         1 1 1       
                  1 1       
        1 1 1     * *       
1 1 1 1 1 6 1     1 1       
1 1 1 1 1 1 1 1 1 1 1       

===============================
UP -- 5 9 5 10 LYING_ROW 0
========= CURRENT MAP =========

                        1 6 
    1 1     1 1       1 1 1 
  1 1 1 1 1 1 1     1 6 1 1 
  1 9 1       1 1 1 1 1     
  1 1 1         1 1 1       
                  * *       
        1 1 1     1 1       
1 1 1 1 1 6 1     1 1       
1 1 1 1 1 1 1 1 1 1 1       

===============================
UP -- 4 9 4 10 LYING_ROW 0
========= CURRENT MAP =========

                        1 6 
    1 1     1 1       1 1 1 
  1 1 1 1 1 1 1     1 6 1 1 
  1 9 1       1 1 1 1 1     
  1 1 1         1 * *       
                  1 1       
        1 1 1     1 1       
1 1 1 1 1 6 1     1 1       
1 1 1 1 1 1 1 1 1 1 1       

===============================
UP -- 3 9 3 10 LYING_ROW 0
========= CURRENT MAP =========

                        1 6 
    1 1     1 1       1 1 1 
  1 1 1 1 1 1 1     1 6 1 1 
  1 9 1       1 1 * * 1     
  1 1 1         1 1 1       
                  1 1       
        1 1 1     1 1       
1 1 1 1 1 6 1     1 1       
1 1 1 1 1 1 1 1 1 1 1       

===============================
RIGHT -- 3 11 3 11 STANDING 0
========= CURRENT MAP =========

                        1 6 
    1 1     1 1       1 1 1 
  1 1 1 1 1 1 1     1 6 1 1 
  1 9 1       1 1 1 1 *     
  1 1 1         1 1 1       
                  1 1       
        1 1 1     1 1       
1 1 1 1 1 6 1     1 1       
1 1 1 1 1 1 1 1 1 1 1       

===============================
UP -- 1 11 2 11 LYING_COL 0
========= CURRENT MAP =========

                        1 6 
    1 1     1 1       * 1 1 
  1 1 1 1 1 1 1     1 * 1 1 
  1 9 1       1 1 1 1 1     
  1 1 1         1 1 1       
                  1 1       
        1 1 1     1 1       
1 1 1 1 1 6 1     1 1       
1 1 1 1 1 1 1 1 1 1 1       

===============================
RIGHT -- 1 12 2 12 LYING_COL 0
========= CURRENT MAP =========

                        1 6 
    1 1     1 1       1 * 1 
  1 1 1 1 1 1 1     1 6 * 1 
  1 9 1       1 1 1 1 1     
  1 1 1         1 1 1       
                  1 1       
        1 1 1     1 1       
1 1 1 1 1 6 1     1 1       
1 1 1 1 1 1 1 1 1 1 1       

===============================
RIGHT -- 1 13 2 13 LYING_COL 0
========= CURRENT MAP =========

                        1 6 
    1 1     1 1       1 1 * 
  1 1 1 1 1 1 1     1 6 1 * 
  1 9 1       1 1 1 1 1     
  1 1 1         1 1 1       
                  1 1       
        1 1 1     1 1       
1 1 1 1 1 6 1     1 1       
1 1 1 1 1 1 1 1 1 1 1       

===============================
UP -- 0 13 0 13 STANDING 0
========= CURRENT MAP =========

                        1 * 
    1 1 1 1 1 1       1 1 1 
  1 1 1 1 1 1 1     1 6 1 1 
  1 9 1       1 1 1 1 1     
  1 1 1         1 1 1       
                  1 1       
        1 1 1     1 1       
1 1     1 6 1     1 1       
1 1 1 1 1 1 1 1 1 1 1       

===============================
DOWN -- 1 13 2 13 LYING_COL 0
========= CURRENT MAP =========

                        1 6 
    1 1 1 1 1 1       1 1 * 
  1 1 1 1 1 1 1     1 6 1 * 
  1 9 1       1 1 1 1 1     
  1 1 1         1 1 1       
                  1 1       
        1 1 1     1 1       
1 1     1 6 1     1 1       
1 1 1 1 1 1 1 1 1 1 1       

===============================
LEFT -- 1 12 2 12 LYING_COL 0
========= CURRENT MAP =========

                        1 6 
    1 1 1 1 1 1       1 * 1 
  1 1 1 1 1 1 1     1 6 * 1 
  1 9 1       1 1 1 1 1     
  1 1 1         1 1 1       
                  1 1       
        1 1 1     1 1       
1 1     1 6 1     1 1       
1 1 1 1 1 1 1 1 1 1 1       

===============================
LEFT -- 1 11 2 11 LYING_COL 0
========= CURRENT MAP =========

                        1 6 
    1 1 1 1 1 1       * 1 1 
  1 1 1 1 1 1 1     1 * 1 1 
  1 9 1       1 1 1 1 1     
  1 1 1         1 1 1       
                  1 1       
        1 1 1     1 1       
1 1     1 6 1     1 1       
1 1 1 1 1 1 1 1 1 1 1       

===============================
DOWN -- 3 11 3 11 STANDING 0
========= CURRENT MAP =========

                        1 6 
    1 1 1 1 1 1       1 1 1 
  1 1 1 1 1 1 1     1 6 1 1 
  1 9 1       1 1 1 1 *     
  1 1 1         1 1 1       
                  1 1       
        1 1 1     1 1       
1 1     1 6 1     1 1       
1 1 1 1 1 1 1 1 1 1 1       

===============================
LEFT -- 3 9 3 10 LYING_ROW 0
========= CURRENT MAP =========

                        1 6 
    1 1 1 1 1 1       1 1 1 
  1 1 1 1 1 1 1     1 6 1 1 
  1 9 1       1 1 * * 1     
  1 1 1         1 1 1       
                  1 1       
        1 1 1     1 1       
1 1     1 6 1     1 1       
1 1 1 1 1 1 1 1 1 1 1       

===============================
DOWN -- 4 9 4 10 LYING_ROW 0
========= CURRENT MAP =========

                        1 6 
    1 1 1 1 1 1       1 1 1 
  1 1 1 1 1 1 1     1 6 1 1 
  1 9 1       1 1 1 1 1     
  1 1 1         1 * *       
                  1 1       
        1 1 1     1 1       
1 1     1 6 1     1 1       
1 1 1 1 1 1 1 1 1 1 1       

===============================
DOWN -- 5 9 5 10 LYING_ROW 0
========= CURRENT MAP =========

                        1 6 
    1 1 1 1 1 1       1 1 1 
  1 1 1 1 1 1 1     1 6 1 1 
  1 9 1       1 1 1 1 1     
  1 1 1         1 1 1       
                  * *       
        1 1 1     1 1       
1 1     1 6 1     1 1       
1 1 1 1 1 1 1 1 1 1 1       

===============================
DOWN -- 6 9 6 10 LYING_ROW 0
========= CURRENT MAP =========

                        1 6 
    1 1 1 1 1 1       1 1 1 
  1 1 1 1 1 1 1     1 6 1 1 
  1 9 1       1 1 1 1 1     
  1 1 1         1 1 1       
                  1 1       
        1 1 1     * *       
1 1     1 6 1     1 1       
1 1 1 1 1 1 1 1 1 1 1       

===============================
DOWN -- 7 9 7 10 LYING_ROW 0
========= CURRENT MAP =========

                        1 6 
    1 1 1 1 1 1       1 1 1 
  1 1 1 1 1 1 1     1 6 1 1 
  1 9 1       1 1 1 1 1     
  1 1 1         1 1 1       
                  1 1       
        1 1 1     1 1       
1 1     1 6 1     * *       
1 1 1 1 1 1 1 1 1 1 1       

===============================
DOWN -- 8 9 8 10 LYING_ROW 0
========= CURRENT MAP =========

                        1 6 
    1 1 1 1 1 1       1 1 1 
  1 1 1 1 1 1 1     1 6 1 1 
  1 9 1       1 1 1 1 1     
  1 1 1         1 1 1       
                  1 1       
        1 1 1     1 1       
1 1     1 6 1     1 1       
1 1 1 1 1 1 1 1 1 * *       

===============================
LEFT -- 8 8 8 8 STANDING 0
========= CURRENT MAP =========

                        1 6 
    1 1 1 1 1 1       1 1 1 
  1 1 1 1 1 1 1     1 6 1 1 
  1 9 1       1 1 1 1 1     
  1 1 1         1 1 1       
                  1 1       
        1 1 1     1 1       
1 1     1 6 1     1 1       
1 1 1 1 1 1 1 1 * 1 1       

===============================
LEFT -- 8 6 8 7 LYING_ROW 0
========= CURRENT MAP =========

                        1 6 
    1 1 1 1 1 1       1 1 1 
  1 1 1 1 1 1 1     1 6 1 1 
  1 9 1       1 1 1 1 1     
  1 1 1         1 1 1       
                  1 1       
        1 1 1     1 1       
1 1     1 6 1     1 1       
1 1 1 1 1 1 * * 1 1 1       

===============================
LEFT -- 8 5 8 5 STANDING 0
========= CURRENT MAP =========

                        1 6 
    1 1 1 1 1 1       1 1 1 
  1 1 1 1 1 1 1     1 6 1 1 
  1 9 1       1 1 1 1 1     
  1 1 1         1 1 1       
                  1 1       
        1 1 1     1 1       
1 1     1 6 1     1 1       
1 1 1 1 1 * 1 1 1 1 1       

===============================
UP -- 6 5 7 5 LYING_COL 0
========= CURRENT MAP =========

                        1 6 
    1 1 1 1 1 1       1 1 1 
  1 1 1 1 1 1 1     1 6 1 1 
  1 9 1       1 1 1 1 1     
  1 1 1         1 1 1       
                  1 1       
        1 * 1     1 1       
1 1     1 * 1     1 1       
1 1 1 1 1 1 1 1 1 1 1       

===============================
RIGHT -- 6 6 7 6 LYING_COL 0
========= CURRENT MAP =========

                        1 6 
    1 1 1 1 1 1       1 1 1 
  1 1 1 1 1 1 1     1 6 1 1 
  1 9 1       1 1 1 1 1     
  1 1 1         1 1 1       
                  1 1       
        1 1 *     1 1       
1 1     1 6 *     1 1       
1 1 1 1 1 1 1 1 1 1 1       

===============================
DOWN -- 8 6 8 6 STANDING 0
========= CURRENT MAP =========

                        1 6 
    1 1 1 1 1 1       1 1 1 
  1 1 1 1 1 1 1     1 6 1 1 
  1 9 1       1 1 1 1 1     
  1 1 1         1 1 1       
                  1 1       
        1 1 1     1 1       
1 1     1 6 1     1 1       
1 1 1 1 1 1 * 1 1 1 1       

===============================
RIGHT -- 8 7 8 8 LYING_ROW 0
========= CURRENT MAP =========

                        1 6 
    1 1 1 1 1 1       1 1 1 
  1 1 1 1 1 1 1     1 6 1 1 
  1 9 1       1 1 1 1 1     
  1 1 1         1 1 1       
                  1 1       
        1 1 1     1 1       
1 1     1 6 1     1 1       
1 1 1 1 1 1 1 * * 1 1       

===============================
RIGHT -- 8 9 8 9 STANDING 0
========= CURRENT MAP =========

                        1 6 
    1 1 1 1 1 1       1 1 1 
  1 1 1 1 1 1 1     1 6 1 1 
  1 9 1       1 1 1 1 1     
  1 1 1         1 1 1       
                  1 1       
        1 1 1     1 1       
1 1     1 6 1     1 1       
1 1 1 1 1 1 1 1 1 * 1       

===============================
UP -- 6 9 7 9 LYING_COL 0
========= CURRENT MAP =========

                        1 6 
    1 1 1 1 1 1       1 1 1 
  1 1 1 1 1 1 1     1 6 1 1 
  1 9 1       1 1 1 1 1     
  1 1 1         1 1 1       
                  1 1       
        1 1 1     * 1       
1 1     1 6 1     * 1       
1 1 1 1 1 1 1 1 1 1 1       

===============================
RIGHT -- 6 10 7 10 LYING_COL 0
========= CURRENT MAP =========

                        1 6 
    1 1 1 1 1 1       1 1 1 
  1 1 1 1 1 1 1     1 6 1 1 
  1 9 1       1 1 1 1 1     
  1 1 1         1 1 1       
                  1 1       
        1 1 1     1 *       
1 1     1 6 1     1 *       
1 1 1 1 1 1 1 1 1 1 1       

===============================
UP -- 5 10 5 10 STANDING 0
========= CURRENT MAP =========

                        1 6 
    1 1 1 1 1 1       1 1 1 
  1 1 1 1 1 1 1     1 6 1 1 
  1 9 1       1 1 1 1 1     
  1 1 1         1 1 1       
                  1 *       
        1 1 1     1 1       
1 1     1 6 1     1 1       
1 1 1 1 1 1 1 1 1 1 1       

===============================
UP -- 3 10 4 10 LYING_COL 0
========= CURRENT MAP =========

                        1 6 
    1 1 1 1 1 1       1 1 1 
  1 1 1 1 1 1 1     1 6 1 1 
  1 9 1       1 1 1 * 1     
  1 1 1         1 1 *       
                  1 1       
        1 1 1     1 1       
1 1     1 6 1     1 1       
1 1 1 1 1 1 1 1 1 1 1       

===============================
UP -- 2 10 2 10 STANDING 0
========= CURRENT MAP =========

                        1 6 
    1 1 1 1 1 1       1 1 1 
  1 1 1 1 1 1 1     * 6 1 1 
  1 9 1       1 1 1 1 1     
  1 1 1         1 1 1       
                  1 1       
        1 1 1     1 1       
1 1     1 6 1     1 1       
1 1 1 1 1 1 1 1 1 1 1       

===============================
RIGHT -- 2 11 2 12 LYING_ROW 0
========= CURRENT MAP =========

                        1 6 
    1 1 1 1 1 1       1 1 1 
  1 1 1 1 1 1 1     1 * * 1 
  1 9 1       1 1 1 1 1     
  1 1 1         1 1 1       
                  1 1       
        1 1 1     1 1       
1 1     1 6 1     1 1       
1 1 1 1 1 1 1 1 1 1 1       

===============================
RIGHT -- 2 13 2 13 STANDING 0
========= CURRENT MAP =========

                        1 6 
    1 1 1 1 1 1       1 1 1 
  1 1 1 1 1 1 1     1 6 1 * 
  1 9 1       1 1 1 1 1     
  1 1 1         1 1 1       
                  1 1       
        1 1 1     1 1       
1 1     1 6 1     1 1       
1 1 1 1 1 1 1 1 1 1 1       

===============================
UP -- 0 13 1 13 LYING_COL 0
========= CURRENT MAP =========

                        1 * 
    1 1 1 1 1 1       1 1 * 
  1 1 1 1 1 1 1     1 6 1 1 
  1 9 1       1 1 1 1 1     
  1 1 1         1 1 1       
                  1 1       
        1 1 1     1 1       
1 1     1 6 1     1 1       
1 1 1 1 1 1 1 1 1 1 1       

===============================
LEFT -- 0 12 1 12 LYING_COL 0
========= CURRENT MAP =========

                        * 6 
    1 1 1 1 1 1       1 * 1 
  1 1 1 1 1 1 1     1 6 1 1 
  1 9 1       1 1 1 1 1     
  1 1 1         1 1 1       
                  1 1       
        1 1 1     1 1       
1 1     1 6 1     1 1       
1 1 1 1 1 1 1 1 1 1 1       

===============================
DOWN -- 2 12 2 12 STANDING 0
========= CURRENT MAP =========

                        1 6 
    1 1 1 1 1 1       1 1 1 
  1 1 1 1 1 1 1     1 6 * 1 
  1 9 1       1 1 1 1 1     
  1 1 1         1 1 1       
                  1 1       
        1 1 1     1 1       
1 1     1 6 1     1 1       
1 1 1 1 1 1 1 1 1 1 1       

===============================
LEFT -- 2 10 2 11 LYING_ROW 0
========= CURRENT MAP =========

                        1 6 
    1 1 1 1 1 1       1 1 1 
  1 1 1 1 1 1 1     * * 1 1 
  1 9 1       1 1 1 1 1     
  1 1 1         1 1 1       
                  1 1       
        1 1 1     1 1       
1 1     1 6 1     1 1       
1 1 1 1 1 1 1 1 1 1 1       

===============================
DOWN -- 3 10 3 11 LYING_ROW 0
========= CURRENT MAP =========

                        1 6 
    1 1 1 1 1 1       1 1 1 
  1 1 1 1 1 1 1     1 6 1 1 
  1 9 1       1 1 1 * *     
  1 1 1         1 1 1       
                  1 1       
        1 1 1     1 1       
1 1     1 6 1     1 1       
1 1 1 1 1 1 1 1 1 1 1       

===============================
LEFT -- 3 9 3 9 STANDING 0
========= CURRENT MAP =========

                        1 6 
    1 1 1 1 1 1       1 1 1 
  1 1 1 1 1 1 1     1 6 1 1 
  1 9 1       1 1 * 1 1     
  1 1 1         1 1 1       
                  1 1       
        1 1 1     1 1       
1 1     1 6 1     1 1       
1 1 1 1 1 1 1 1 1 1 1       

===============================
DOWN -- 4 9 5 9 LYING_COL 0
========= CURRENT MAP =========

                        1 6 
    1 1 1 1 1 1       1 1 1 
  1 1 1 1 1 1 1     1 6 1 1 
  1 9 1       1 1 1 1 1     
  1 1 1         1 * 1       
                  * 1       
        1 1 1     1 1       
1 1     1 6 1     1 1       
1 1 1 1 1 1 1 1 1 1 1       

===============================
RIGHT -- 4 10 5 10 LYING_COL 0
========= CURRENT MAP =========

                        1 6 
    1 1 1 1 1 1       1 1 1 
  1 1 1 1 1 1 1     1 6 1 1 
  1 9 1       1 1 1 1 1     
  1 1 1         1 1 *       
                  1 *       
        1 1 1     1 1       
1 1     1 6 1     1 1       
1 1 1 1 1 1 1 1 1 1 1       

===============================
UP -- 3 10 3 10 STANDING 0
========= CURRENT MAP =========

                        1 6 
    1 1 1 1 1 1       1 1 1 
  1 1 1 1 1 1 1     1 6 1 1 
  1 9 1       1 1 1 * 1     
  1 1 1         1 1 1       
                  1 1       
        1 1 1     1 1       
1 1     1 6 1     1 1       
1 1 1 1 1 1 1 1 1 1 1       

===============================
LEFT -- 3 8 3 9 LYING_ROW 0
========= CURRENT MAP =========

                        1 6 
    1 1 1 1 1 1       1 1 1 
  1 1 1 1 1 1 1     1 6 1 1 
  1 9 1       1 * * 1 1     
  1 1 1         1 1 1       
                  1 1       
        1 1 1     1 1       
1 1     1 6 1     1 1       
1 1 1 1 1 1 1 1 1 1 1       

===============================
LEFT -- 3 7 3 7 STANDING 0
========= CURRENT MAP =========

                        1 6 
    1 1 1 1 1 1       1 1 1 
  1 1 1 1 1 1 1     1 6 1 1 
  1 9 1       * 1 1 1 1     
  1 1 1         1 1 1       
                  1 1       
        1 1 1     1 1       
1 1     1 6 1     1 1       
1 1 1 1 1 1 1 1 1 1 1       

===============================
UP -- 1 7 2 7 LYING_COL 0
========= CURRENT MAP =========

                        1 6 
    1 1 1 1 1 *       1 1 1 
  1 1 1 1 1 1 *     1 6 1 1 
  1 9 1       1 1 1 1 1     
  1 1 1         1 1 1       
                  1 1       
        1 1 1     1 1       
1 1     1 6 1     1 1       
1 1 1 1 1 1 1 1 1 1 1       

===============================
LEFT -- 1 6 2 6 LYING_COL 0
========= CURRENT MAP =========

                        1 6 
    1 1 1 1 * 1       1 1 1 
  1 1 1 1 1 * 1     1 6 1 1 
  1 9 1       1 1 1 1 1     
  1 1 1         1 1 1       
                  1 1       
        1 1 1     1 1       
1 1     1 6 1     1 1       
1 1 1 1 1 1 1 1 1 1 1       

===============================
LEFT -- 1 5 2 5 LYING_COL 0
========= CURRENT MAP =========

                        1 6 
    1 1 1 * 1 1       1 1 1 
  1 1 1 1 * 1 1     1 6 1 1 
  1 9 1       1 1 1 1 1     
  1 1 1         1 1 1       
                  1 1       
        1 1 1     1 1       
1 1     1 6 1     1 1       
1 1 1 1 1 1 1 1 1 1 1       

===============================
LEFT -- 1 4 2 4 LYING_COL 0
========= CURRENT MAP =========

                        1 6 
    1 1 * 1 1 1       1 1 1 
  1 1 1 * 1 1 1     1 6 1 1 
  1 9 1       1 1 1 1 1     
  1 1 1         1 1 1       
                  1 1       
        1 1 1     1 1       
1 1     1 6 1     1 1       
1 1 1 1 1 1 1 1 1 1 1       

===============================
LEFT -- 1 3 2 3 LYING_COL 0
========= CURRENT MAP =========

                        1 6 
    1 * 1 1 1 1       1 1 1 
  1 1 * 1 1 1 1     1 6 1 1 
  1 9 1       1 1 1 1 1     
  1 1 1         1 1 1       
                  1 1       
        1 1 1     1 1       
1 1     1 6 1     1 1       
1 1 1 1 1 1 1 1 1 1 1       

===============================
LEFT -- 1 2 2 2 LYING_COL 0
========= CURRENT MAP =========

                        1 6 
    * 1 1 1 1 1       1 1 1 
  1 * 1 1 1 1 1     1 6 1 1 
  1 9 1       1 1 1 1 1     
  1 1 1         1 1 1       
                  1 1       
        1 1 1     1 1       
1 1     1 6 1     1 1       
1 1 1 1 1 1 1 1 1 1 1       

===============================
DOWN -- 3 2 3 2 STANDING 0
========= CURRENT MAP =========

                        1 6 
    1 1 1 1 1 1       1 1 1 
  1 1 1 1 1 1 1     1 6 1 1 
  1 * 1       1 1 1 1 1     
  1 1 1         1 1 1       
                  1 1       
        1 1 1     1 1       
1 1     1 6 1     1 1       
1 1 1 1 1 1 1 1 1 1 1       

===============================

=========== STAT 32 ============
STATUS: SUCCESS
PROCESS TIME: 0:00:00.714811
PROCESS MEMORY: 4636672
REAL STEP: 130
VIRTUAL STEP: 7377
===============================

PRESS KEY: UULDRURURDLRULDLDLURDLURURURDLLDLDDDLLULDRRRUUUUURURRUDLLDLDDDDDLLLLURLDRRRRUUUUURURRUDLLDLDDDDDLLLURDRRURUUURRULDLDLDRULLULLLLLD

