START -- 6 2 6 2 STANDING 0
========= CURRENT MAP =========

                        6 
          1 1 1     1 1 1 
          1 6 1 1 1 1 1   
      1 1 1 1 1     1 1   
      1 9 1         1 1   
  1 1 1 1 1       1 1 1 1 
1 1 * 1           1 1 1 1 
1 1 1 1     1 1 1 1 1     
          1 1 1           
          1 1 1           

===============================
LEFT -- 6 0 6 1 LYING_ROW 0
========= CURRENT MAP =========

                        6 
          1 1 1     1 1 1 
          1 6 1 1 1 1 1   
      1 1 1 1 1     1 1   
      1 9 1         1 1   
  1 1 1 1 1       1 1 1 1 
* * 1 1           1 1 1 1 
1 1 1 1     1 1 1 1 1     
          1 1 1           
          1 1 1           

===============================
DOWN -- 7 0 7 1 LYING_ROW 0
========= CURRENT MAP =========

                        6 
          1 1 1     1 1 1 
          1 6 1 1 1 1 1   
      1 1 1 1 1     1 1   
      1 9 1         1 1   
  1 1 1 1 1       1 1 1 1 
1 1 1 1           1 1 1 1 
* * 1 1     1 1 1 1 1     
          1 1 1           
          1 1 1           

===============================
RIGHT -- 7 2 7 2 STANDING 0
========= CURRENT MAP =========

                        6 
          1 1 1     1 1 1 
          1 6 1 1 1 1 1   
      1 1 1 1 1     1 1   
      1 9 1         1 1   
  1 1 1 1 1       1 1 1 1 
1 1 1 1           1 1 1 1 
1 1 * 1     1 1 1 1 1     
          1 1 1           
          1 1 1           

===============================
UP -- 5 2 6 2 LYING_COL 0
========= CURRENT MAP =========

                        6 
          1 1 1     1 1 1 
          1 6 1 1 1 1 1   
      1 1 1 1 1     1 1   
      1 9 1         1 1   
  1 * 1 1 1       1 1 1 1 
1 1 * 1           1 1 1 1 
1 1 1 1     1 1 1 1 1     
          1 1 1           
          1 1 1           

===============================
RIGHT -- 5 3 6 3 LYING_COL 0
========= CURRENT MAP =========

                        6 
          1 1 1     1 1 1 
          1 6 1 1 1 1 1   
      1 1 1 1 1     1 1   
      1 9 1         1 1   
  1 1 * 1 1       1 1 1 1 
1 1 1 *           1 1 1 1 
1 1 1 1     1 1 1 1 1     
          1 1 1           
          1 1 1           

===============================
UP -- 4 3 4 3 STANDING 0
========= CURRENT MAP =========

                        6 
          1 1 1     1 1 1 
          1 6 1 1 1 1 1   
      1 1 1 1 1     1 1   
      * 9 1         1 1   
  1 1 1 1 1       1 1 1 1 
1 1 1 1           1 1 1 1 
1 1 1 1     1 1 1 1 1     
          1 1 1           
          1 1 1           

===============================
RIGHT -- 4 4 4 5 LYING_ROW 0
========= CURRENT MAP =========

                        6 
          1 1 1     1 1 1 
          1 6 1 1 1 1 1   
      1 1 1 1 1     1 1   
      1 * *         1 1   
  1 1 1 1 1       1 1 1 1 
1 1 1 1           1 1 1 1 
1 1 1 1     1 1 1 1 1     
          1 1 1           
          1 1 1           

===============================
UP -- 3 4 3 5 LYING_ROW 0
========= CURRENT MAP =========

                        6 
          1 1 1     1 1 1 
          1 6 1 1 1 1 1   
      1 * * 1 1     1 1   
      1 9 1         1 1   
  1 1 1 1 1       1 1 1 1 
1 1 1 1           1 1 1 1 
1 1 1 1     1 1 1 1 1     
          1 1 1           
          1 1 1           

===============================
LEFT -- 3 3 3 3 STANDING 0
========= CURRENT MAP =========

                        6 
          1 1 1     1 1 1 
          1 6 1 1 1 1 1   
      * 1 1 1 1     1 1   
      1 9 1         1 1   
  1 1 1 1 1       1 1 1 1 
1 1 1 1           1 1 1 1 
1 1 1 1     1 1 1 1 1     
          1 1 1           
          1 1 1           

===============================
DOWN -- 4 3 5 3 LYING_COL 0
========= CURRENT MAP =========

                        6 
          1 1 1     1 1 1 
          1 6 1 1 1 1 1   
      1 1 1 1 1     1 1   
      * 9 1         1 1   
  1 1 * 1 1       1 1 1 1 
1 1 1 1           1 1 1 1 
1 1 1 1     1 1 1 1 1     
          1 1 1           
          1 1 1           

===============================
RIGHT -- 4 4 5 4 LYING_COL 0
========= CURRENT MAP =========

                        6 
          1 1 1     1 1 1 
          1 6 1 1 1 1 1   
      1 1 1 1 1     1 1   
      1 * 1         1 1   
  1 1 1 * 1       1 1 1 1 
1 1 1 1           1 1 1 1 
1 1 1 1     1 1 1 1 1     
          1 1 1           
          1 1 1           

===============================
UP -- 3 4 3 4 STANDING 0
========= CURRENT MAP =========

                        6 
          1 1 1     1 1 1 
          1 6 1 1 1 1 1   
      1 * 1 1 1     1 1   
      1 9 1         1 1   
  1 1 1 1 1       1 1 1 1 
1 1 1 1           1 1 1 1 
1 1 1 1     1 1 1 1 1     
          1 1 1           
          1 1 1           

===============================
RIGHT -- 3 5 3 6 LYING_ROW 0
========= CURRENT MAP =========

                        6 
          1 1 1     1 1 1 
          1 6 1 1 1 1 1   
      1 1 * * 1     1 1   
      1 9 1         1 1   
  1 1 1 1 1       1 1 1 1 
1 1 1 1           1 1 1 1 
1 1 1 1     1 1 1 1 1     
          1 1 1           
          1 1 1           

===============================
UP -- 2 5 2 6 LYING_ROW 0
========= CURRENT MAP =========

                        6 
          1 1 1     1 1 1 
          * * 1 1 1 1 1   
      1 1 1 1 1     1 1   
      1 9 1         1 1   
  1 1 1 1 1       1 1 1 1 
1 1 1 1           1 1 1 1 
1 1 1 1     1 1 1 1 1     
          1 1 1           
          1 1 1           

===============================
RIGHT -- 2 7 2 7 STANDING 0
========= CURRENT MAP =========

                        6 
          1 1 1     1 1 1 
          1 6 * 1 1 1 1   
      1 1 1 1 1     1 1   
      1 9 1         1 1   
  1 1 1 1 1       1 1 1 1 
1 1 1 1           1 1 1 1 
1 1 1 1     1 1 1 1 1     
          1 1 1           
          1 1 1           

===============================
RIGHT -- 2 8 2 9 LYING_ROW 0
========= CURRENT MAP =========

                        6 
          1 1 1     1 1 1 
          1 6 1 * * 1 1   
      1 1 1 1 1     1 1   
      1 9 1         1 1   
  1 1 1 1 1       1 1 1 1 
1 1 1 1           1 1 1 1 
1 1 1 1     1 1 1 1 1     
          1 1 1           
          1 1 1           

===============================
RIGHT -- 2 10 2 10 STANDING 0
========= CURRENT MAP =========

                        6 
          1 1 1     1 1 1 
          1 6 1 1 1 * 1   
      1 1 1 1 1     1 1   
      1 9 1         1 1   
  1 1 1 1 1       1 1 1 1 
1 1 1 1           1 1 1 1 
1 1 1 1     1 1 1 1 1     
          1 1 1           
          1 1 1           

===============================
DOWN -- 3 10 4 10 LYING_COL 0
========= CURRENT MAP =========

                        6 
          1 1 1     1 1 1 
          1 6 1 1 1 1 1   
      1 1 1 1 1     * 1   
      1 9 1         * 1   
  1 1 1 1 1       1 1 1 1 
1 1 1 1           1 1 1 1 
1 1 1 1     1 1 1 1 1     
          1 1 1           
          1 1 1           

===============================
DOWN -- 5 10 5 10 STANDING 0
========= CURRENT MAP =========

                        6 
          1 1 1     1 1 1 
          1 6 1 1 1 1 1   
      1 1 1 1 1     1 1   
      1 9 1         1 1   
  1 1 1 1 1       1 * 1 1 
1 1 1 1           1 1 1 1 
1 1 1 1     1 1 1 1 1     
          1 1 1           
          1 1 1           

===============================
DOWN -- 6 10 7 10 LYING_COL 0
========= CURRENT MAP =========

                        6 
          1 1 1     1 1 1 
          1 6 1 1 1 1 1   
      1 1 1 1 1     1 1   
      1 9 1         1 1   
  1 1 1 1 1       1 1 1 1 
1 1 1 1           1 * 1 1 
1 1 1 1     1 1 1 1 *     
          1 1 1           
          1 1 1           

===============================
LEFT -- 6 9 7 9 LYING_COL 0
========= CURRENT MAP =========

                        6 
          1 1 1     1 1 1 
          1 6 1 1 1 1 1   
      1 1 1 1 1     1 1   
      1 9 1         1 1   
  1 1 1 1 1       1 1 1 1 
1 1 1 1           * 1 1 1 
1 1 1 1     1 1 1 * 1     
          1 1 1           
          1 1 1           

===============================
UP -- 5 9 5 9 STANDING 0
========= CURRENT MAP =========

                        6 
          1 1 1     1 1 1 
          1 6 1 1 1 1 1   
      1 1 1 1 1     1 1   
      1 9 1         1 1   
  1 1 1 1 1       * 1 1 1 
1 1 1 1           1 1 1 1 
1 1 1 1     1 1 1 1 1     
          1 1 1           
          1 1 1           

===============================
RIGHT -- 5 10 5 11 LYING_ROW 0
========= CURRENT MAP =========

                        6 
          1 1 1     1 1 1 
          1 6 1 1 1 1 1   
      1 1 1 1 1     1 1   
      1 9 1         1 1   
  1 1 1 1 1       1 * * 1 
1 1 1 1           1 1 1 1 
1 1 1 1     1 1 1 1 1     
          1 1 1           
          1 1 1           

===============================
UP -- 4 10 4 11 LYING_ROW 0
========= CURRENT MAP =========

                        6 
          1 1 1     1 1 1 
          1 6 1 1 1 1 1   
      1 1 1 1 1     1 1   
      1 9 1         * *   
  1 1 1 1 1       1 1 1 1 
1 1 1 1           1 1 1 1 
1 1 1 1     1 1 1 1 1     
          1 1 1           
          1 1 1           

===============================
UP -- 3 10 3 11 LYING_ROW 0
========= CURRENT MAP =========

                        6 
          1 1 1     1 1 1 
          1 6 1 1 1 1 1   
      1 1 1 1 1     * *   
      1 9 1         1 1   
  1 1 1 1 1       1 1 1 1 
1 1 1 1           1 1 1 1 
1 1 1 1     1 1 1 1 1     
          1 1 1           
          1 1 1           

===============================
UP -- 2 10 2 11 LYING_ROW 0
========= CURRENT MAP =========

                        6 
          1 1 1     1 1 1 
          1 6 1 1 1 * *   
      1 1 1 1 1     1 1   
      1 9 1         1 1   
  1 1 1 1 1       1 1 1 1 
1 1 1 1           1 1 1 1 
1 1 1 1     1 1 1 1 1     
          1 1 1           
          1 1 1           

===============================
LEFT -- 2 9 2 9 STANDING 0
========= CURRENT MAP =========

                        6 
          1 1 1     1 1 1 
          1 6 1 1 * 1 1   
      1 1 1 1 1     1 1   
      1 9 1         1 1   
  1 1 1 1 1       1 1 1 1 
1 1 1 1           1 1 1 1 
1 1 1 1     1 1 1 1 1     
          1 1 1           
          1 1 1           

===============================
LEFT -- 2 7 2 8 LYING_ROW 0
========= CURRENT MAP =========

                        6 
          1 1 1     1 1 1 
          1 6 * * 1 1 1   
      1 1 1 1 1     1 1   
      1 9 1         1 1   
  1 1 1 1 1       1 1 1 1 
1 1 1 1           1 1 1 1 
1 1 1 1     1 1 1 1 1     
          1 1 1           
          1 1 1           

===============================
LEFT -- 2 6 2 6 STANDING 0
========= CURRENT MAP =========

                        6 
          1 1 1     1 1 1 
          1 * 1 1 1 1 1 1 
      1 1 1 1 1     1 1   
      1 9 1         1 1   
  1 1 1 1 1       1 1 1 1 
1 1 1 1           1 1 1 1 
1 1 1 1     1 1 1 1 1     
          1 1 1           
          1 1 1           

===============================
RIGHT -- 2 7 2 8 LYING_ROW 0
========= CURRENT MAP =========

                        6 
          1 1 1     1 1 1 
          1 6 * * 1 1 1 1 
      1 1 1 1 1     1 1   
      1 9 1         1 1   
  1 1 1 1 1       1 1 1 1 
1 1 1 1           1 1 1 1 
1 1 1 1     1 1 1 1 1     
          1 1 1           
          1 1 1           

===============================
RIGHT -- 2 9 2 9 STANDING 0
========= CURRENT MAP =========

                        6 
          1 1 1     1 1 1 
          1 6 1 1 * 1 1 1 
      1 1 1 1 1     1 1   
      1 9 1         1 1   
  1 1 1 1 1       1 1 1 1 
1 1 1 1           1 1 1 1 
1 1 1 1     1 1 1 1 1     
          1 1 1           
          1 1 1           

===============================
RIGHT -- 2 10 2 11 LYING_ROW 0
========= CURRENT MAP =========

                        6 
          1 1 1     1 1 1 
          1 6 1 1 1 * * 1 
      1 1 1 1 1     1 1   
      1 9 1         1 1   
  1 1 1 1 1       1 1 1 1 
1 1 1 1           1 1 1 1 
1 1 1 1     1 1 1 1 1     
          1 1 1           
          1 1 1           

===============================
DOWN -- 3 10 3 11 LYING_ROW 0
========= CURRENT MAP =========

                        6 
          1 1 1     1 1 1 
          1 6 1 1 1 1 1 1 
      1 1 1 1 1     * *   
      1 9 1         1 1   
  1 1 1 1 1       1 1 1 1 
1 1 1 1           1 1 1 1 
1 1 1 1     1 1 1 1 1     
          1 1 1           
          1 1 1           

===============================
DOWN -- 4 10 4 11 LYING_ROW 0
========= CURRENT MAP =========

                        6 
          1 1 1     1 1 1 
          1 6 1 1 1 1 1 1 
      1 1 1 1 1     1 1   
      1 9 1         * *   
  1 1 1 1 1       1 1 1 1 
1 1 1 1           1 1 1 1 
1 1 1 1     1 1 1 1 1     
          1 1 1           
          1 1 1           

===============================
DOWN -- 5 10 5 11 LYING_ROW 0
========= CURRENT MAP =========

                        6 
          1 1 1     1 1 1 
          1 6 1 1 1 1 1 1 
      1 1 1 1 1     1 1   
      1 9 1         1 1   
  1 1 1 1 1       1 * * 1 
1 1 1 1           1 1 1 1 
1 1 1 1     1 1 1 1 1     
          1 1 1           
          1 1 1           

===============================
LEFT -- 5 9 5 9 STANDING 0
========= CURRENT MAP =========

                        6 
          1 1 1     1 1 1 
          1 6 1 1 1 1 1 1 
      1 1 1 1 1     1 1   
      1 9 1         1 1   
  1 1 1 1 1       * 1 1 1 
1 1 1 1           1 1 1 1 
1 1 1 1     1 1 1 1 1     
          1 1 1           
          1 1 1           

===============================
DOWN -- 6 9 7 9 LYING_COL 0
========= CURRENT MAP =========

                        6 
          1 1 1     1 1 1 
          1 6 1 1 1 1 1 1 
      1 1 1 1 1     1 1   
      1 9 1         1 1   
  1 1 1 1 1       1 1 1 1 
1 1 1 1           * 1 1 1 
1 1 1 1     1 1 1 * 1     
          1 1 1           
          1 1 1           

===============================
RIGHT -- 6 10 7 10 LYING_COL 0
========= CURRENT MAP =========

                        6 
          1 1 1     1 1 1 
          1 6 1 1 1 1 1 1 
      1 1 1 1 1     1 1   
      1 9 1         1 1   
  1 1 1 1 1       1 1 1 1 
1 1 1 1           1 * 1 1 
1 1 1 1     1 1 1 1 *     
          1 1 1           
          1 1 1           

===============================
UP -- 5 10 5 10 STANDING 0
========= CURRENT MAP =========

                        6 
          1 1 1     1 1 1 
          1 6 1 1 1 1 1 1 
      1 1 1 1 1     1 1   
      1 9 1         1 1   
  1 1 1 1 1       1 * 1 1 
1 1 1 1           1 1 1 1 
1 1 1 1     1 1 1 1 1     
          1 1 1           
          1 1 1           

===============================
RIGHT -- 5 11 5 12 LYING_ROW 0
========= CURRENT MAP =========

                        6 
          1 1 1     1 1 1 
          1 6 1 1 1 1 1 1 
      1 1 1 1 1     1 1   
      1 9 1         1 1   
  1 1 1 1 1       1 1 * * 
1 1 1 1           1 1 1 1 
1 1 1 1     1 1 1 1 1     
          1 1 1           
          1 1 1           

===============================
DOWN -- 6 11 6 12 LYING_ROW 0
========= CURRENT MAP =========

                        6 
          1 1 1     1 1 1 
          1 6 1 1 1 1 1 1 
      1 1 1 1 1     1 1   
      1 9 1         1 1   
  1 1 1 1 1       1 1 1 1 
1 1 1 1           1 1 * * 
1 1 1 1     1 1 1 1 1     
          1 1 1           
          1 1 1           

===============================
LEFT -- 6 10 6 10 STANDING 0
========= CURRENT MAP =========

                        6 
          1 1 1     1 1 1 
          1 6 1 1 1 1 1 1 
      1 1 1 1 1     1 1   
      1 9 1         1 1   
  1 1 1 1 1       1 1 1 1 
1 1 1 1           1 * 1 1 
1 1 1 1     1 1 1 1 1     
          1 1 1           
          1 1 1           

===============================
UP -- 4 10 5 10 LYING_COL 0
========= CURRENT MAP =========

                        6 
          1 1 1     1 1 1 
          1 6 1 1 1 1 1 1 
      1 1 1 1 1     1 1   
      1 9 1         * 1   
  1 1 1 1 1       1 * 1 1 
1 1 1 1           1 1 1 1 
1 1 1 1     1 1 1 1 1     
          1 1 1           
          1 1 1           

===============================
RIGHT -- 4 11 5 11 LYING_COL 0
========= CURRENT MAP =========

                        6 
          1 1 1     1 1 1 
          1 6 1 1 1 1 1 1 
      1 1 1 1 1     1 1   
      1 9 1         1 *   
  1 1 1 1 1       1 1 * 1 
1 1 1 1           1 1 1 1 
1 1 1 1     1 1 1 1 1     
          1 1 1           
          1 1 1           

===============================
UP -- 3 11 3 11 STANDING 0
========= CURRENT MAP =========

                        6 
          1 1 1     1 1 1 
          1 6 1 1 1 1 1 1 
      1 1 1 1 1     1 *   
      1 9 1         1 1   
  1 1 1 1 1       1 1 1 1 
1 1 1 1           1 1 1 1 
1 1 1 1     1 1 1 1 1     
          1 1 1           
          1 1 1           

===============================
UP -- 1 11 2 11 LYING_COL 0
========= CURRENT MAP =========

                        6 
          1 1 1     1 * 1 
          1 6 1 1 1 1 * 1 
      1 1 1 1 1     1 1   
      1 9 1         1 1   
  1 1 1 1 1       1 1 1 1 
1 1 1 1           1 1 1 1 
1 1 1 1     1 1 1 1 1     
          1 1 1           
          1 1 1           

===============================
RIGHT -- 1 12 2 12 LYING_COL 0
========= CURRENT MAP =========

                        6 
          1 1 1     1 1 * 
          1 6 1 1 1 1 1 * 
      1 1 1 1 1     1 1   
      1 9 1         1 1   
  1 1 1 1 1       1 1 1 1 
1 1 1 1           1 1 1 1 
1 1 1 1     1 1 1 1 1     
          1 1 1           
          1 1 1           

===============================
UP -- 0 12 0 12 STANDING 0
========= CURRENT MAP =========

                        * 
          1 1 1     1 1 1 
          1 6 1 1 1 1 1 1 
      1 1 1 1 1     1 1   
      1 9 1 1       1 1   
  1 1 1 1 1       1 1 1 1 
1 1 1 1           1 1 1 1 
1 1 1 1     1 1 1 1 1     
          1 1 1           
          1 1 1           

===============================
DOWN -- 1 12 2 12 LYING_COL 0
========= CURRENT MAP =========

                        6 
          1 1 1     1 1 * 
          1 6 1 1 1 1 1 * 
      1 1 1 1 1     1 1   
      1 9 1 1       1 1   
  1 1 1 1 1       1 1 1 1 
1 1 1 1           1 1 1 1 
1 1 1 1     1 1 1 1 1     
          1 1 1           
          1 1 1           

===============================
LEFT -- 1 11 2 11 LYING_COL 0
========= CURRENT MAP =========

                        6 
          1 1 1     1 * 1 
          1 6 1 1 1 1 * 1 
      1 1 1 1 1     1 1   
      1 9 1 1       1 1   
  1 1 1 1 1       1 1 1 1 
1 1 1 1           1 1 1 1 
1 1 1 1     1 1 1 1 1     
          1 1 1           
          1 1 1           

===============================
LEFT -- 1 10 2 10 LYING_COL 0
========= CURRENT MAP =========

                        6 
          1 1 1     * 1 1 
          1 6 1 1 1 * 1 1 
      1 1 1 1 1     1 1   
      1 9 1 1       1 1   
  1 1 1 1 1       1 1 1 1 
1 1 1 1           1 1 1 1 
1 1 1 1     1 1 1 1 1     
          1 1 1           
          1 1 1           

===============================
DOWN -- 3 10 3 10 STANDING 0
========= CURRENT MAP =========

                        6 
          1 1 1     1 1 1 
          1 6 1 1 1 1 1 1 
      1 1 1 1 1     * 1   
      1 9 1 1       1 1   
  1 1 1 1 1       1 1 1 1 
1 1 1 1           1 1 1 1 
1 1 1 1     1 1 1 1 1     
          1 1 1           
          1 1 1           

===============================
DOWN -- 4 10 5 10 LYING_COL 0
========= CURRENT MAP =========

                        6 
          1 1 1     1 1 1 
          1 6 1 1 1 1 1 1 
      1 1 1 1 1     1 1   
      1 9 1 1       * 1   
  1 1 1 1 1       1 * 1 1 
1 1 1 1           1 1 1 1 
1 1 1 1     1 1 1 1 1     
          1 1 1           
          1 1 1           

===============================
DOWN -- 6 10 6 10 STANDING 0
========= CURRENT MAP =========

                        6 
          1 1 1     1 1 1 
          1 6 1 1 1 1 1 1 
      1 1 1 1 1     1 1   
      1 9 1 1       1 1   
  1 1 1 1 1       1 1 1 1 
1 1 1 1           1 * 1 1 
1 1 1 1     1 1 1 1 1     
          1 1 1           
          1 1 1           

===============================
RIGHT -- 6 11 6 12 LYING_ROW 0
========= CURRENT MAP =========

                        6 
          1 1 1     1 1 1 
          1 6 1 1 1 1 1 1 
      1 1 1 1 1     1 1   
      1 9 1 1       1 1   
  1 1 1 1 1       1 1 1 1 
1 1 1 1           1 1 * * 
1 1 1 1     1 1 1 1 1     
          1 1 1           
          1 1 1           

===============================
UP -- 5 11 5 12 LYING_ROW 0
========= CURRENT MAP =========

                        6 
          1 1 1     1 1 1 
          1 6 1 1 1 1 1 1 
      1 1 1 1 1     1 1   
      1 9 1 1       1 1   
  1 1 1 1 1       1 1 * * 
1 1 1 1           1 1 1 1 
1 1 1 1     1 1 1 1 1     
          1 1 1           
          1 1 1           

===============================
LEFT -- 5 10 5 10 STANDING 0
========= CURRENT MAP =========

                        6 
          1 1 1     1 1 1 
          1 6 1 1 1 1 1 1 
      1 1 1 1 1     1 1   
      1 9 1 1       1 1   
  1 1 1 1 1       1 * 1 1 
1 1 1 1           1 1 1 1 
1 1 1 1     1 1 1 1 1     
          1 1 1           
          1 1 1           

===============================
UP -- 3 10 4 10 LYING_COL 0
========= CURRENT MAP =========

                        6 
          1 1 1     1 1 1 
          1 6 1 1 1 1 1 1 
      1 1 1 1 1     * 1   
      1 9 1 1       * 1   
  1 1 1 1 1       1 1 1 1 
1 1 1 1           1 1 1 1 
1 1 1 1     1 1 1 1 1     
          1 1 1           
          1 1 1           

===============================
UP -- 2 10 2 10 STANDING 0
========= CURRENT MAP =========

                        6 
          1 1 1     1 1 1 
          1 6 1 1 1 * 1 1 
      1 1 1 1 1     1 1   
      1 9 1 1       1 1   
  1 1 1 1 1       1 1 1 1 
1 1 1 1           1 1 1 1 
1 1 1 1     1 1 1 1 1     
          1 1 1           
          1 1 1           

===============================
LEFT -- 2 8 2 9 LYING_ROW 0
========= CURRENT MAP =========

                        6 
          1 1 1     1 1 1 
          1 6 1 * * 1 1 1 
      1 1 1 1 1     1 1   
      1 9 1 1       1 1   
  1 1 1 1 1       1 1 1 1 
1 1 1 1           1 1 1 1 
1 1 1 1     1 1 1 1 1     
          1 1 1           
          1 1 1           

===============================
LEFT -- 2 7 2 7 STANDING 0
========= CURRENT MAP =========

                        6 
          1 1 1     1 1 1 
          1 6 * 1 1 1 1 1 
      1 1 1 1 1     1 1   
      1 9 1 1       1 1   
  1 1 1 1 1       1 1 1 1 
1 1 1 1           1 1 1 1 
1 1 1 1     1 1 1 1 1     
          1 1 1           
          1 1 1           

===============================
LEFT -- 2 5 2 6 LYING_ROW 0
========= CURRENT MAP =========

                        6 
          1 1 1     1 1 1 
          * * 1 1 1 1 1 1 
      1 1 1 1 1     1 1   
      1 9 1 1       1 1   
  1 1 1 1 1       1 1 1 1 
1 1 1 1           1 1 1 1 
1 1 1 1     1 1 1 1 1     
          1 1 1           
          1 1 1           

===============================
DOWN -- 3 5 3 6 LYING_ROW 0
========= CURRENT MAP =========

                        6 
          1 1 1     1 1 1 
          1 6 1 1 1 1 1 1 
      1 1 * * 1     1 1   
      1 9 1 1       1 1   
  1 1 1 1 1       1 1 1 1 
1 1 1 1           1 1 1 1 
1 1 1 1     1 1 1 1 1     
          1 1 1           
          1 1 1           

===============================
DOWN -- 4 5 4 6 LYING_ROW 0
========= CURRENT MAP =========

                        6 
          1 1 1     1 1 1 
          1 6 1 1 1 1 1 1 
      1 1 1 1 1     1 1   
      1 9 * *       1 1   
  1 1 1 1 1       1 1 1 1 
1 1 1 1           1 1 1 1 
1 1 1 1     1 1 1 1 1     
          1 1 1           
          1 1 1           

===============================
LEFT -- 4 4 4 4 STANDING 0
========= CURRENT MAP =========

                        6 
          1 1 1     1 1 1 
          1 6 1 1 1 1 1 1 
      1 1 1 1 1     1 1   
      1 * 1 1       1 1   
  1 1 1 1 1       1 1 1 1 
1 1 1 1           1 1 1 1 
1 1 1 1     1 1 1 1 1     
          1 1 1           
          1 1 1           

===============================

=========== STAT 12 ============
STATUS: SUCCESS
PROCESS TIME: 0:00:01.334241
PROCESS MEMORY: 5472256
REAL STEP: 66
VIRTUAL STEP: 7641
===============================

PRESS KEY: LDRURURULDRURURRRDDDLURUUULLLRRRDDDLDRURDLURUURUDLLDDDRULUULLLDDL

