START -- 3 7 3 7 STANDING 0
========= CURRENT MAP =========

    5 1 1 1       1     7     
          1       1           
          1 1 1 1 1           
7     1 1 1 1 * 1 1 1 1     7 
          1 1 1 1 1           
            1     1           
            1     1 1 1 4     
1 1 1     1 1     1           
1 9 1     1       1           
1 1 1             1 1 1 5     

===============================
RIGHT -- 3 8 3 9 LYING_ROW 0
========= CURRENT MAP =========

    5 1 1 1       1     7     
          1       1           
          1 1 1 1 1           
7     1 1 1 1 1 * * 1 1     7 
          1 1 1 1 1           
            1     1           
            1     1 1 1 4     
1 1 1     1 1     1           
1 9 1     1       1           
1 1 1             1 1 1 5     

===============================
DOWN -- 4 8 4 9 LYING_ROW 0
========= CURRENT MAP =========

    5 1 1 1       1     7     
          1       1           
          1 1 1 1 1           
7     1 1 1 1 1 1 1 1 1     7 
          1 1 1 * *           
            1     1           
            1     1 1 1 4     
1 1 1     1 1     1           
1 9 1     1       1           
1 1 1             1 1 1 5     

===============================
LEFT -- 4 7 4 7 STANDING 0
========= CURRENT MAP =========

    5 1 1 1       1     7     
          1       1           
          1 1 1 1 1           
7     1 1 1 1 1 1 1 1 1     7 
          1 1 * 1 1           
            1     1           
            1     1 1 1 4     
1 1 1     1 1     1           
1 9 1     1       1           
1 1 1             1 1 1 5     

===============================
UP -- 2 7 3 7 LYING_COL 0
========= CURRENT MAP =========

    5 1 1 1       1     7     
          1       1           
          1 1 * 1 1           
7     1 1 1 1 * 1 1 1 1     7 
          1 1 1 1 1           
            1     1           
            1     1 1 1 4     
1 1 1     1 1     1           
1 9 1     1       1           
1 1 1             1 1 1 5     

===============================
RIGHT -- 2 8 3 8 LYING_COL 0
========= CURRENT MAP =========

    5 1 1 1       1     7     
          1       1           
          1 1 1 * 1           
7     1 1 1 1 1 * 1 1 1     7 
          1 1 1 1 1           
            1     1           
            1     1 1 1 4     
1 1 1     1 1     1           
1 9 1     1       1           
1 1 1             1 1 1 5     

===============================
DOWN -- 4 8 4 8 STANDING 0
========= CURRENT MAP =========

    5 1 1 1       1     7     
          1       1           
          1 1 1 1 1           
7     1 1 1 1 1 1 1 1 1     7 
          1 1 1 * 1           
            1     1           
            1     1 1 1 4     
1 1 1     1 1     1           
1 9 1     1       1           
1 1 1             1 1 1 5     

===============================
LEFT -- 4 6 4 7 LYING_ROW 0
========= CURRENT MAP =========

    5 1 1 1       1     7     
          1       1           
          1 1 1 1 1           
7     1 1 1 1 1 1 1 1 1     7 
          1 * * 1 1           
            1     1           
            1     1 1 1 4     
1 1 1     1 1     1           
1 9 1     1       1           
1 1 1             1 1 1 5     

===============================
UP -- 3 6 3 7 LYING_ROW 0
========= CURRENT MAP =========

    5 1 1 1       1     7     
          1       1           
          1 1 1 1 1           
7     1 1 1 * * 1 1 1 1     7 
          1 1 1 1 1           
            1     1           
            1     1 1 1 4     
1 1 1     1 1     1           
1 9 1     1       1           
1 1 1             1 1 1 5     

===============================
UP -- 2 6 2 7 LYING_ROW 0
========= CURRENT MAP =========

    5 1 1 1       1     7     
          1       1           
          1 * * 1 1           
7     1 1 1 1 1 1 1 1 1     7 
          1 1 1 1 1           
            1     1           
            1     1 1 1 4     
1 1 1     1 1     1           
1 9 1     1       1           
1 1 1             1 1 1 5     

===============================
RIGHT -- 2 8 2 8 STANDING 0
========= CURRENT MAP =========

    5 1 1 1       1     7     
          1       1           
          1 1 1 * 1           
7     1 1 1 1 1 1 1 1 1     7 
          1 1 1 1 1           
            1     1           
            1     1 1 1 4     
1 1 1     1 1     1           
1 9 1     1       1           
1 1 1             1 1 1 5     

===============================
DOWN -- 3 8 4 8 LYING_COL 0
========= CURRENT MAP =========

    5 1 1 1       1     7     
          1       1           
          1 1 1 1 1           
7     1 1 1 1 1 * 1 1 1     7 
          1 1 1 * 1           
            1     1           
            1     1 1 1 4     
1 1 1     1 1     1           
1 9 1     1       1           
1 1 1             1 1 1 5     

===============================
RIGHT -- 3 9 4 9 LYING_COL 0
========= CURRENT MAP =========

    5 1 1 1       1     7     
          1       1           
          1 1 1 1 1           
7     1 1 1 1 1 1 * 1 1     7 
          1 1 1 1 *           
            1     1           
            1     1 1 1 4     
1 1 1     1 1     1           
1 9 1     1       1           
1 1 1             1 1 1 5     

===============================
UP -- 2 9 2 9 STANDING 0
========= CURRENT MAP =========

    5 1 1 1       1     7     
          1       1           
          1 1 1 1 *           
7     1 1 1 1 1 1 1 1 1     7 
          1 1 1 1 1           
            1     1           
            1     1 1 1 4     
1 1 1     1 1     1           
1 9 1     1       1           
1 1 1             1 1 1 5     

===============================
LEFT -- 2 7 2 8 LYING_ROW 0
========= CURRENT MAP =========

    5 1 1 1       1     7     
          1       1           
          1 1 * * 1           
7     1 1 1 1 1 1 1 1 1     7 
          1 1 1 1 1           
            1     1           
            1     1 1 1 4     
1 1 1     1 1     1           
1 9 1     1       1           
1 1 1             1 1 1 5     

===============================
DOWN -- 3 7 3 8 LYING_ROW 0
========= CURRENT MAP =========

    5 1 1 1       1     7     
          1       1           
          1 1 1 1 1           
7     1 1 1 1 * * 1 1 1     7 
          1 1 1 1 1           
            1     1           
            1     1 1 1 4     
1 1 1     1 1     1           
1 9 1     1       1           
1 1 1             1 1 1 5     

===============================
RIGHT -- 3 9 3 9 STANDING 0
========= CURRENT MAP =========

    5 1 1 1       1     7     
          1       1           
          1 1 1 1 1           
7     1 1 1 1 1 1 * 1 1     7 
          1 1 1 1 1           
            1     1           
            1     1 1 1 4     
1 1 1     1 1     1           
1 9 1     1       1           
1 1 1             1 1 1 5     

===============================
DOWN -- 4 9 5 9 LYING_COL 0
========= CURRENT MAP =========

    5 1 1 1       1     7     
          1       1           
          1 1 1 1 1           
7     1 1 1 1 1 1 1 1 1     7 
          1 1 1 1 *           
            1     *           
            1     1 1 1 4     
1 1 1     1 1     1           
1 9 1     1       1           
1 1 1             1 1 1 5     

===============================
DOWN -- 6 9 6 9 STANDING 0
========= CURRENT MAP =========

    5 1 1 1       1     7     
          1       1           
          1 1 1 1 1           
7     1 1 1 1 1 1 1 1 1     7 
          1 1 1 1 1           
            1     1           
            1     * 1 1 4     
1 1 1     1 1     1           
1 9 1     1       1           
1 1 1             1 1 1 5     

===============================
RIGHT -- 6 10 6 11 LYING_ROW 0
========= CURRENT MAP =========

    5 1 1 1       1     7     
          1       1           
          1 1 1 1 1           
7     1 1 1 1 1 1 1 1 1     7 
          1 1 1 1 1           
            1     1           
            1     1 * * 4     
1 1 1     1 1     1           
1 9 1     1       1           
1 1 1             1 1 1 5     

===============================
RIGHT -- 6 12 6 12 STANDING 0
========= CURRENT MAP =========

    5 1 1 1       1     7     
          1       1           
          1 1 1 1 1           
7 1 1 1 1 1 1 1 1 1 1 1     7 
          1 1 1 1 1           
            1     1           
            1     1 1 1 *     
1 1 1     1 1     1           
1 9 1     1       1           
1 1 1             1 1 1 5     

===============================
LEFT -- 6 10 6 11 LYING_ROW 0
========= CURRENT MAP =========

    5 1 1 1       1     7     
          1       1           
          1 1 1 1 1           
7 1 1 1 1 1 1 1 1 1 1 1     7 
          1 1 1 1 1           
            1     1           
            1     1 * * 4     
1 1 1     1 1     1           
1 9 1     1       1           
1 1 1             1 1 1 5     

===============================
LEFT -- 6 9 6 9 STANDING 0
========= CURRENT MAP =========

    5 1 1 1       1     7     
          1       1           
          1 1 1 1 1           
7 1 1 1 1 1 1 1 1 1 1 1     7 
          1 1 1 1 1           
            1     1           
            1     * 1 1 4     
1 1 1     1 1     1           
1 9 1     1       1           
1 1 1             1 1 1 5     

===============================
UP -- 4 9 5 9 LYING_COL 0
========= CURRENT MAP =========

    5 1 1 1       1     7     
          1       1           
          1 1 1 1 1           
7 1 1 1 1 1 1 1 1 1 1 1     7 
          1 1 1 1 *           
            1     *           
            1     1 1 1 4     
1 1 1     1 1     1           
1 9 1     1       1           
1 1 1             1 1 1 5     

===============================
UP -- 3 9 3 9 STANDING 0
========= CURRENT MAP =========

    5 1 1 1       1     7     
          1       1           
          1 1 1 1 1           
7 1 1 1 1 1 1 1 1 * 1 1     7 
          1 1 1 1 1           
            1     1           
            1     1 1 1 4     
1 1 1     1 1     1           
1 9 1     1       1           
1 1 1             1 1 1 5     

===============================
LEFT -- 3 7 3 8 LYING_ROW 0
========= CURRENT MAP =========

    5 1 1 1       1     7     
          1       1           
          1 1 1 1 1           
7 1 1 1 1 1 1 * * 1 1 1     7 
          1 1 1 1 1           
            1     1           
            1     1 1 1 4     
1 1 1     1 1     1           
1 9 1     1       1           
1 1 1             1 1 1 5     

===============================
DOWN -- 4 7 4 8 LYING_ROW 0
========= CURRENT MAP =========

    5 1 1 1       1     7     
          1       1           
          1 1 1 1 1           
7 1 1 1 1 1 1 1 1 1 1 1     7 
          1 1 * * 1           
            1     1           
            1     1 1 1 4     
1 1 1     1 1     1           
1 9 1     1       1           
1 1 1             1 1 1 5     

===============================
RIGHT -- 4 9 4 9 STANDING 0
========= CURRENT MAP =========

    5 1 1 1       1     7     
          1       1           
          1 1 1 1 1           
7 1 1 1 1 1 1 1 1 1 1 1     7 
          1 1 1 1 *           
            1     1           
            1     1 1 1 4     
1 1 1     1 1     1           
1 9 1     1       1           
1 1 1             1 1 1 5     

===============================
UP -- 2 9 3 9 LYING_COL 0
========= CURRENT MAP =========

    5 1 1 1       1     7     
          1       1           
          1 1 1 1 *           
7 1 1 1 1 1 1 1 1 * 1 1     7 
          1 1 1 1 1           
            1     1           
            1     1 1 1 4     
1 1 1     1 1     1           
1 9 1     1       1           
1 1 1             1 1 1 5     

===============================
LEFT -- 2 8 3 8 LYING_COL 0
========= CURRENT MAP =========

    5 1 1 1       1     7     
          1       1           
          1 1 1 * 1           
7 1 1 1 1 1 1 1 * 1 1 1     7 
          1 1 1 1 1           
            1     1           
            1     1 1 1 4     
1 1 1     1 1     1           
1 9 1     1       1           
1 1 1             1 1 1 5     

===============================
DOWN -- 4 8 4 8 STANDING 0
========= CURRENT MAP =========

    5 1 1 1       1     7     
          1       1           
          1 1 1 1 1           
7 1 1 1 1 1 1 1 1 1 1 1     7 
          1 1 1 * 1           
            1     1           
            1     1 1 1 4     
1 1 1     1 1     1           
1 9 1     1       1           
1 1 1             1 1 1 5     

===============================
LEFT -- 4 6 4 7 LYING_ROW 0
========= CURRENT MAP =========

    5 1 1 1       1     7     
          1       1           
          1 1 1 1 1           
7 1 1 1 1 1 1 1 1 1 1 1     7 
          1 * * 1 1           
            1     1           
            1     1 1 1 4     
1 1 1     1 1     1           
1 9 1     1       1           
1 1 1             1 1 1 5     

===============================
UP -- 3 6 3 7 LYING_ROW 0
========= CURRENT MAP =========

    5 1 1 1       1     7     
          1       1           
          1 1 1 1 1           
7 1 1 1 1 1 * * 1 1 1 1     7 
          1 1 1 1 1           
            1     1           
            1     1 1 1 4     
1 1 1     1 1     1           
1 9 1     1       1           
1 1 1             1 1 1 5     

===============================
LEFT -- 3 5 3 5 STANDING 0
========= CURRENT MAP =========

    5 1 1 1       1     7     
          1       1           
          1 1 1 1 1           
7 1 1 1 1 * 1 1 1 1 1 1     7 
          1 1 1 1 1           
            1     1           
            1     1 1 1 4     
1 1 1     1 1     1           
1 9 1     1       1           
1 1 1             1 1 1 5     

===============================
UP -- 1 5 2 5 LYING_COL 0
========= CURRENT MAP =========

    5 1 1 1       1     7     
          *       1           
          * 1 1 1 1           
7 1 1 1 1 1 1 1 1 1 1 1     7 
          1 1 1 1 1           
            1     1           
            1     1 1 1 4     
1 1 1     1 1     1           
1 9 1     1       1           
1 1 1             1 1 1 5     

===============================
UP -- 0 5 0 5 STANDING 0
========= CURRENT MAP =========

    5 1 1 *       1     7     
          1       1           
          1 1 1 1 1           
7 1 1 1 1 1 1 1 1 1 1 1     7 
          1 1 1 1 1           
            1     1           
            1     1 1 1 4     
1 1 1     1 1     1           
1 9 1     1       1           
1 1 1             1 1 1 5     

===============================
LEFT -- 0 3 0 4 LYING_ROW 0
========= CURRENT MAP =========

    5 * * 1       1     7     
          1       1           
          1 1 1 1 1           
7 1 1 1 1 1 1 1 1 1 1 1     7 
          1 1 1 1 1           
            1     1           
            1     1 1 1 4     
1 1 1     1 1     1           
1 9 1     1       1           
1 1 1             1 1 1 5     

===============================
LEFT -- 0 2 0 2 STANDING 0
========= CURRENT MAP =========

    * 1 1 1       1 1 1 7     
          1       1           
          1 1 1 1 1           
7 1 1 1 1 1 1 1 1 1 1 1     7 
          1 1 1 1 1           
            1     1           
            1     1     4     
1 1 1     1 1     1           
1 9 1     1       1           
1 1 1             1 1 1 5     

===============================
RIGHT -- 0 3 0 4 LYING_ROW 0
========= CURRENT MAP =========

    5 * * 1       1 1 1 7     
          1       1           
          1 1 1 1 1           
7 1 1 1 1 1 1 1 1 1 1 1     7 
          1 1 1 1 1           
            1     1           
            1     1     4     
1 1 1     1 1     1           
1 9 1     1       1           
1 1 1             1 1 1 5     

===============================
RIGHT -- 0 5 0 5 STANDING 0
========= CURRENT MAP =========

    5 1 1 *       1 1 1 7     
          1       1           
          1 1 1 1 1           
7 1 1 1 1 1 1 1 1 1 1 1     7 
          1 1 1 1 1           
            1     1           
            1     1     4     
1 1 1     1 1     1           
1 9 1     1       1           
1 1 1             1 1 1 5     

===============================
DOWN -- 1 5 2 5 LYING_COL 0
========= CURRENT MAP =========

    5 1 1 1       1 1 1 7     
          *       1           
          * 1 1 1 1           
7 1 1 1 1 1 1 1 1 1 1 1     7 
          1 1 1 1 1           
            1     1           
            1     1     4     
1 1 1     1 1     1           
1 9 1     1       1           
1 1 1             1 1 1 5     

===============================
DOWN -- 3 5 3 5 STANDING 0
========= CURRENT MAP =========

    5 1 1 1       1 1 1 7     
          1       1           
          1 1 1 1 1           
7 1 1 1 1 * 1 1 1 1 1 1     7 
          1 1 1 1 1           
            1     1           
            1     1     4     
1 1 1     1 1     1           
1 9 1     1       1           
1 1 1             1 1 1 5     

===============================
RIGHT -- 3 6 3 7 LYING_ROW 0
========= CURRENT MAP =========

    5 1 1 1       1 1 1 7     
          1       1           
          1 1 1 1 1           
7 1 1 1 1 1 * * 1 1 1 1     7 
          1 1 1 1 1           
            1     1           
            1     1     4     
1 1 1     1 1     1           
1 9 1     1       1           
1 1 1             1 1 1 5     

===============================
DOWN -- 4 6 4 7 LYING_ROW 0
========= CURRENT MAP =========

    5 1 1 1       1 1 1 7     
          1       1           
          1 1 1 1 1           
7 1 1 1 1 1 1 1 1 1 1 1     7 
          1 * * 1 1           
            1     1           
            1     1     4     
1 1 1     1 1     1           
1 9 1     1       1           
1 1 1             1 1 1 5     

===============================
RIGHT -- 4 8 4 8 STANDING 0
========= CURRENT MAP =========

    5 1 1 1       1 1 1 7     
          1       1           
          1 1 1 1 1           
7 1 1 1 1 1 1 1 1 1 1 1     7 
          1 1 1 * 1           
            1     1           
            1     1     4     
1 1 1     1 1     1           
1 9 1     1       1           
1 1 1             1 1 1 5     

===============================
UP -- 2 8 3 8 LYING_COL 0
========= CURRENT MAP =========

    5 1 1 1       1 1 1 7     
          1       1           
          1 1 1 * 1           
7 1 1 1 1 1 1 1 * 1 1 1     7 
          1 1 1 1 1           
            1     1           
            1     1     4     
1 1 1     1 1     1           
1 9 1     1       1           
1 1 1             1 1 1 5     

===============================
RIGHT -- 2 9 3 9 LYING_COL 0
========= CURRENT MAP =========

    5 1 1 1       1 1 1 7     
          1       1           
          1 1 1 1 *           
7 1 1 1 1 1 1 1 1 * 1 1     7 
          1 1 1 1 1           
            1     1           
            1     1     4     
1 1 1     1 1     1           
1 9 1     1       1           
1 1 1             1 1 1 5     

===============================
DOWN -- 4 9 4 9 STANDING 0
========= CURRENT MAP =========

    5 1 1 1       1 1 1 7     
          1       1           
          1 1 1 1 1           
7 1 1 1 1 1 1 1 1 1 1 1     7 
          1 1 1 1 *           
            1     1           
            1     1     4     
1 1 1     1 1     1           
1 9 1     1       1           
1 1 1             1 1 1 5     

===============================
LEFT -- 4 7 4 8 LYING_ROW 0
========= CURRENT MAP =========

    5 1 1 1       1 1 1 7     
          1       1           
          1 1 1 1 1           
7 1 1 1 1 1 1 1 1 1 1 1     7 
          1 1 * * 1           
            1     1           
            1     1     4     
1 1 1     1 1     1           
1 9 1     1       1           
1 1 1             1 1 1 5     

===============================
UP -- 3 7 3 8 LYING_ROW 0
========= CURRENT MAP =========

    5 1 1 1       1 1 1 7     
          1       1           
          1 1 1 1 1           
7 1 1 1 1 1 1 * * 1 1 1     7 
          1 1 1 1 1           
            1     1           
            1     1     4     
1 1 1     1 1     1           
1 9 1     1       1           
1 1 1             1 1 1 5     

===============================
RIGHT -- 3 9 3 9 STANDING 0
========= CURRENT MAP =========

    5 1 1 1       1 1 1 7     
          1       1           
          1 1 1 1 1           
7 1 1 1 1 1 1 1 1 * 1 1     7 
          1 1 1 1 1           
            1     1           
            1     1     4     
1 1 1     1 1     1           
1 9 1     1       1           
1 1 1             1 1 1 5     

===============================
UP -- 1 9 2 9 LYING_COL 0
========= CURRENT MAP =========

    5 1 1 1       1 1 1 7     
          1       *           
          1 1 1 1 *           
7 1 1 1 1 1 1 1 1 1 1 1     7 
          1 1 1 1 1           
            1     1           
            1     1     4     
1 1 1     1 1     1           
1 9 1     1       1           
1 1 1             1 1 1 5     

===============================
UP -- 0 9 0 9 STANDING 0
========= CURRENT MAP =========

    5 1 1 1       * 1 1 7     
          1       1           
          1 1 1 1 1           
7 1 1 1 1 1 1 1 1 1 1 1     7 
          1 1 1 1 1           
            1     1           
            1     1     4     
1 1 1     1 1     1           
1 9 1     1       1           
1 1 1             1 1 1 5     

===============================
RIGHT -- 0 10 0 11 LYING_ROW 0
========= CURRENT MAP =========

    5 1 1 1       1 * * 7     
          1       1           
          1 1 1 1 1           
7 1 1 1 1 1 1 1 1 1 1 1     7 
          1 1 1 1 1           
            1     1           
            1     1     4     
1 1 1     1 1     1           
1 9 1     1       1           
1 1 1             1 1 1 5     

===============================
RIGHT -- 0 12 0 12 STANDING 0
========= CURRENT MAP =========

    5 1 1 1       1 1 1 *     
          1       1           
          1 1 1 1 1           
7 1 1 1 1 1 1 1 1 1 1 1     7 
          1 1 1 1 1           
          1 1     1           
          1 1     1     4     
1 1 1     1 1     1           
1 9 1     1       1           
1 1 1             1 1 1 5     

===============================
LEFT -- 0 10 0 11 LYING_ROW 0
========= CURRENT MAP =========

    5 1 1 1       1 * * 7     
          1       1           
          1 1 1 1 1           
7 1 1 1 1 1 1 1 1 1 1 1     7 
          1 1 1 1 1           
          1 1     1           
          1 1     1     4     
1 1 1     1 1     1           
1 9 1     1       1           
1 1 1             1 1 1 5     

===============================
LEFT -- 0 9 0 9 STANDING 0
========= CURRENT MAP =========

    5 1 1 1       * 1 1 7     
          1       1           
          1 1 1 1 1           
7 1 1 1 1 1 1 1 1 1 1 1     7 
          1 1 1 1 1           
          1 1     1           
          1 1     1     4     
1 1 1     1 1     1           
1 9 1     1       1           
1 1 1             1 1 1 5     

===============================
DOWN -- 1 9 2 9 LYING_COL 0
========= CURRENT MAP =========

    5 1 1 1       1 1 1 7     
          1       *           
          1 1 1 1 *           
7 1 1 1 1 1 1 1 1 1 1 1     7 
          1 1 1 1 1           
          1 1     1           
          1 1     1     4     
1 1 1     1 1     1           
1 9 1     1       1           
1 1 1             1 1 1 5     

===============================
DOWN -- 3 9 3 9 STANDING 0
========= CURRENT MAP =========

    5 1 1 1       1 1 1 7     
          1       1           
          1 1 1 1 1           
7 1 1 1 1 1 1 1 1 * 1 1     7 
          1 1 1 1 1           
          1 1     1           
          1 1     1     4     
1 1 1     1 1     1           
1 9 1     1       1           
1 1 1             1 1 1 5     

===============================
DOWN -- 4 9 5 9 LYING_COL 0
========= CURRENT MAP =========

    5 1 1 1       1 1 1 7     
          1       1           
          1 1 1 1 1           
7 1 1 1 1 1 1 1 1 1 1 1     7 
          1 1 1 1 *           
          1 1     *           
          1 1     1     4     
1 1 1     1 1     1           
1 9 1     1       1           
1 1 1             1 1 1 5     

===============================
DOWN -- 6 9 6 9 STANDING 0
========= CURRENT MAP =========

    5 1 1 1       1 1 1 7     
          1       1           
          1 1 1 1 1           
7 1 1 1 1 1 1 1 1 1 1 1     7 
          1 1 1 1 1           
          1 1     1           
          1 1     *     4     
1 1 1     1 1     1           
1 9 1     1       1           
1 1 1             1 1 1 5     

===============================
DOWN -- 7 9 8 9 LYING_COL 0
========= CURRENT MAP =========

    5 1 1 1       1 1 1 7     
          1       1           
          1 1 1 1 1           
7 1 1 1 1 1 1 1 1 1 1 1     7 
          1 1 1 1 1           
          1 1     1           
          1 1     1     4     
1 1 1     1 1     *           
1 9 1     1       *           
1 1 1             1 1 1 5     

===============================
DOWN -- 9 9 9 9 STANDING 0
========= CURRENT MAP =========

    5 1 1 1       1 1 1 7     
          1       1           
          1 1 1 1 1           
7 1 1 1 1 1 1 1 1 1 1 1     7 
          1 1 1 1 1           
          1 1     1           
          1 1     1     4     
1 1 1     1 1     1           
1 9 1     1       1           
1 1 1             * 1 1 5     

===============================
RIGHT -- 9 10 9 11 LYING_ROW 0
========= CURRENT MAP =========

    5 1 1 1       1 1 1 7     
          1       1           
          1 1 1 1 1           
7 1 1 1 1 1 1 1 1 1 1 1     7 
          1 1 1 1 1           
          1 1     1           
          1 1     1     4     
1 1 1     1 1     1           
1 9 1     1       1           
1 1 1             1 * * 5     

===============================
RIGHT -- 9 12 9 12 STANDING 0
========= CURRENT MAP =========

    5     1       1     7     
          1       1           
          1 1 1 1 1           
7 1 1 1 1 1 1 1 1 1 1 1 1 1 7 
          1 1 1 1 1           
          1 1     1           
          1 1     1     4     
1 1 1     1 1     1           
1 9 1     1       1           
1 1 1             1 1 1 *     

===============================
LEFT -- 9 10 9 11 LYING_ROW 0
========= CURRENT MAP =========

    5     1       1     7     
          1       1           
          1 1 1 1 1           
7 1 1 1 1 1 1 1 1 1 1 1 1 1 7 
          1 1 1 1 1           
          1 1     1           
          1 1     1     4     
1 1 1     1 1     1           
1 9 1     1       1           
1 1 1             1 * * 5     

===============================
LEFT -- 9 9 9 9 STANDING 0
========= CURRENT MAP =========

    5     1       1     7     
          1       1           
          1 1 1 1 1           
7 1 1 1 1 1 1 1 1 1 1 1 1 1 7 
          1 1 1 1 1           
          1 1     1           
          1 1     1     4     
1 1 1     1 1     1           
1 9 1     1       1           
1 1 1             * 1 1 5     

===============================
UP -- 7 9 8 9 LYING_COL 0
========= CURRENT MAP =========

    5     1       1     7     
          1       1           
          1 1 1 1 1           
7 1 1 1 1 1 1 1 1 1 1 1 1 1 7 
          1 1 1 1 1           
          1 1     1           
          1 1     1     4     
1 1 1     1 1     *           
1 9 1     1       *           
1 1 1             1 1 1 5     

===============================
UP -- 6 9 6 9 STANDING 0
========= CURRENT MAP =========

    5     1       1     7     
          1       1           
          1 1 1 1 1           
7 1 1 1 1 1 1 1 1 1 1 1 1 1 7 
          1 1 1 1 1           
          1 1     1           
          1 1     *     4     
1 1 1     1 1     1           
1 9 1     1       1           
1 1 1             1 1 1 5     

===============================
UP -- 4 9 5 9 LYING_COL 0
========= CURRENT MAP =========

    5     1       1     7     
          1       1           
          1 1 1 1 1           
7 1 1 1 1 1 1 1 1 1 1 1 1 1 7 
          1 1 1 1 *           
          1 1     *           
          1 1     1     4     
1 1 1     1 1     1           
1 9 1     1       1           
1 1 1             1 1 1 5     

===============================
UP -- 3 9 3 9 STANDING 0
========= CURRENT MAP =========

    5     1       1     7     
          1       1           
          1 1 1 1 1           
7 1 1 1 1 1 1 1 1 * 1 1 1 1 7 
          1 1 1 1 1           
          1 1     1           
          1 1     1     4     
1 1 1     1 1     1           
1 9 1     1       1           
1 1 1             1 1 1 5     

===============================
LEFT -- 3 7 3 8 LYING_ROW 0
========= CURRENT MAP =========

    5     1       1     7     
          1       1           
          1 1 1 1 1           
7 1 1 1 1 1 1 * * 1 1 1 1 1 7 
          1 1 1 1 1           
          1 1     1           
          1 1     1     4     
1 1 1     1 1     1           
1 9 1     1       1           
1 1 1             1 1 1 5     

===============================
DOWN -- 4 7 4 8 LYING_ROW 0
========= CURRENT MAP =========

    5     1       1     7     
          1       1           
          1 1 1 1 1           
7 1 1 1 1 1 1 1 1 1 1 1 1 1 7 
          1 1 * * 1           
          1 1     1           
          1 1     1     4     
1 1 1     1 1     1           
1 9 1     1       1           
1 1 1             1 1 1 5     

===============================
RIGHT -- 4 9 4 9 STANDING 0
========= CURRENT MAP =========

    5     1       1     7     
          1       1           
          1 1 1 1 1           
7 1 1 1 1 1 1 1 1 1 1 1 1 1 7 
          1 1 1 1 *           
          1 1     1           
          1 1     1     4     
1 1 1     1 1     1           
1 9 1     1       1           
1 1 1             1 1 1 5     

===============================
UP -- 2 9 3 9 LYING_COL 0
========= CURRENT MAP =========

    5     1       1     7     
          1       1           
          1 1 1 1 *           
7 1 1 1 1 1 1 1 1 * 1 1 1 1 7 
          1 1 1 1 1           
          1 1     1           
          1 1     1     4     
1 1 1     1 1     1           
1 9 1     1       1           
1 1 1             1 1 1 5     

===============================
LEFT -- 2 8 3 8 LYING_COL 0
========= CURRENT MAP =========

    5     1       1     7     
          1       1           
          1 1 1 * 1           
7 1 1 1 1 1 1 1 * 1 1 1 1 1 7 
          1 1 1 1 1           
          1 1     1           
          1 1     1     4     
1 1 1     1 1     1           
1 9 1     1       1           
1 1 1             1 1 1 5     

===============================
DOWN -- 4 8 4 8 STANDING 0
========= CURRENT MAP =========

    5     1       1     7     
          1       1           
          1 1 1 1 1           
7 1 1 1 1 1 1 1 1 1 1 1 1 1 7 
          1 1 1 * 1           
          1 1     1           
          1 1     1     4     
1 1 1     1 1     1           
1 9 1     1       1           
1 1 1             1 1 1 5     

===============================
LEFT -- 4 6 4 7 LYING_ROW 0
========= CURRENT MAP =========

    5     1       1     7     
          1       1           
          1 1 1 1 1           
7 1 1 1 1 1 1 1 1 1 1 1 1 1 7 
          1 * * 1 1           
          1 1     1           
          1 1     1     4     
1 1 1     1 1     1           
1 9 1     1       1           
1 1 1             1 1 1 5     

===============================
UP -- 3 6 3 7 LYING_ROW 0
========= CURRENT MAP =========

    5     1       1     7     
          1       1           
          1 1 1 1 1           
7 1 1 1 1 1 * * 1 1 1 1 1 1 7 
          1 1 1 1 1           
          1 1     1           
          1 1     1     4     
1 1 1     1 1     1           
1 9 1     1       1           
1 1 1             1 1 1 5     

===============================
RIGHT -- 3 8 3 8 STANDING 0
========= CURRENT MAP =========

    5     1       1     7     
          1       1           
          1 1 1 1 1           
7 1 1 1 1 1 1 1 * 1 1 1 1 1 7 
          1 1 1 1 1           
          1 1     1           
          1 1     1     4     
1 1 1     1 1     1           
1 9 1     1       1           
1 1 1             1 1 1 5     

===============================
RIGHT -- 3 9 3 10 LYING_ROW 0
========= CURRENT MAP =========

    5     1       1     7     
          1       1           
          1 1 1 1 1           
7 1 1 1 1 1 1 1 1 * * 1 1 1 7 
          1 1 1 1 1           
          1 1     1           
          1 1     1     4     
1 1 1     1 1     1           
1 9 1     1       1           
1 1 1             1 1 1 5     

===============================
RIGHT -- 3 11 3 11 STANDING 0
========= CURRENT MAP =========

    5     1       1     7     
          1       1           
          1 1 1 1 1           
7 1 1 1 1 1 1 1 1 1 1 * 1 1 7 
          1 1 1 1 1           
          1 1     1           
          1 1     1     4     
1 1 1     1 1     1           
1 9 1     1       1           
1 1 1             1 1 1 5     

===============================
RIGHT -- 3 12 3 13 LYING_ROW 0
========= CURRENT MAP =========

    5     1       1     7     
          1       1           
          1 1 1 1 1           
7 1 1 1 1 1 1 1 1 1 1 1 * * 7 
          1 1 1 1 1           
          1 1     1           
          1 1     1     4     
1 1 1     1 1     1           
1 9 1     1       1           
1 1 1             1 1 1 5     

===============================
RIGHT -- 3 14 3 14 STANDING 0
========= CURRENT MAP =========

    5     1       1     7     
          1       1           
          1 1 1 1 1           
7 1 1 1 1 1 1 1 1 1 1 1 1 1 * 
          1 1 1 1 1           
          1 1     1           
          1 1     1     4     
1 1 1     1 1     1           
1 9 1     1       1           
1 1 1 1           1 1 1 5     

===============================
LEFT -- 3 12 3 13 LYING_ROW 0
========= CURRENT MAP =========

    5     1       1     7     
          1       1           
          1 1 1 1 1           
7 1 1 1 1 1 1 1 1 1 1 1 * * 7 
          1 1 1 1 1           
          1 1     1           
          1 1     1     4     
1 1 1     1 1     1           
1 9 1     1       1           
1 1 1 1           1 1 1 5     

===============================
LEFT -- 3 11 3 11 STANDING 0
========= CURRENT MAP =========

    5     1       1     7     
          1       1           
          1 1 1 1 1           
7 1 1 1 1 1 1 1 1 1 1 * 1 1 7 
          1 1 1 1 1           
          1 1     1           
          1 1     1     4     
1 1 1     1 1     1           
1 9 1     1       1           
1 1 1 1           1 1 1 5     

===============================
LEFT -- 3 9 3 10 LYING_ROW 0
========= CURRENT MAP =========

    5     1       1     7     
          1       1           
          1 1 1 1 1           
7 1 1 1 1 1 1 1 1 * * 1 1 1 7 
          1 1 1 1 1           
          1 1     1           
          1 1     1     4     
1 1 1     1 1     1           
1 9 1     1       1           
1 1 1 1           1 1 1 5     

===============================
LEFT -- 3 8 3 8 STANDING 0
========= CURRENT MAP =========

    5     1       1     7     
          1       1           
          1 1 1 1 1           
7 1 1 1 1 1 1 1 * 1 1 1 1 1 7 
          1 1 1 1 1           
          1 1     1           
          1 1     1     4     
1 1 1     1 1     1           
1 9 1     1       1           
1 1 1 1           1 1 1 5     

===============================
LEFT -- 3 6 3 7 LYING_ROW 0
========= CURRENT MAP =========

    5     1       1     7     
          1       1           
          1 1 1 1 1           
7 1 1 1 1 1 * * 1 1 1 1 1 1 7 
          1 1 1 1 1           
          1 1     1           
          1 1     1     4     
1 1 1     1 1     1           
1 9 1     1       1           
1 1 1 1           1 1 1 5     

===============================
DOWN -- 4 6 4 7 LYING_ROW 0
========= CURRENT MAP =========

    5     1       1     7     
          1       1           
          1 1 1 1 1           
7 1 1 1 1 1 1 1 1 1 1 1 1 1 7 
          1 * * 1 1           
          1 1     1           
          1 1     1     4     
1 1 1     1 1     1           
1 9 1     1       1           
1 1 1 1           1 1 1 5     

===============================
RIGHT -- 4 8 4 8 STANDING 0
========= CURRENT MAP =========

    5     1       1     7     
          1       1           
          1 1 1 1 1           
7 1 1 1 1 1 1 1 1 1 1 1 1 1 7 
          1 1 1 * 1           
          1 1     1           
          1 1     1     4     
1 1 1     1 1     1           
1 9 1     1       1           
1 1 1 1           1 1 1 5     

===============================
UP -- 2 8 3 8 LYING_COL 0
========= CURRENT MAP =========

    5     1       1     7     
          1       1           
          1 1 1 * 1           
7 1 1 1 1 1 1 1 * 1 1 1 1 1 7 
          1 1 1 1 1           
          1 1     1           
          1 1     1     4     
1 1 1     1 1     1           
1 9 1     1       1           
1 1 1 1           1 1 1 5     

===============================
RIGHT -- 2 9 3 9 LYING_COL 0
========= CURRENT MAP =========

    5     1       1     7     
          1       1           
          1 1 1 1 *           
7 1 1 1 1 1 1 1 1 * 1 1 1 1 7 
          1 1 1 1 1           
          1 1     1           
          1 1     1     4     
1 1 1     1 1     1           
1 9 1     1       1           
1 1 1 1           1 1 1 5     

===============================
DOWN -- 4 9 4 9 STANDING 0
========= CURRENT MAP =========

    5     1       1     7     
          1       1           
          1 1 1 1 1           
7 1 1 1 1 1 1 1 1 1 1 1 1 1 7 
          1 1 1 1 *           
          1 1     1           
          1 1     1     4     
1 1 1     1 1     1           
1 9 1     1       1           
1 1 1 1           1 1 1 5     

===============================
LEFT -- 4 7 4 8 LYING_ROW 0
========= CURRENT MAP =========

    5     1       1     7     
          1       1           
          1 1 1 1 1           
7 1 1 1 1 1 1 1 1 1 1 1 1 1 7 
          1 1 * * 1           
          1 1     1           
          1 1     1     4     
1 1 1     1 1     1           
1 9 1     1       1           
1 1 1 1           1 1 1 5     

===============================
UP -- 3 7 3 8 LYING_ROW 0
========= CURRENT MAP =========

    5     1       1     7     
          1       1           
          1 1 1 1 1           
7 1 1 1 1 1 1 * * 1 1 1 1 1 7 
          1 1 1 1 1           
          1 1     1           
          1 1     1     4     
1 1 1     1 1     1           
1 9 1     1       1           
1 1 1 1           1 1 1 5     

===============================
LEFT -- 3 6 3 6 STANDING 0
========= CURRENT MAP =========

    5     1       1     7     
          1       1           
          1 1 1 1 1           
7 1 1 1 1 1 * 1 1 1 1 1 1 1 7 
          1 1 1 1 1           
          1 1     1           
          1 1     1     4     
1 1 1     1 1     1           
1 9 1     1       1           
1 1 1 1           1 1 1 5     

===============================
LEFT -- 3 4 3 5 LYING_ROW 0
========= CURRENT MAP =========

    5     1       1     7     
          1       1           
          1 1 1 1 1           
7 1 1 1 * * 1 1 1 1 1 1 1 1 7 
          1 1 1 1 1           
          1 1     1           
          1 1     1     4     
1 1 1     1 1     1           
1 9 1     1       1           
1 1 1 1           1 1 1 5     

===============================
LEFT -- 3 3 3 3 STANDING 0
========= CURRENT MAP =========

    5     1       1     7     
          1       1           
          1 1 1 1 1           
7 1 1 * 1 1 1 1 1 1 1 1 1 1 7 
          1 1 1 1 1           
          1 1     1           
          1 1     1     4     
1 1 1     1 1     1           
1 9 1     1       1           
1 1 1 1           1 1 1 5     

===============================
LEFT -- 3 1 3 2 LYING_ROW 0
========= CURRENT MAP =========

    5     1       1     7     
          1       1           
          1 1 1 1 1           
7 * * 1 1 1 1 1 1 1 1 1 1 1 7 
          1 1 1 1 1           
          1 1     1           
          1 1     1     4     
1 1 1     1 1     1           
1 9 1     1       1           
1 1 1 1           1 1 1 5     

===============================
LEFT -- 3 0 3 0 STANDING 0
========= CURRENT MAP =========

    5     1       1     7     
          1       1           
          1 1 1 1 1           
* 1 1 1 1 1 1 1 1 1 1 1 1 1 7 
          1 1 1 1 1           
          1 1     1           
          1 1     1     4     
1 1 1     1 1     1           
1 9 1 1 1 1       1           
1 1 1 1           1     5     

===============================
RIGHT -- 3 1 3 2 LYING_ROW 0
========= CURRENT MAP =========

    5     1       1     7     
          1       1           
          1 1 1 1 1           
7 * * 1 1 1 1 1 1 1 1 1 1 1 7 
          1 1 1 1 1           
          1 1     1           
          1 1     1     4     
1 1 1     1 1     1           
1 9 1 1 1 1       1           
1 1 1 1           1     5     

===============================
RIGHT -- 3 3 3 3 STANDING 0
========= CURRENT MAP =========

    5     1       1     7     
          1       1           
          1 1 1 1 1           
7 1 1 * 1 1 1 1 1 1 1 1 1 1 7 
          1 1 1 1 1           
          1 1     1           
          1 1     1     4     
1 1 1     1 1     1           
1 9 1 1 1 1       1           
1 1 1 1           1     5     

===============================
RIGHT -- 3 4 3 5 LYING_ROW 0
========= CURRENT MAP =========

    5     1       1     7     
          1       1           
          1 1 1 1 1           
7 1 1 1 * * 1 1 1 1 1 1 1 1 7 
          1 1 1 1 1           
          1 1     1           
          1 1     1     4     
1 1 1     1 1     1           
1 9 1 1 1 1       1           
1 1 1 1           1     5     

===============================
RIGHT -- 3 6 3 6 STANDING 0
========= CURRENT MAP =========

    5     1       1     7     
          1       1           
          1 1 1 1 1           
7 1 1 1 1 1 * 1 1 1 1 1 1 1 7 
          1 1 1 1 1           
          1 1     1           
          1 1     1     4     
1 1 1     1 1     1           
1 9 1 1 1 1       1           
1 1 1 1           1     5     

===============================
DOWN -- 4 6 5 6 LYING_COL 0
========= CURRENT MAP =========

    5     1       1     7     
          1       1           
          1 1 1 1 1           
7 1 1 1 1 1 1 1 1 1 1 1 1 1 7 
          1 * 1 1 1           
          1 *     1           
          1 1     1     4     
1 1 1     1 1     1           
1 9 1 1 1 1       1           
1 1 1 1           1     5     

===============================
LEFT -- 4 5 5 5 LYING_COL 0
========= CURRENT MAP =========

    5     1       1     7     
          1       1           
          1 1 1 1 1           
7 1 1 1 1 1 1 1 1 1 1 1 1 1 7 
          * 1 1 1 1           
          * 1     1           
          1 1     1     4     
1 1 1     1 1     1           
1 9 1 1 1 1       1           
1 1 1 1           1     5     

===============================
UP -- 3 5 3 5 STANDING 0
========= CURRENT MAP =========

    5     1       1     7     
          1       1           
          1 1 1 1 1           
7 1 1 1 1 * 1 1 1 1 1 1 1 1 7 
          1 1 1 1 1           
          1 1     1           
          1 1     1     4     
1 1 1     1 1     1           
1 9 1 1 1 1       1           
1 1 1 1           1     5     

===============================
RIGHT -- 3 6 3 7 LYING_ROW 0
========= CURRENT MAP =========

    5     1       1     7     
          1       1           
          1 1 1 1 1           
7 1 1 1 1 1 * * 1 1 1 1 1 1 7 
          1 1 1 1 1           
          1 1     1           
          1 1     1     4     
1 1 1     1 1     1           
1 9 1 1 1 1       1           
1 1 1 1           1     5     

===============================
DOWN -- 4 6 4 7 LYING_ROW 0
========= CURRENT MAP =========

    5     1       1     7     
          1       1           
          1 1 1 1 1           
7 1 1 1 1 1 1 1 1 1 1 1 1 1 7 
          1 * * 1 1           
          1 1     1           
          1 1     1     4     
1 1 1     1 1     1           
1 9 1 1 1 1       1           
1 1 1 1           1     5     

===============================
RIGHT -- 4 8 4 8 STANDING 0
========= CURRENT MAP =========

    5     1       1     7     
          1       1           
          1 1 1 1 1           
7 1 1 1 1 1 1 1 1 1 1 1 1 1 7 
          1 1 1 * 1           
          1 1     1           
          1 1     1     4     
1 1 1     1 1     1           
1 9 1 1 1 1       1           
1 1 1 1           1     5     

===============================
UP -- 2 8 3 8 LYING_COL 0
========= CURRENT MAP =========

    5     1       1     7     
          1       1           
          1 1 1 * 1           
7 1 1 1 1 1 1 1 * 1 1 1 1 1 7 
          1 1 1 1 1           
          1 1     1           
          1 1     1     4     
1 1 1     1 1     1           
1 9 1 1 1 1       1           
1 1 1 1           1     5     

===============================
RIGHT -- 2 9 3 9 LYING_COL 0
========= CURRENT MAP =========

    5     1       1     7     
          1       1           
          1 1 1 1 *           
7 1 1 1 1 1 1 1 1 * 1 1 1 1 7 
          1 1 1 1 1           
          1 1     1           
          1 1     1     4     
1 1 1     1 1     1           
1 9 1 1 1 1       1           
1 1 1 1           1     5     

===============================
DOWN -- 4 9 4 9 STANDING 0
========= CURRENT MAP =========

    5     1       1     7     
          1       1           
          1 1 1 1 1           
7 1 1 1 1 1 1 1 1 1 1 1 1 1 7 
          1 1 1 1 *           
          1 1     1           
          1 1     1     4     
1 1 1     1 1     1           
1 9 1 1 1 1       1           
1 1 1 1           1     5     

===============================
LEFT -- 4 7 4 8 LYING_ROW 0
========= CURRENT MAP =========

    5     1       1     7     
          1       1           
          1 1 1 1 1           
7 1 1 1 1 1 1 1 1 1 1 1 1 1 7 
          1 1 * * 1           
          1 1     1           
          1 1     1     4     
1 1 1     1 1     1           
1 9 1 1 1 1       1           
1 1 1 1           1     5     

===============================
UP -- 3 7 3 8 LYING_ROW 0
========= CURRENT MAP =========

    5     1       1     7     
          1       1           
          1 1 1 1 1           
7 1 1 1 1 1 1 * * 1 1 1 1 1 7 
          1 1 1 1 1           
          1 1     1           
          1 1     1     4     
1 1 1     1 1     1           
1 9 1 1 1 1       1           
1 1 1 1           1     5     

===============================
UP -- 2 7 2 8 LYING_ROW 0
========= CURRENT MAP =========

    5     1       1     7     
          1       1           
          1 1 * * 1           
7 1 1 1 1 1 1 1 1 1 1 1 1 1 7 
          1 1 1 1 1           
          1 1     1           
          1 1     1     4     
1 1 1     1 1     1           
1 9 1 1 1 1       1           
1 1 1 1           1     5     

===============================
RIGHT -- 2 9 2 9 STANDING 0
========= CURRENT MAP =========

    5     1       1     7     
          1       1           
          1 1 1 1 *           
7 1 1 1 1 1 1 1 1 1 1 1 1 1 7 
          1 1 1 1 1           
          1 1     1           
          1 1     1     4     
1 1 1     1 1     1           
1 9 1 1 1 1       1           
1 1 1 1           1     5     

===============================
DOWN -- 3 9 4 9 LYING_COL 0
========= CURRENT MAP =========

    5     1       1     7     
          1       1           
          1 1 1 1 1           
7 1 1 1 1 1 1 1 1 * 1 1 1 1 7 
          1 1 1 1 *           
          1 1     1           
          1 1     1     4     
1 1 1     1 1     1           
1 9 1 1 1 1       1           
1 1 1 1           1     5     

===============================
LEFT -- 3 8 4 8 LYING_COL 0
========= CURRENT MAP =========

    5     1       1     7     
          1       1           
          1 1 1 1 1           
7 1 1 1 1 1 1 1 * 1 1 1 1 1 7 
          1 1 1 * 1           
          1 1     1           
          1 1     1     4     
1 1 1     1 1     1           
1 9 1 1 1 1       1           
1 1 1 1           1     5     

===============================
UP -- 2 8 2 8 STANDING 0
========= CURRENT MAP =========

    5     1       1     7     
          1       1           
          1 1 1 * 1           
7 1 1 1 1 1 1 1 1 1 1 1 1 1 7 
          1 1 1 1 1           
          1 1     1           
          1 1     1     4     
1 1 1     1 1     1           
1 9 1 1 1 1       1           
1 1 1 1           1     5     

===============================
LEFT -- 2 6 2 7 LYING_ROW 0
========= CURRENT MAP =========

    5     1       1     7     
          1       1           
          1 * * 1 1           
7 1 1 1 1 1 1 1 1 1 1 1 1 1 7 
          1 1 1 1 1           
          1 1     1           
          1 1     1     4     
1 1 1     1 1     1           
1 9 1 1 1 1       1           
1 1 1 1           1     5     

===============================
LEFT -- 2 5 2 5 STANDING 0
========= CURRENT MAP =========

    5     1       1     7     
          1       1           
          * 1 1 1 1           
7 1 1 1 1 1 1 1 1 1 1 1 1 1 7 
          1 1 1 1 1           
          1 1     1           
          1 1     1     4     
1 1 1     1 1     1           
1 9 1 1 1 1       1           
1 1 1 1           1     5     

===============================
DOWN -- 3 5 4 5 LYING_COL 0
========= CURRENT MAP =========

    5     1       1     7     
          1       1           
          1 1 1 1 1           
7 1 1 1 1 * 1 1 1 1 1 1 1 1 7 
          * 1 1 1 1           
          1 1     1           
          1 1     1     4     
1 1 1     1 1     1           
1 9 1 1 1 1       1           
1 1 1 1           1     5     

===============================
DOWN -- 5 5 5 5 STANDING 0
========= CURRENT MAP =========

    5     1       1     7     
          1       1           
          1 1 1 1 1           
7 1 1 1 1 1 1 1 1 1 1 1 1 1 7 
          1 1 1 1 1           
          * 1     1           
          1 1     1     4     
1 1 1     1 1     1           
1 9 1 1 1 1       1           
1 1 1 1           1     5     

===============================
DOWN -- 6 5 7 5 LYING_COL 0
========= CURRENT MAP =========

    5     1       1     7     
          1       1           
          1 1 1 1 1           
7 1 1 1 1 1 1 1 1 1 1 1 1 1 7 
          1 1 1 1 1           
          1 1     1           
          * 1     1     4     
1 1 1     * 1     1           
1 9 1 1 1 1       1           
1 1 1 1           1     5     

===============================
DOWN -- 8 5 8 5 STANDING 0
========= CURRENT MAP =========

    5     1       1     7     
          1       1           
          1 1 1 1 1           
7 1 1 1 1 1 1 1 1 1 1 1 1 1 7 
          1 1 1 1 1           
          1 1     1           
          1 1     1     4     
1 1 1     1 1     1           
1 9 1 1 1 *       1           
1 1 1 1           1     5     

===============================
LEFT -- 8 3 8 4 LYING_ROW 0
========= CURRENT MAP =========

    5     1       1     7     
          1       1           
          1 1 1 1 1           
7 1 1 1 1 1 1 1 1 1 1 1 1 1 7 
          1 1 1 1 1           
          1 1     1           
          1 1     1     4     
1 1 1     1 1     1           
1 9 1 * * 1       1           
1 1 1 1           1     5     

===============================
LEFT -- 8 2 8 2 STANDING 0
========= CURRENT MAP =========

    5     1       1     7     
          1       1           
          1 1 1 1 1           
7 1 1 1 1 1 1 1 1 1 1 1 1 1 7 
          1 1 1 1 1           
          1 1     1           
          1 1     1     4     
1 1 1     1 1     1           
1 9 * 1 1 1       1           
1 1 1 1           1     5     

===============================
LEFT -- 8 0 8 1 LYING_ROW 0
========= CURRENT MAP =========

    5     1       1     7     
          1       1           
          1 1 1 1 1           
7 1 1 1 1 1 1 1 1 1 1 1 1 1 7 
          1 1 1 1 1           
          1 1     1           
          1 1     1     4     
1 1 1     1 1     1           
* * 1 1 1 1       1           
1 1 1 1           1     5     

===============================
DOWN -- 9 0 9 1 LYING_ROW 0
========= CURRENT MAP =========

    5     1       1     7     
          1       1           
          1 1 1 1 1           
7 1 1 1 1 1 1 1 1 1 1 1 1 1 7 
          1 1 1 1 1           
          1 1     1           
          1 1     1     4     
1 1 1     1 1     1           
1 9 1 1 1 1       1           
* * 1 1           1     5     

===============================
RIGHT -- 9 2 9 2 STANDING 0
========= CURRENT MAP =========

    5     1       1     7     
          1       1           
          1 1 1 1 1           
7 1 1 1 1 1 1 1 1 1 1 1 1 1 7 
          1 1 1 1 1           
          1 1     1           
          1 1     1     4     
1 1 1     1 1     1           
1 9 1 1 1 1       1           
1 1 * 1           1     5     

===============================
UP -- 7 2 8 2 LYING_COL 0
========= CURRENT MAP =========

    5     1       1     7     
          1       1           
          1 1 1 1 1           
7 1 1 1 1 1 1 1 1 1 1 1 1 1 7 
          1 1 1 1 1           
          1 1     1           
          1 1     1     4     
1 1 *     1 1     1           
1 9 * 1 1 1       1           
1 1 1 1           1     5     

===============================
LEFT -- 7 1 8 1 LYING_COL 0
========= CURRENT MAP =========

    5     1       1     7     
          1       1           
          1 1 1 1 1           
7 1 1 1 1 1 1 1 1 1 1 1 1 1 7 
          1 1 1 1 1           
          1 1     1           
          1 1     1     4     
1 * 1     1 1     1           
1 * 1 1 1 1       1           
1 1 1 1           1     5     

===============================
DOWN -- 9 1 9 1 STANDING 0
========= CURRENT MAP =========

    5     1       1     7     
          1       1           
          1 1 1 1 1           
7 1 1 1 1 1 1 1 1 1 1 1 1 1 7 
          1 1 1 1 1           
          1 1     1           
          1 1     1     4     
1 1 1     1 1     1           
1 9 1 1 1 1       1           
1 * 1 1           1     5     

===============================
RIGHT -- 9 2 9 3 LYING_ROW 0
========= CURRENT MAP =========

    5     1       1     7     
          1       1           
          1 1 1 1 1           
7 1 1 1 1 1 1 1 1 1 1 1 1 1 7 
          1 1 1 1 1           
          1 1     1           
          1 1     1     4     
1 1 1     1 1     1           
1 9 1 1 1 1       1           
1 1 * *           1     5     

===============================
UP -- 8 2 8 3 LYING_ROW 0
========= CURRENT MAP =========

    5     1       1     7     
          1       1           
          1 1 1 1 1           
7 1 1 1 1 1 1 1 1 1 1 1 1 1 7 
          1 1 1 1 1           
          1 1     1           
          1 1     1     4     
1 1 1     1 1     1           
1 9 * * 1 1       1           
1 1 1 1           1     5     

===============================
LEFT -- 8 1 8 1 STANDING 0
========= CURRENT MAP =========

    5     1       1     7     
          1       1           
          1 1 1 1 1           
7 1 1 1 1 1 1 1 1 1 1 1 1 1 7 
          1 1 1 1 1           
          1 1     1           
          1 1     1     4     
1 1 1     1 1     1           
1 * 1 1 1 1       1           
1 1 1 1           1     5     

===============================

=========== STAT 29 ============
STATUS: SUCCESS
PROCESS TIME: 0:00:00.287065
PROCESS MEMORY: 2375680
REAL STEP: 138
VIRTUAL STEP: 3789
===============================

PRESS KEY: RDLURDLUURDRULDRDDRRLLUULDRULDLULUULLRRDDRDRURDLURUURRLLDDDDDDRRLLUUUULDRULDLURRRRRLLLLLDRURDLULLLLLRRRRDLURDRURDLUURDLULLDDDDLLLDRULDRUL

