START -- 1 1 1 1 STANDING 0
========= CURRENT MAP =========

1 1 1         1 1 1 1 1 1 1 1 
1 * 1 1 1 1 1 1 1 1 1     1 1 
1 1 1         1 1         1 1 
                        1 7 1 
                        1 1   
1 1 1     2 2 2 2 1     5 5   
1 9 1 2 2 2 2 2 2 2     1 1 1 
1 1 1 2 2 2 2 2 2 2 2 2 1 1 1 
          2 2 2 2 2 2 2 1 1 1 
            1 1 1 1           

===============================
RIGHT -- 1 2 1 3 LYING_ROW 0
========= CURRENT MAP =========

1 1 1         1 1 1 1 1 1 1 1 
1 1 * * 1 1 1 1 1 1 1     1 1 
1 1 1         1 1         1 1 
                        1 7 1 
                        1 1   
1 1 1     2 2 2 2 1     5 5   
1 9 1 2 2 2 2 2 2 2     1 1 1 
1 1 1 2 2 2 2 2 2 2 2 2 1 1 1 
          2 2 2 2 2 2 2 1 1 1 
            1 1 1 1           

===============================
RIGHT -- 1 4 1 4 STANDING 0
========= CURRENT MAP =========

1 1 1         1 1 1 1 1 1 1 1 
1 1 1 1 * 1 1 1 1 1 1     1 1 
1 1 1         1 1         1 1 
                        1 7 1 
                        1 1   
1 1 1     2 2 2 2 1     5 5   
1 9 1 2 2 2 2 2 2 2     1 1 1 
1 1 1 2 2 2 2 2 2 2 2 2 1 1 1 
          2 2 2 2 2 2 2 1 1 1 
            1 1 1 1           

===============================
RIGHT -- 1 5 1 6 LYING_ROW 0
========= CURRENT MAP =========

1 1 1         1 1 1 1 1 1 1 1 
1 1 1 1 1 * * 1 1 1 1     1 1 
1 1 1         1 1         1 1 
                        1 7 1 
                        1 1   
1 1 1     2 2 2 2 1     5 5   
1 9 1 2 2 2 2 2 2 2     1 1 1 
1 1 1 2 2 2 2 2 2 2 2 2 1 1 1 
          2 2 2 2 2 2 2 1 1 1 
            1 1 1 1           

===============================
RIGHT -- 1 7 1 7 STANDING 0
========= CURRENT MAP =========

1 1 1         1 1 1 1 1 1 1 1 
1 1 1 1 1 1 1 * 1 1 1     1 1 
1 1 1         1 1         1 1 
                        1 7 1 
                        1 1   
1 1 1     2 2 2 2 1     5 5   
1 9 1 2 2 2 2 2 2 2     1 1 1 
1 1 1 2 2 2 2 2 2 2 2 2 1 1 1 
          2 2 2 2 2 2 2 1 1 1 
            1 1 1 1           

===============================
RIGHT -- 1 8 1 9 LYING_ROW 0
========= CURRENT MAP =========

1 1 1         1 1 1 1 1 1 1 1 
1 1 1 1 1 1 1 1 * * 1     1 1 
1 1 1         1 1         1 1 
                        1 7 1 
                        1 1   
1 1 1     2 2 2 2 1     5 5   
1 9 1 2 2 2 2 2 2 2     1 1 1 
1 1 1 2 2 2 2 2 2 2 2 2 1 1 1 
          2 2 2 2 2 2 2 1 1 1 
            1 1 1 1           

===============================
UP -- 0 8 0 9 LYING_ROW 0
========= CURRENT MAP =========

1 1 1         1 * * 1 1 1 1 1 
1 1 1 1 1 1 1 1 1 1 1     1 1 
1 1 1         1 1         1 1 
                        1 7 1 
                        1 1   
1 1 1     2 2 2 2 1     5 5   
1 9 1 2 2 2 2 2 2 2     1 1 1 
1 1 1 2 2 2 2 2 2 2 2 2 1 1 1 
          2 2 2 2 2 2 2 1 1 1 
            1 1 1 1           

===============================
RIGHT -- 0 10 0 10 STANDING 0
========= CURRENT MAP =========

1 1 1         1 1 1 * 1 1 1 1 
1 1 1 1 1 1 1 1 1 1 1     1 1 
1 1 1         1 1         1 1 
                        1 7 1 
                        1 1   
1 1 1     2 2 2 2 1     5 5   
1 9 1 2 2 2 2 2 2 2     1 1 1 
1 1 1 2 2 2 2 2 2 2 2 2 1 1 1 
          2 2 2 2 2 2 2 1 1 1 
            1 1 1 1           

===============================
RIGHT -- 0 11 0 12 LYING_ROW 0
========= CURRENT MAP =========

1 1 1         1 1 1 1 * * 1 1 
1 1 1 1 1 1 1 1 1 1 1     1 1 
1 1 1         1 1         1 1 
                        1 7 1 
                        1 1   
1 1 1     2 2 2 2 1     5 5   
1 9 1 2 2 2 2 2 2 2     1 1 1 
1 1 1 2 2 2 2 2 2 2 2 2 1 1 1 
          2 2 2 2 2 2 2 1 1 1 
            1 1 1 1           

===============================
RIGHT -- 0 13 0 13 STANDING 0
========= CURRENT MAP =========

1 1 1         1 1 1 1 1 1 * 1 
1 1 1 1 1 1 1 1 1 1 1     1 1 
1 1 1         1 1         1 1 
                        1 7 1 
                        1 1   
1 1 1     2 2 2 2 1     5 5   
1 9 1 2 2 2 2 2 2 2     1 1 1 
1 1 1 2 2 2 2 2 2 2 2 2 1 1 1 
          2 2 2 2 2 2 2 1 1 1 
            1 1 1 1           

===============================
DOWN -- 1 13 2 13 LYING_COL 0
========= CURRENT MAP =========

1 1 1         1 1 1 1 1 1 1 1 
1 1 1 1 1 1 1 1 1 1 1     * 1 
1 1 1         1 1         * 1 
                        1 7 1 
                        1 1   
1 1 1     2 2 2 2 1     5 5   
1 9 1 2 2 2 2 2 2 2     1 1 1 
1 1 1 2 2 2 2 2 2 2 2 2 1 1 1 
          2 2 2 2 2 2 2 1 1 1 
            1 1 1 1           

===============================
RIGHT -- 1 14 2 14 LYING_COL 0
========= CURRENT MAP =========

1 1 1         1 1 1 1 1 1 1 1 
1 1 1 1 1 1 1 1 1 1 1     1 * 
1 1 1         1 1         1 * 
                        1 7 1 
                        1 1   
1 1 1     2 2 2 2 1     5 5   
1 9 1 2 2 2 2 2 2 2     1 1 1 
1 1 1 2 2 2 2 2 2 2 2 2 1 1 1 
          2 2 2 2 2 2 2 1 1 1 
            1 1 1 1           

===============================
UP -- 0 14 0 14 STANDING 0
========= CURRENT MAP =========

1 1 1         1 1 1 1 1 1 1 * 
1 1 1 1 1 1 1 1 1 1 1     1 1 
1 1 1         1 1         1 1 
                        1 7 1 
                        1 1   
1 1 1     2 2 2 2 1     5 5   
1 9 1 2 2 2 2 2 2 2     1 1 1 
1 1 1 2 2 2 2 2 2 2 2 2 1 1 1 
          2 2 2 2 2 2 2 1 1 1 
            1 1 1 1           

===============================
LEFT -- 0 12 0 13 LYING_ROW 0
========= CURRENT MAP =========

1 1 1         1 1 1 1 1 * * 1 
1 1 1 1 1 1 1 1 1 1 1     1 1 
1 1 1         1 1         1 1 
                        1 7 1 
                        1 1   
1 1 1     2 2 2 2 1     5 5   
1 9 1 2 2 2 2 2 2 2     1 1 1 
1 1 1 2 2 2 2 2 2 2 2 2 1 1 1 
          2 2 2 2 2 2 2 1 1 1 
            1 1 1 1           

===============================
LEFT -- 0 11 0 11 STANDING 0
========= CURRENT MAP =========

1 1 1         1 1 1 1 * 1 1 1 
1 1 1 1 1 1 1 1 1 1 1     1 1 
1 1 1         1 1         1 1 
                        1 7 1 
                        1 1   
1 1 1     2 2 2 2 1     5 5   
1 9 1 2 2 2 2 2 2 2     1 1 1 
1 1 1 2 2 2 2 2 2 2 2 2 1 1 1 
          2 2 2 2 2 2 2 1 1 1 
            1 1 1 1           

===============================
LEFT -- 0 9 0 10 LYING_ROW 0
========= CURRENT MAP =========

1 1 1         1 1 * * 1 1 1 1 
1 1 1 1 1 1 1 1 1 1 1     1 1 
1 1 1         1 1         1 1 
                        1 7 1 
                        1 1   
1 1 1     2 2 2 2 1     5 5   
1 9 1 2 2 2 2 2 2 2     1 1 1 
1 1 1 2 2 2 2 2 2 2 2 2 1 1 1 
          2 2 2 2 2 2 2 1 1 1 
            1 1 1 1           

===============================
DOWN -- 1 9 1 10 LYING_ROW 0
========= CURRENT MAP =========

1 1 1         1 1 1 1 1 1 1 1 
1 1 1 1 1 1 1 1 1 * *     1 1 
1 1 1         1 1         1 1 
                        1 7 1 
                        1 1   
1 1 1     2 2 2 2 1     5 5   
1 9 1 2 2 2 2 2 2 2     1 1 1 
1 1 1 2 2 2 2 2 2 2 2 2 1 1 1 
          2 2 2 2 2 2 2 1 1 1 
            1 1 1 1           

===============================
LEFT -- 1 8 1 8 STANDING 0
========= CURRENT MAP =========

1 1 1         1 1 1 1 1 1 1 1 
1 1 1 1 1 1 1 1 * 1 1     1 1 
1 1 1         1 1         1 1 
                        1 7 1 
                        1 1   
1 1 1     2 2 2 2 1     5 5   
1 9 1 2 2 2 2 2 2 2     1 1 1 
1 1 1 2 2 2 2 2 2 2 2 2 1 1 1 
          2 2 2 2 2 2 2 1 1 1 
            1 1 1 1           

===============================
LEFT -- 1 6 1 7 LYING_ROW 0
========= CURRENT MAP =========

1 1 1         1 1 1 1 1 1 1 1 
1 1 1 1 1 1 * * 1 1 1     1 1 
1 1 1         1 1         1 1 
                        1 7 1 
                        1 1   
1 1 1     2 2 2 2 1     5 5   
1 9 1 2 2 2 2 2 2 2     1 1 1 
1 1 1 2 2 2 2 2 2 2 2 2 1 1 1 
          2 2 2 2 2 2 2 1 1 1 
            1 1 1 1           

===============================
LEFT -- 1 5 1 5 STANDING 0
========= CURRENT MAP =========

1 1 1         1 1 1 1 1 1 1 1 
1 1 1 1 1 * 1 1 1 1 1     1 1 
1 1 1         1 1         1 1 
                        1 7 1 
                        1 1   
1 1 1     2 2 2 2 1     5 5   
1 9 1 2 2 2 2 2 2 2     1 1 1 
1 1 1 2 2 2 2 2 2 2 2 2 1 1 1 
          2 2 2 2 2 2 2 1 1 1 
            1 1 1 1           

===============================
LEFT -- 1 3 1 4 LYING_ROW 0
========= CURRENT MAP =========

1 1 1         1 1 1 1 1 1 1 1 
1 1 1 * * 1 1 1 1 1 1     1 1 
1 1 1         1 1         1 1 
                        1 7 1 
                        1 1   
1 1 1     2 2 2 2 1     5 5   
1 9 1 2 2 2 2 2 2 2     1 1 1 
1 1 1 2 2 2 2 2 2 2 2 2 1 1 1 
          2 2 2 2 2 2 2 1 1 1 
            1 1 1 1           

===============================
LEFT -- 1 2 1 2 STANDING 0
========= CURRENT MAP =========

1 1 1         1 1 1 1 1 1 1 1 
1 1 * 1 1 1 1 1 1 1 1     1 1 
1 1 1         1 1         1 1 
                        1 7 1 
                        1 1   
1 1 1     2 2 2 2 1     5 5   
1 9 1 2 2 2 2 2 2 2     1 1 1 
1 1 1 2 2 2 2 2 2 2 2 2 1 1 1 
          2 2 2 2 2 2 2 1 1 1 
            1 1 1 1           

===============================
LEFT -- 1 0 1 1 LYING_ROW 0
========= CURRENT MAP =========

1 1 1         1 1 1 1 1 1 1 1 
* * 1 1 1 1 1 1 1 1 1     1 1 
1 1 1         1 1         1 1 
                        1 7 1 
                        1 1   
1 1 1     2 2 2 2 1     5 5   
1 9 1 2 2 2 2 2 2 2     1 1 1 
1 1 1 2 2 2 2 2 2 2 2 2 1 1 1 
          2 2 2 2 2 2 2 1 1 1 
            1 1 1 1           

===============================
DOWN -- 2 0 2 1 LYING_ROW 0
========= CURRENT MAP =========

1 1 1         1 1 1 1 1 1 1 1 
1 1 1 1 1 1 1 1 1 1 1     1 1 
* * 1         1 1         1 1 
                        1 7 1 
                        1 1   
1 1 1     2 2 2 2 1     5 5   
1 9 1 2 2 2 2 2 2 2     1 1 1 
1 1 1 2 2 2 2 2 2 2 2 2 1 1 1 
          2 2 2 2 2 2 2 1 1 1 
            1 1 1 1           

===============================
RIGHT -- 2 2 2 2 STANDING 0
========= CURRENT MAP =========

1 1 1         1 1 1 1 1 1 1 1 
1 1 1 1 1 1 1 1 1 1 1     1 1 
1 1 *         1 1         1 1 
                        1 7 1 
                        1 1   
1 1 1     2 2 2 2 1     5 5   
1 9 1 2 2 2 2 2 2 2     1 1 1 
1 1 1 2 2 2 2 2 2 2 2 2 1 1 1 
          2 2 2 2 2 2 2 1 1 1 
            1 1 1 1           

===============================
UP -- 0 2 1 2 LYING_COL 0
========= CURRENT MAP =========

1 1 *         1 1 1 1 1 1 1 1 
1 1 * 1 1 1 1 1 1 1 1     1 1 
1 1 1         1 1         1 1 
                        1 7 1 
                        1 1   
1 1 1     2 2 2 2 1     5 5   
1 9 1 2 2 2 2 2 2 2     1 1 1 
1 1 1 2 2 2 2 2 2 2 2 2 1 1 1 
          2 2 2 2 2 2 2 1 1 1 
            1 1 1 1           

===============================
LEFT -- 0 1 1 1 LYING_COL 0
========= CURRENT MAP =========

1 * 1         1 1 1 1 1 1 1 1 
1 * 1 1 1 1 1 1 1 1 1     1 1 
1 1 1         1 1         1 1 
                        1 7 1 
                        1 1   
1 1 1     2 2 2 2 1     5 5   
1 9 1 2 2 2 2 2 2 2     1 1 1 
1 1 1 2 2 2 2 2 2 2 2 2 1 1 1 
          2 2 2 2 2 2 2 1 1 1 
            1 1 1 1           

===============================
LEFT -- 0 0 1 0 LYING_COL 0
========= CURRENT MAP =========

* 1 1         1 1 1 1 1 1 1 1 
* 1 1 1 1 1 1 1 1 1 1     1 1 
1 1 1         1 1         1 1 
                        1 7 1 
                        1 1   
1 1 1     2 2 2 2 1     5 5   
1 9 1 2 2 2 2 2 2 2     1 1 1 
1 1 1 2 2 2 2 2 2 2 2 2 1 1 1 
          2 2 2 2 2 2 2 1 1 1 
            1 1 1 1           

===============================
DOWN -- 2 0 2 0 STANDING 0
========= CURRENT MAP =========

1 1 1         1 1 1 1 1 1 1 1 
1 1 1 1 1 1 1 1 1 1 1     1 1 
* 1 1         1 1         1 1 
                        1 7 1 
                        1 1   
1 1 1     2 2 2 2 1     5 5   
1 9 1 2 2 2 2 2 2 2     1 1 1 
1 1 1 2 2 2 2 2 2 2 2 2 1 1 1 
          2 2 2 2 2 2 2 1 1 1 
            1 1 1 1           

===============================
RIGHT -- 2 1 2 2 LYING_ROW 0
========= CURRENT MAP =========

1 1 1         1 1 1 1 1 1 1 1 
1 1 1 1 1 1 1 1 1 1 1     1 1 
1 * *         1 1         1 1 
                        1 7 1 
                        1 1   
1 1 1     2 2 2 2 1     5 5   
1 9 1 2 2 2 2 2 2 2     1 1 1 
1 1 1 2 2 2 2 2 2 2 2 2 1 1 1 
          2 2 2 2 2 2 2 1 1 1 
            1 1 1 1           

===============================
UP -- 1 1 1 2 LYING_ROW 0
========= CURRENT MAP =========

1 1 1         1 1 1 1 1 1 1 1 
1 * * 1 1 1 1 1 1 1 1     1 1 
1 1 1         1 1         1 1 
                        1 7 1 
                        1 1   
1 1 1     2 2 2 2 1     5 5   
1 9 1 2 2 2 2 2 2 2     1 1 1 
1 1 1 2 2 2 2 2 2 2 2 2 1 1 1 
          2 2 2 2 2 2 2 1 1 1 
            1 1 1 1           

===============================
RIGHT -- 1 3 1 3 STANDING 0
========= CURRENT MAP =========

1 1 1         1 1 1 1 1 1 1 1 
1 1 1 * 1 1 1 1 1 1 1     1 1 
1 1 1         1 1         1 1 
                        1 7 1 
                        1 1   
1 1 1     2 2 2 2 1     5 5   
1 9 1 2 2 2 2 2 2 2     1 1 1 
1 1 1 2 2 2 2 2 2 2 2 2 1 1 1 
          2 2 2 2 2 2 2 1 1 1 
            1 1 1 1           

===============================
RIGHT -- 1 4 1 5 LYING_ROW 0
========= CURRENT MAP =========

1 1 1         1 1 1 1 1 1 1 1 
1 1 1 1 * * 1 1 1 1 1     1 1 
1 1 1         1 1         1 1 
                        1 7 1 
                        1 1   
1 1 1     2 2 2 2 1     5 5   
1 9 1 2 2 2 2 2 2 2     1 1 1 
1 1 1 2 2 2 2 2 2 2 2 2 1 1 1 
          2 2 2 2 2 2 2 1 1 1 
            1 1 1 1           

===============================
RIGHT -- 1 6 1 6 STANDING 0
========= CURRENT MAP =========

1 1 1         1 1 1 1 1 1 1 1 
1 1 1 1 1 1 * 1 1 1 1     1 1 
1 1 1         1 1         1 1 
                        1 7 1 
                        1 1   
1 1 1     2 2 2 2 1     5 5   
1 9 1 2 2 2 2 2 2 2     1 1 1 
1 1 1 2 2 2 2 2 2 2 2 2 1 1 1 
          2 2 2 2 2 2 2 1 1 1 
            1 1 1 1           

===============================
RIGHT -- 1 7 1 8 LYING_ROW 0
========= CURRENT MAP =========

1 1 1         1 1 1 1 1 1 1 1 
1 1 1 1 1 1 1 * * 1 1     1 1 
1 1 1         1 1         1 1 
                        1 7 1 
                        1 1   
1 1 1     2 2 2 2 1     5 5   
1 9 1 2 2 2 2 2 2 2     1 1 1 
1 1 1 2 2 2 2 2 2 2 2 2 1 1 1 
          2 2 2 2 2 2 2 1 1 1 
            1 1 1 1           

===============================
UP -- 0 7 0 8 LYING_ROW 0
========= CURRENT MAP =========

1 1 1         * * 1 1 1 1 1 1 
1 1 1 1 1 1 1 1 1 1 1     1 1 
1 1 1         1 1         1 1 
                        1 7 1 
                        1 1   
1 1 1     2 2 2 2 1     5 5   
1 9 1 2 2 2 2 2 2 2     1 1 1 
1 1 1 2 2 2 2 2 2 2 2 2 1 1 1 
          2 2 2 2 2 2 2 1 1 1 
            1 1 1 1           

===============================
RIGHT -- 0 9 0 9 STANDING 0
========= CURRENT MAP =========

1 1 1         1 1 * 1 1 1 1 1 
1 1 1 1 1 1 1 1 1 1 1     1 1 
1 1 1         1 1         1 1 
                        1 7 1 
                        1 1   
1 1 1     2 2 2 2 1     5 5   
1 9 1 2 2 2 2 2 2 2     1 1 1 
1 1 1 2 2 2 2 2 2 2 2 2 1 1 1 
          2 2 2 2 2 2 2 1 1 1 
            1 1 1 1           

===============================
RIGHT -- 0 10 0 11 LYING_ROW 0
========= CURRENT MAP =========

1 1 1         1 1 1 * * 1 1 1 
1 1 1 1 1 1 1 1 1 1 1     1 1 
1 1 1         1 1         1 1 
                        1 7 1 
                        1 1   
1 1 1     2 2 2 2 1     5 5   
1 9 1 2 2 2 2 2 2 2     1 1 1 
1 1 1 2 2 2 2 2 2 2 2 2 1 1 1 
          2 2 2 2 2 2 2 1 1 1 
            1 1 1 1           

===============================
RIGHT -- 0 12 0 12 STANDING 0
========= CURRENT MAP =========

1 1 1         1 1 1 1 1 * 1 1 
1 1 1 1 1 1 1 1 1 1 1     1 1 
1 1 1         1 1         1 1 
                        1 7 1 
                        1 1   
1 1 1     2 2 2 2 1     5 5   
1 9 1 2 2 2 2 2 2 2     1 1 1 
1 1 1 2 2 2 2 2 2 2 2 2 1 1 1 
          2 2 2 2 2 2 2 1 1 1 
            1 1 1 1           

===============================
RIGHT -- 0 13 0 14 LYING_ROW 0
========= CURRENT MAP =========

1 1 1         1 1 1 1 1 1 * * 
1 1 1 1 1 1 1 1 1 1 1     1 1 
1 1 1         1 1         1 1 
                        1 7 1 
                        1 1   
1 1 1     2 2 2 2 1     5 5   
1 9 1 2 2 2 2 2 2 2     1 1 1 
1 1 1 2 2 2 2 2 2 2 2 2 1 1 1 
          2 2 2 2 2 2 2 1 1 1 
            1 1 1 1           

===============================
DOWN -- 1 13 1 14 LYING_ROW 0
========= CURRENT MAP =========

1 1 1         1 1 1 1 1 1 1 1 
1 1 1 1 1 1 1 1 1 1 1     * * 
1 1 1         1 1         1 1 
                        1 7 1 
                        1 1   
1 1 1     2 2 2 2 1     5 5   
1 9 1 2 2 2 2 2 2 2     1 1 1 
1 1 1 2 2 2 2 2 2 2 2 2 1 1 1 
          2 2 2 2 2 2 2 1 1 1 
            1 1 1 1           

===============================
DOWN -- 2 13 2 14 LYING_ROW 0
========= CURRENT MAP =========

1 1 1         1 1 1 1 1 1 1 1 
1 1 1 1 1 1 1 1 1 1 1     1 1 
1 1 1         1 1         * * 
                        1 7 1 
                        1 1   
1 1 1     2 2 2 2 1     5 5   
1 9 1 2 2 2 2 2 2 2     1 1 1 
1 1 1 2 2 2 2 2 2 2 2 2 1 1 1 
          2 2 2 2 2 2 2 1 1 1 
            1 1 1 1           

===============================
DOWN -- 3 13 3 14 LYING_ROW 0
========= CURRENT MAP =========

1 1 1         1 1 1 1 1 1 1 1 
1 1 1 1 1 1 1 1 1 1 1     1 1 
1 1 1         1 1         1 1 
                        1 * * 
                        1 1   
1 1 1     2 2 2 2 1     5 5   
1 9 1 2 2 2 2 2 2 2     1 1 1 
1 1 1 2 2 2 2 2 2 2 2 2 1 1 1 
          2 2 2 2 2 2 2 1 1 1 
            1 1 1 1           

===============================
LEFT -- 3 12 3 12 STANDING 0
========= CURRENT MAP =========

1 1 1         1 1 1 1 1 1 1 1 
1 1 1 1 1 1 1 1 1 1 1     1 1 
1 1 1         1 1         1 1 
                        * 7 1 
                        1 1   
1 1 1     2 2 2 2 1     5 5   
1 9 1 2 2 2 2 2 2 2     1 1 1 
1 1 1 2 2 2 2 2 2 2 2 2 1 1 1 
          2 2 2 2 2 2 2 1 1 1 
            1 1 1 1           

===============================
DOWN -- 4 12 5 12 LYING_COL 0
========= CURRENT MAP =========

1 1 1         1 1 1 1 1 1 1 1 
1 1 1 1 1 1 1 1 1 1 1     1 1 
1 1 1         1 1         1 1 
                        1 7 1 
                        * 1   
1 1 1     2 2 2 2 1     * 5   
1 9 1 2 2 2 2 2 2 2     1 1 1 
1 1 1 2 2 2 2 2 2 2 2 2 1 1 1 
          2 2 2 2 2 2 2 1 1 1 
              1 1 1           

===============================
DOWN -- 6 12 6 12 STANDING 0
========= CURRENT MAP =========

1 1 1         1 1 1 1 1 1 1 1 
1 1 1 1 1 1 1 1 1 1 1     1 1 
1 1 1         1 1         1 1 
                        1 7 1 
                        1 1   
1 1 1     2 2 2 2 1     5 5   
1 9 1 2 2 2 2 2 2 2     * 1 1 
1 1 1 2 2 2 2 2 2 2 2 2 1 1 1 
          2 2 2 2 2 2 2 1 1 1 
              1 1 1           

===============================
DOWN -- 7 12 8 12 LYING_COL 0
========= CURRENT MAP =========

1 1 1         1 1 1 1 1 1 1 1 
1 1 1 1 1 1 1 1 1 1 1     1 1 
1 1 1         1 1         1 1 
                        1 7 1 
                        1 1   
1 1 1     2 2 2 2 1     5 5   
1 9 1 2 2 2 2 2 2 2     1 1 1 
1 1 1 2 2 2 2 2 2 2 2 2 * 1 1 
          2 2 2 2 2 2 2 * 1 1 
              1 1 1           

===============================
LEFT -- 7 11 8 11 LYING_COL 0
========= CURRENT MAP =========

1 1 1         1 1 1 1 1 1 1 1 
1 1 1 1 1 1 1 1 1 1 1     1 1 
1 1 1         1 1         1 1 
                        1 7 1 
                        1 1   
1 1 1     2 2 2 2 1     5 5   
1 9 1 2 2 2 2 2 2 2     1 1 1 
1 1 1 2 2 2 2 2 2 2 2 * 1 1 1 
          2 2 2 2 2 2 * 1 1 1 
              1 1 1           

===============================
LEFT -- 7 10 8 10 LYING_COL 0
========= CURRENT MAP =========

1 1 1         1 1 1 1 1 1 1 1 
1 1 1 1 1 1 1 1 1 1 1     1 1 
1 1 1         1 1         1 1 
                        1 7 1 
                        1 1   
1 1 1     2 2 2 2 1     5 5   
1 9 1 2 2 2 2 2 2 2     1 1 1 
1 1 1 2 2 2 2 2 2 2 * 2 1 1 1 
          2 2 2 2 2 * 2 1 1 1 
              1 1 1           

===============================
LEFT -- 7 9 8 9 LYING_COL 0
========= CURRENT MAP =========

1 1 1         1 1 1 1 1 1 1 1 
1 1 1 1 1 1 1 1 1 1 1     1 1 
1 1 1         1 1         1 1 
                        1 7 1 
                        1 1   
1 1 1     2 2 2 2 1     5 5   
1 9 1 2 2 2 2 2 2 2     1 1 1 
1 1 1 2 2 2 2 2 2 * 2 2 1 1 1 
          2 2 2 2 * 2 2 1 1 1 
              1 1 1           

===============================
DOWN -- 9 9 9 9 STANDING 0
========= CURRENT MAP =========

1 1 1         1 1 1 1 1 1 1 1 
1 1 1 1 1 1 1 1 1 1 1     1 1 
1 1 1         1 1         1 1 
                        1 7 1 
                        1 1   
1 1 1     2 2 2 2 1     5 5   
1 9 1 2 2 2 2 2 2 2     1 1 1 
1 1 1 2 2 2 2 2 2 2 2 2 1 1 1 
          2 2 2 2 2 2 2 1 1 1 
              1 1 *           

===============================
LEFT -- 9 7 9 8 LYING_ROW 0
========= CURRENT MAP =========

1 1 1         1 1 1 1 1 1 1 1 
1 1 1 1 1 1 1 1 1 1 1     1 1 
1 1 1         1 1         1 1 
                        1 7 1 
                        1 1   
1 1 1     2 2 2 2 1     5 5   
1 9 1 2 2 2 2 2 2 2     1 1 1 
1 1 1 2 2 2 2 2 2 2 2 2 1 1 1 
          2 2 2 2 2 2 2 1 1 1 
              * * 1           

===============================
UP -- 8 7 8 8 LYING_ROW 0
========= CURRENT MAP =========

1 1 1         1 1 1 1 1 1 1 1 
1 1 1 1 1 1 1 1 1 1 1     1 1 
1 1 1         1 1         1 1 
                        1 7 1 
                        1 1   
1 1 1     2 2 2 2 1     5 5   
1 9 1 2 2 2 2 2 2 2     1 1 1 
1 1 1 2 2 2 2 2 2 2 2 2 1 1 1 
          2 2 * * 2 2 2 1 1 1 
              1 1 1           

===============================
UP -- 7 7 7 8 LYING_ROW 0
========= CURRENT MAP =========

1 1 1         1 1 1 1 1 1 1 1 
1 1 1 1 1 1 1 1 1 1 1     1 1 
1 1 1         1 1         1 1 
                        1 7 1 
                        1 1   
1 1 1     2 2 2 2 1     5 5   
1 9 1 2 2 2 2 2 2 2     1 1 1 
1 1 1 2 2 2 2 * * 2 2 2 1 1 1 
          2 2 2 2 2 2 2 1 1 1 
              1 1 1           

===============================
UP -- 6 7 6 8 LYING_ROW 0
========= CURRENT MAP =========

1 1 1         1 1 1 1 1 1 1 1 
1 1 1 1 1 1 1 1 1 1 1     1 1 
1 1 1         1 1         1 1 
                        1 7 1 
                        1 1   
1 1 1     2 2 2 2 1     5 5   
1 9 1 2 2 2 2 * * 2     1 1 1 
1 1 1 2 2 2 2 2 2 2 2 2 1 1 1 
          2 2 2 2 2 2 2 1 1 1 
              1 1 1           

===============================
UP -- 5 7 5 8 LYING_ROW 0
========= CURRENT MAP =========

1 1 1         1 1 1 1 1 1 1 1 
1 1 1 1 1 1 1 1 1 1 1     1 1 
1 1 1         1 1         1 1 
                        1 7 1 
                        1 1   
1 1 1     2 2 * * 1     5 5   
1 9 1 2 2 2 2 2 2 2     1 1 1 
1 1 1 2 2 2 2 2 2 2 2 2 1 1 1 
          2 2 2 2 2 2 2 1 1 1 
              1 1 1           

===============================
RIGHT -- 5 9 5 9 STANDING 0
========= CURRENT MAP =========

1 1 1         1 1 1 1 1 1 1 1 
1 1 1 1 1 1 1 1 1 1 1     1 1 
1 1 1         1 1         1 1 
                        1 7 1 
                        1 1   
1 1 1     2 2 2 2 *     5 5   
1 9 1 2 2 2 2 2 2 2     1 1 1 
1 1 1 2 2 2 2 2 2 2 2 2 1 1 1 
          2 2 2 2 2 2 2 1 1 1 
              1 1 1           

===============================
DOWN -- 6 9 7 9 LYING_COL 0
========= CURRENT MAP =========

1 1 1         1 1 1 1 1 1 1 1 
1 1 1 1 1 1 1 1 1 1 1     1 1 
1 1 1         1 1         1 1 
                        1 7 1 
                        1 1   
1 1 1     2 2 2 2 1     5 5   
1 9 1 2 2 2 2 2 2 *     1 1 1 
1 1 1 2 2 2 2 2 2 * 2 2 1 1 1 
          2 2 2 2 2 2 2 1 1 1 
              1 1 1           

===============================
LEFT -- 6 8 7 8 LYING_COL 0
========= CURRENT MAP =========

1 1 1         1 1 1 1 1 1 1 1 
1 1 1 1 1 1 1 1 1 1 1     1 1 
1 1 1         1 1         1 1 
                        1 7 1 
                        1 1   
1 1 1     2 2 2 2 1     5 5   
1 9 1 2 2 2 2 2 * 2     1 1 1 
1 1 1 2 2 2 2 2 * 2 2 2 1 1 1 
          2 2 2 2 2 2 2 1 1 1 
              1 1 1           

===============================
LEFT -- 6 7 7 7 LYING_COL 0
========= CURRENT MAP =========

1 1 1         1 1 1 1 1 1 1 1 
1 1 1 1 1 1 1 1 1 1 1     1 1 
1 1 1         1 1         1 1 
                        1 7 1 
                        1 1   
1 1 1     2 2 2 2 1     5 5   
1 9 1 2 2 2 2 * 2 2     1 1 1 
1 1 1 2 2 2 2 * 2 2 2 2 1 1 1 
          2 2 2 2 2 2 2 1 1 1 
              1 1 1           

===============================
LEFT -- 6 6 7 6 LYING_COL 0
========= CURRENT MAP =========

1 1 1         1 1 1 1 1 1 1 1 
1 1 1 1 1 1 1 1 1 1 1     1 1 
1 1 1         1 1         1 1 
                        1 7 1 
                        1 1   
1 1 1     2 2 2 2 1     5 5   
1 9 1 2 2 2 * 2 2 2     1 1 1 
1 1 1 2 2 2 * 2 2 2 2 2 1 1 1 
          2 2 2 2 2 2 2 1 1 1 
              1 1 1           

===============================
LEFT -- 6 5 7 5 LYING_COL 0
========= CURRENT MAP =========

1 1 1         1 1 1 1 1 1 1 1 
1 1 1 1 1 1 1 1 1 1 1     1 1 
1 1 1         1 1         1 1 
                        1 7 1 
                        1 1   
1 1 1     2 2 2 2 1     5 5   
1 9 1 2 2 * 2 2 2 2     1 1 1 
1 1 1 2 2 * 2 2 2 2 2 2 1 1 1 
          2 2 2 2 2 2 2 1 1 1 
              1 1 1           

===============================
LEFT -- 6 4 7 4 LYING_COL 0
========= CURRENT MAP =========

1 1 1         1 1 1 1 1 1 1 1 
1 1 1 1 1 1 1 1 1 1 1     1 1 
1 1 1         1 1         1 1 
                        1 7 1 
                        1 1   
1 1 1     2 2 2 2 1     5 5   
1 9 1 2 * 2 2 2 2 2     1 1 1 
1 1 1 2 * 2 2 2 2 2 2 2 1 1 1 
          2 2 2 2 2 2 2 1 1 1 
              1 1 1           

===============================
LEFT -- 6 3 7 3 LYING_COL 0
========= CURRENT MAP =========

1 1 1         1 1 1 1 1 1 1 1 
1 1 1 1 1 1 1 1 1 1 1     1 1 
1 1 1         1 1         1 1 
                        1 7 1 
                        1 1   
1 1 1     2 2 2 2 1     5 5   
1 9 1 * 2 2 2 2 2 2     1 1 1 
1 1 1 * 2 2 2 2 2 2 2 2 1 1 1 
          2 2 2 2 2 2 2 1 1 1 
              1 1 1           

===============================
LEFT -- 6 2 7 2 LYING_COL 0
========= CURRENT MAP =========

1 1 1         1 1 1 1 1 1 1 1 
1 1 1 1 1 1 1 1 1 1 1     1 1 
1 1 1         1 1         1 1 
                        1 7 1 
                        1 1   
1 1 1     2 2 2 2 1     5 5   
1 9 * 2 2 2 2 2 2 2     1 1 1 
1 1 * 2 2 2 2 2 2 2 2 2 1 1 1 
          2 2 2 2 2 2 2 1 1 1 
              1 1 1           

===============================
UP -- 5 2 5 2 STANDING 0
========= CURRENT MAP =========

1 1 1         1 1 1 1 1 1 1 1 
1 1 1 1 1 1 1 1 1 1 1     1 1 
1 1 1         1 1         1 1 
                        1 7 1 
                        1 1   
1 1 *     2 2 2 2 1     5 5   
1 9 1 2 2 2 2 2 2 2     1 1 1 
1 1 1 2 2 2 2 2 2 2 2 2 1 1 1 
          2 2 2 2 2 2 2 1 1 1 
              1 1 1           

===============================
LEFT -- 5 0 5 1 LYING_ROW 0
========= CURRENT MAP =========

1 1 1         1 1 1 1 1 1 1 1 
1 1 1 1 1 1 1 1 1 1 1     1 1 
1 1 1         1 1         1 1 
                        1 7 1 
                        1 1   
* * 1     2 2 2 2 1     5 5   
1 9 1 2 2 2 2 2 2 2     1 1 1 
1 1 1 2 2 2 2 2 2 2 2 2 1 1 1 
          2 2 2 2 2 2 2 1 1 1 
              1 1 1           

===============================
DOWN -- 6 0 6 1 LYING_ROW 0
========= CURRENT MAP =========

1 1 1         1 1 1 1 1 1 1 1 
1 1 1 1 1 1 1 1 1 1 1     1 1 
1 1 1         1 1         1 1 
                        1 7 1 
                        1 1   
1 1 1     2 2 2 2 1     5 5   
* * 1 2 2 2 2 2 2 2     1 1 1 
1 1 1 2 2 2 2 2 2 2 2 2 1 1 1 
          2 2 2 2 2 2 2 1 1 1 
              1 1 1           

===============================
DOWN -- 7 0 7 1 LYING_ROW 0
========= CURRENT MAP =========

1 1 1         1 1 1 1 1 1 1 1 
1 1 1 1 1 1 1 1 1 1 1     1 1 
1 1 1         1 1         1 1 
                        1 7 1 
                        1 1   
1 1 1     2 2 2 2 1     5 5   
1 9 1 2 2 2 2 2 2 2     1 1 1 
* * 1 2 2 2 2 2 2 2 2 2 1 1 1 
          2 2 2 2 2 2 2 1 1 1 
              1 1 1           

===============================
RIGHT -- 7 2 7 2 STANDING 0
========= CURRENT MAP =========

1 1 1         1 1 1 1 1 1 1 1 
1 1 1 1 1 1 1 1 1 1 1     1 1 
1 1 1         1 1         1 1 
                        1 7 1 
                        1 1   
1 1 1     2 2 2 2 1     5 5   
1 9 1 2 2 2 2 2 2 2     1 1 1 
1 1 * 2 2 2 2 2 2 2 2 2 1 1 1 
          2 2 2 2 2 2 2 1 1 1 
              1 1 1           

===============================
UP -- 5 2 6 2 LYING_COL 0
========= CURRENT MAP =========

1 1 1         1 1 1 1 1 1 1 1 
1 1 1 1 1 1 1 1 1 1 1     1 1 
1 1 1         1 1         1 1 
                        1 7 1 
                        1 1   
1 1 *     2 2 2 2 1     5 5   
1 9 * 2 2 2 2 2 2 2     1 1 1 
1 1 1 2 2 2 2 2 2 2 2 2 1 1 1 
          2 2 2 2 2 2 2 1 1 1 
              1 1 1           

===============================
LEFT -- 5 1 6 1 LYING_COL 0
========= CURRENT MAP =========

1 1 1         1 1 1 1 1 1 1 1 
1 1 1 1 1 1 1 1 1 1 1     1 1 
1 1 1         1 1         1 1 
                        1 7 1 
                        1 1   
1 * 1     2 2 2 2 1     5 5   
1 * 1 2 2 2 2 2 2 2     1 1 1 
1 1 1 2 2 2 2 2 2 2 2 2 1 1 1 
          2 2 2 2 2 2 2 1 1 1 
              1 1 1           

===============================
DOWN -- 7 1 7 1 STANDING 0
========= CURRENT MAP =========

1 1 1         1 1 1 1 1 1 1 1 
1 1 1 1 1 1 1 1 1 1 1     1 1 
1 1 1         1 1         1 1 
                        1 7 1 
                        1 1   
1 1 1     2 2 2 2 1     5 5   
1 9 1 2 2 2 2 2 2 2     1 1 1 
1 * 1 2 2 2 2 2 2 2 2 2 1 1 1 
          2 2 2 2 2 2 2 1 1 1 
              1 1 1           

===============================
RIGHT -- 7 2 7 3 LYING_ROW 0
========= CURRENT MAP =========

1 1 1         1 1 1 1 1 1 1 1 
1 1 1 1 1 1 1 1 1 1 1     1 1 
1 1 1         1 1         1 1 
                        1 7 1 
                        1 1   
1 1 1     2 2 2 2 1     5 5   
1 9 1 2 2 2 2 2 2 2     1 1 1 
1 1 * * 2 2 2 2 2 2 2 2 1 1 1 
          2 2 2 2 2 2 2 1 1 1 
              1 1 1           

===============================
UP -- 6 2 6 3 LYING_ROW 0
========= CURRENT MAP =========

1 1 1         1 1 1 1 1 1 1 1 
1 1 1 1 1 1 1 1 1 1 1     1 1 
1 1 1         1 1         1 1 
                        1 7 1 
                        1 1   
1 1 1     2 2 2 2 1     5 5   
1 9 * * 2 2 2 2 2 2     1 1 1 
1 1 1 2 2 2 2 2 2 2 2 2 1 1 1 
          2 2 2 2 2 2 2 1 1 1 
              1 1 1           

===============================
LEFT -- 6 1 6 1 STANDING 0
========= CURRENT MAP =========

1 1 1         1 1 1 1 1 1 1 1 
1 1 1 1 1 1 1 1 1 1 1     1 1 
1 1 1         1 1         1 1 
                        1 7 1 
                        1 1   
1 1 1     2 2 2 2 1     5 5   
1 * 1 2 2 2 2 2 2 2     1 1 1 
1 1 1 2 2 2 2 2 2 2 2 2 1 1 1 
          2 2 2 2 2 2 2 1 1 1 
              1 1 1           

===============================

=========== STAT 27 ============
STATUS: SUCCESS
PROCESS TIME: 0:00:00.059240
PROCESS MEMORY: 688128
REAL STEP: 76
VIRTUAL STEP: 993
===============================

PRESS KEY: RRRRRURRRDRULLLDLLLLLLDRULLDRURRRRURRRRDDDLDDDLLLDLUUUURDLLLLLLLULDDRULDRUL

