START -- 2 4 2 4 STANDING 0
========= CURRENT MAP =========

                1 1 1       
      1 1 1     1 1 1       
1     1 * 1 1 1 1 1 1 1 1 1 
1     1 1 1             6 1 
1                       1 1 
1                       1 1 
1               1 1 1 1 1 1 
1 1 1 1 1       1 1 1       
  1 1 9 1       1 1 1       
    1 1 1       1 1 1 1 1 6 

===============================
RIGHT -- 2 5 2 6 LYING_ROW 0
========= CURRENT MAP =========

                1 1 1       
      1 1 1     1 1 1       
1     1 1 * * 1 1 1 1 1 1 1 
1     1 1 1             6 1 
1                       1 1 
1                       1 1 
1               1 1 1 1 1 1 
1 1 1 1 1       1 1 1       
  1 1 9 1       1 1 1       
    1 1 1       1 1 1 1 1 6 

===============================
RIGHT -- 2 7 2 7 STANDING 0
========= CURRENT MAP =========

                1 1 1       
      1 1 1     1 1 1       
1     1 1 1 1 * 1 1 1 1 1 1 
1     1 1 1             6 1 
1                       1 1 
1                       1 1 
1               1 1 1 1 1 1 
1 1 1 1 1       1 1 1       
  1 1 9 1       1 1 1       
    1 1 1       1 1 1 1 1 6 

===============================
RIGHT -- 2 8 2 9 LYING_ROW 0
========= CURRENT MAP =========

                1 1 1       
      1 1 1     1 1 1       
1     1 1 1 1 1 * * 1 1 1 1 
1     1 1 1             6 1 
1                       1 1 
1                       1 1 
1               1 1 1 1 1 1 
1 1 1 1 1       1 1 1       
  1 1 9 1       1 1 1       
    1 1 1       1 1 1 1 1 6 

===============================
UP -- 1 8 1 9 LYING_ROW 0
========= CURRENT MAP =========

                1 1 1       
      1 1 1     * * 1       
1     1 1 1 1 1 1 1 1 1 1 1 
1     1 1 1             6 1 
1                       1 1 
1                       1 1 
1               1 1 1 1 1 1 
1 1 1 1 1       1 1 1       
  1 1 9 1       1 1 1       
    1 1 1       1 1 1 1 1 6 

===============================
UP -- 0 8 0 9 LYING_ROW 0
========= CURRENT MAP =========

                * * 1       
      1 1 1     1 1 1       
1     1 1 1 1 1 1 1 1 1 1 1 
1     1 1 1             6 1 
1                       1 1 
1                       1 1 
1               1 1 1 1 1 1 
1 1 1 1 1       1 1 1       
  1 1 9 1       1 1 1       
    1 1 1       1 1 1 1 1 6 

===============================
RIGHT -- 0 10 0 10 STANDING 0
========= CURRENT MAP =========

                1 1 *       
      1 1 1     1 1 1       
1     1 1 1 1 1 1 1 1 1 1 1 
1     1 1 1             6 1 
1                       1 1 
1                       1 1 
1               1 1 1 1 1 1 
1 1 1 1 1       1 1 1       
  1 1 9 1       1 1 1       
    1 1 1       1 1 1 1 1 6 

===============================
DOWN -- 1 10 2 10 LYING_COL 0
========= CURRENT MAP =========

                1 1 1       
      1 1 1     1 1 *       
1     1 1 1 1 1 1 1 * 1 1 1 
1     1 1 1             6 1 
1                       1 1 
1                       1 1 
1               1 1 1 1 1 1 
1 1 1 1 1       1 1 1       
  1 1 9 1       1 1 1       
    1 1 1       1 1 1 1 1 6 

===============================
LEFT -- 1 9 2 9 LYING_COL 0
========= CURRENT MAP =========

                1 1 1       
      1 1 1     1 * 1       
1     1 1 1 1 1 1 * 1 1 1 1 
1     1 1 1             6 1 
1                       1 1 
1                       1 1 
1               1 1 1 1 1 1 
1 1 1 1 1       1 1 1       
  1 1 9 1       1 1 1       
    1 1 1       1 1 1 1 1 6 

===============================
LEFT -- 1 8 2 8 LYING_COL 0
========= CURRENT MAP =========

                1 1 1       
      1 1 1     * 1 1       
1     1 1 1 1 1 * 1 1 1 1 1 
1     1 1 1             6 1 
1                       1 1 
1                       1 1 
1               1 1 1 1 1 1 
1 1 1 1 1       1 1 1       
  1 1 9 1       1 1 1       
    1 1 1       1 1 1 1 1 6 

===============================
UP -- 0 8 0 8 STANDING 0
========= CURRENT MAP =========

                * 1 1       
      1 1 1     1 1 1       
1     1 1 1 1 1 1 1 1 1 1 1 
1     1 1 1             6 1 
1                       1 1 
1                       1 1 
1               1 1 1 1 1 1 
1 1 1 1 1       1 1 1       
  1 1 9 1       1 1 1       
    1 1 1       1 1 1 1 1 6 

===============================
RIGHT -- 0 9 0 10 LYING_ROW 0
========= CURRENT MAP =========

                1 * *       
      1 1 1     1 1 1       
1     1 1 1 1 1 1 1 1 1 1 1 
1     1 1 1             6 1 
1                       1 1 
1                       1 1 
1               1 1 1 1 1 1 
1 1 1 1 1       1 1 1       
  1 1 9 1       1 1 1       
    1 1 1       1 1 1 1 1 6 

===============================
DOWN -- 1 9 1 10 LYING_ROW 0
========= CURRENT MAP =========

                1 1 1       
      1 1 1     1 * *       
1     1 1 1 1 1 1 1 1 1 1 1 
1     1 1 1             6 1 
1                       1 1 
1                       1 1 
1               1 1 1 1 1 1 
1 1 1 1 1       1 1 1       
  1 1 9 1       1 1 1       
    1 1 1       1 1 1 1 1 6 

===============================
DOWN -- 2 9 2 10 LYING_ROW 0
========= CURRENT MAP =========

                1 1 1       
      1 1 1     1 1 1       
1     1 1 1 1 1 1 * * 1 1 1 
1     1 1 1             6 1 
1                       1 1 
1                       1 1 
1               1 1 1 1 1 1 
1 1 1 1 1       1 1 1       
  1 1 9 1       1 1 1       
    1 1 1       1 1 1 1 1 6 

===============================
RIGHT -- 2 11 2 11 STANDING 0
========= CURRENT MAP =========

                1 1 1       
      1 1 1     1 1 1       
1     1 1 1 1 1 1 1 1 * 1 1 
1     1 1 1             6 1 
1                       1 1 
1                       1 1 
1               1 1 1 1 1 1 
1 1 1 1 1       1 1 1       
  1 1 9 1       1 1 1       
    1 1 1       1 1 1 1 1 6 

===============================
RIGHT -- 2 12 2 13 LYING_ROW 0
========= CURRENT MAP =========

                1 1 1       
      1 1 1     1 1 1       
1     1 1 1 1 1 1 1 1 1 * * 
1     1 1 1             6 1 
1                       1 1 
1                       1 1 
1               1 1 1 1 1 1 
1 1 1 1 1       1 1 1       
  1 1 9 1       1 1 1       
    1 1 1       1 1 1 1 1 6 

===============================
DOWN -- 3 12 3 13 LYING_ROW 0
========= CURRENT MAP =========

                1 1 1       
      1 1 1     1 1 1       
1     1 1 1 1 1 1 1 1 1 1 1 
1     1 1 1             * * 
1                       1 1 
1                       1 1 
1               1 1 1 1 1 1 
1 1 1 1 1       1 1 1       
  1 1 9 1       1 1 1       
    1 1 1       1 1 1 1 1 6 

===============================
DOWN -- 4 12 4 13 LYING_ROW 0
========= CURRENT MAP =========

                1 1 1       
      1 1 1     1 1 1       
1     1 1 1 1 1 1 1 1 1 1 1 
1     1 1 1             6 1 
1                       * * 
1                       1 1 
1               1 1 1 1 1 1 
1 1 1 1 1       1 1 1       
  1 1 9 1       1 1 1       
    1 1 1       1 1 1 1 1 6 

===============================
DOWN -- 5 12 5 13 LYING_ROW 0
========= CURRENT MAP =========

                1 1 1       
      1 1 1     1 1 1       
1     1 1 1 1 1 1 1 1 1 1 1 
1     1 1 1             6 1 
1                       1 1 
1                       * * 
1               1 1 1 1 1 1 
1 1 1 1 1       1 1 1       
  1 1 9 1       1 1 1       
    1 1 1       1 1 1 1 1 6 

===============================
DOWN -- 6 12 6 13 LYING_ROW 0
========= CURRENT MAP =========

                1 1 1       
      1 1 1     1 1 1       
1     1 1 1 1 1 1 1 1 1 1 1 
1     1 1 1             6 1 
1                       1 1 
1                       1 1 
1               1 1 1 1 * * 
1 1 1 1 1       1 1 1       
  1 1 9 1       1 1 1       
    1 1 1       1 1 1 1 1 6 

===============================
LEFT -- 6 11 6 11 STANDING 0
========= CURRENT MAP =========

                1 1 1       
      1 1 1     1 1 1       
1     1 1 1 1 1 1 1 1 1 1 1 
1     1 1 1             6 1 
1                       1 1 
1                       1 1 
1               1 1 1 * 1 1 
1 1 1 1 1       1 1 1       
  1 1 9 1       1 1 1       
    1 1 1       1 1 1 1 1 6 

===============================
LEFT -- 6 9 6 10 LYING_ROW 0
========= CURRENT MAP =========

                1 1 1       
      1 1 1     1 1 1       
1     1 1 1 1 1 1 1 1 1 1 1 
1     1 1 1             6 1 
1                       1 1 
1                       1 1 
1               1 * * 1 1 1 
1 1 1 1 1       1 1 1       
  1 1 9 1       1 1 1       
    1 1 1       1 1 1 1 1 6 

===============================
DOWN -- 7 9 7 10 LYING_ROW 0
========= CURRENT MAP =========

                1 1 1       
      1 1 1     1 1 1       
1     1 1 1 1 1 1 1 1 1 1 1 
1     1 1 1             6 1 
1                       1 1 
1                       1 1 
1               1 1 1 1 1 1 
1 1 1 1 1       1 * *       
  1 1 9 1       1 1 1       
    1 1 1       1 1 1 1 1 6 

===============================
DOWN -- 8 9 8 10 LYING_ROW 0
========= CURRENT MAP =========

                1 1 1       
      1 1 1     1 1 1       
1     1 1 1 1 1 1 1 1 1 1 1 
1     1 1 1             6 1 
1                       1 1 
1                       1 1 
1               1 1 1 1 1 1 
1 1 1 1 1       1 1 1       
  1 1 9 1       1 * *       
    1 1 1       1 1 1 1 1 6 

===============================
DOWN -- 9 9 9 10 LYING_ROW 0
========= CURRENT MAP =========

                1 1 1       
      1 1 1     1 1 1       
1     1 1 1 1 1 1 1 1 1 1 1 
1     1 1 1             6 1 
1                       1 1 
1                       1 1 
1               1 1 1 1 1 1 
1 1 1 1 1       1 1 1       
  1 1 9 1       1 1 1       
    1 1 1       1 * * 1 1 6 

===============================
LEFT -- 9 8 9 8 STANDING 0
========= CURRENT MAP =========

                1 1 1       
      1 1 1     1 1 1       
1     1 1 1 1 1 1 1 1 1 1 1 
1     1 1 1             6 1 
1                       1 1 
1                       1 1 
1               1 1 1 1 1 1 
1 1 1 1 1       1 1 1       
  1 1 9 1       1 1 1       
    1 1 1       * 1 1 1 1 6 

===============================
UP -- 7 8 8 8 LYING_COL 0
========= CURRENT MAP =========

                1 1 1       
      1 1 1     1 1 1       
1     1 1 1 1 1 1 1 1 1 1 1 
1     1 1 1             6 1 
1                       1 1 
1                       1 1 
1               1 1 1 1 1 1 
1 1 1 1 1       * 1 1       
  1 1 9 1       * 1 1       
    1 1 1       1 1 1 1 1 6 

===============================
RIGHT -- 7 9 8 9 LYING_COL 0
========= CURRENT MAP =========

                1 1 1       
      1 1 1     1 1 1       
1     1 1 1 1 1 1 1 1 1 1 1 
1     1 1 1             6 1 
1                       1 1 
1                       1 1 
1               1 1 1 1 1 1 
1 1 1 1 1       1 * 1       
  1 1 9 1       1 * 1       
    1 1 1       1 1 1 1 1 6 

===============================
UP -- 6 9 6 9 STANDING 0
========= CURRENT MAP =========

                1 1 1       
      1 1 1     1 1 1       
1     1 1 1 1 1 1 1 1 1 1 1 
1     1 1 1             6 1 
1                       1 1 
1                       1 1 
1               1 * 1 1 1 1 
1 1 1 1 1       1 1 1       
  1 1 9 1       1 1 1       
    1 1 1       1 1 1 1 1 6 

===============================
RIGHT -- 6 10 6 11 LYING_ROW 0
========= CURRENT MAP =========

                1 1 1       
      1 1 1     1 1 1       
1     1 1 1 1 1 1 1 1 1 1 1 
1     1 1 1             6 1 
1                       1 1 
1                       1 1 
1               1 1 * * 1 1 
1 1 1 1 1       1 1 1       
  1 1 9 1       1 1 1       
    1 1 1       1 1 1 1 1 6 

===============================
RIGHT -- 6 12 6 12 STANDING 0
========= CURRENT MAP =========

                1 1 1       
      1 1 1     1 1 1       
1     1 1 1 1 1 1 1 1 1 1 1 
1     1 1 1             6 1 
1                       1 1 
1                       1 1 
1               1 1 1 1 * 1 
1 1 1 1 1       1 1 1       
  1 1 9 1       1 1 1       
    1 1 1       1 1 1 1 1 6 

===============================
UP -- 4 12 5 12 LYING_COL 0
========= CURRENT MAP =========

                1 1 1       
      1 1 1     1 1 1       
1     1 1 1 1 1 1 1 1 1 1 1 
1     1 1 1             6 1 
1                       * 1 
1                       * 1 
1               1 1 1 1 1 1 
1 1 1 1 1       1 1 1       
  1 1 9 1       1 1 1       
    1 1 1       1 1 1 1 1 6 

===============================
UP -- 3 12 3 12 STANDING 0
========= CURRENT MAP =========

                1 1 1       
      1 1 1     1 1 1       
1 1 1 1 1 1 1 1 1 1 1 1 1 1 
1     1 1 1             * 1 
1                       1 1 
1                       1 1 
1               1 1 1 1 1 1 
1 1 1 1 1       1 1 1       
  1 1 9 1       1 1 1       
    1 1 1       1 1 1 1 1 6 

===============================
DOWN -- 4 12 5 12 LYING_COL 0
========= CURRENT MAP =========

                1 1 1       
      1 1 1     1 1 1       
1 1 1 1 1 1 1 1 1 1 1 1 1 1 
1     1 1 1             6 1 
1                       * 1 
1                       * 1 
1               1 1 1 1 1 1 
1 1 1 1 1       1 1 1       
  1 1 9 1       1 1 1       
    1 1 1       1 1 1 1 1 6 

===============================
DOWN -- 6 12 6 12 STANDING 0
========= CURRENT MAP =========

                1 1 1       
      1 1 1     1 1 1       
1 1 1 1 1 1 1 1 1 1 1 1 1 1 
1     1 1 1             6 1 
1                       1 1 
1                       1 1 
1               1 1 1 1 * 1 
1 1 1 1 1       1 1 1       
  1 1 9 1       1 1 1       
    1 1 1       1 1 1 1 1 6 

===============================
LEFT -- 6 10 6 11 LYING_ROW 0
========= CURRENT MAP =========

                1 1 1       
      1 1 1     1 1 1       
1 1 1 1 1 1 1 1 1 1 1 1 1 1 
1     1 1 1             6 1 
1                       1 1 
1                       1 1 
1               1 1 * * 1 1 
1 1 1 1 1       1 1 1       
  1 1 9 1       1 1 1       
    1 1 1       1 1 1 1 1 6 

===============================
LEFT -- 6 9 6 9 STANDING 0
========= CURRENT MAP =========

                1 1 1       
      1 1 1     1 1 1       
1 1 1 1 1 1 1 1 1 1 1 1 1 1 
1     1 1 1             6 1 
1                       1 1 
1                       1 1 
1               1 * 1 1 1 1 
1 1 1 1 1       1 1 1       
  1 1 9 1       1 1 1       
    1 1 1       1 1 1 1 1 6 

===============================
DOWN -- 7 9 8 9 LYING_COL 0
========= CURRENT MAP =========

                1 1 1       
      1 1 1     1 1 1       
1 1 1 1 1 1 1 1 1 1 1 1 1 1 
1     1 1 1             6 1 
1                       1 1 
1                       1 1 
1               1 1 1 1 1 1 
1 1 1 1 1       1 * 1       
  1 1 9 1       1 * 1       
    1 1 1       1 1 1 1 1 6 

===============================
RIGHT -- 7 10 8 10 LYING_COL 0
========= CURRENT MAP =========

                1 1 1       
      1 1 1     1 1 1       
1 1 1 1 1 1 1 1 1 1 1 1 1 1 
1     1 1 1             6 1 
1                       1 1 
1                       1 1 
1               1 1 1 1 1 1 
1 1 1 1 1       1 1 *       
  1 1 9 1       1 1 *       
    1 1 1       1 1 1 1 1 6 

===============================
DOWN -- 9 10 9 10 STANDING 0
========= CURRENT MAP =========

                1 1 1       
      1 1 1     1 1 1       
1 1 1 1 1 1 1 1 1 1 1 1 1 1 
1     1 1 1             6 1 
1                       1 1 
1                       1 1 
1               1 1 1 1 1 1 
1 1 1 1 1       1 1 1       
  1 1 9 1       1 1 1       
    1 1 1       1 1 * 1 1 6 

===============================
RIGHT -- 9 11 9 12 LYING_ROW 0
========= CURRENT MAP =========

                1 1 1       
      1 1 1     1 1 1       
1 1 1 1 1 1 1 1 1 1 1 1 1 1 
1     1 1 1             6 1 
1                       1 1 
1                       1 1 
1               1 1 1 1 1 1 
1 1 1 1 1       1 1 1       
  1 1 9 1       1 1 1       
    1 1 1       1 1 1 * * 6 

===============================
RIGHT -- 9 13 9 13 STANDING 0
========= CURRENT MAP =========

                1 1 1       
      1 1 1     1 1 1       
1 1 1 1 1 1 1 1 1 1 1 1 1 1 
1 1 1 1 1 1             6 1 
1                       1 1 
1                       1 1 
1               1 1 1 1 1 1 
1 1 1 1 1       1 1 1       
  1 1 9 1       1 1 1       
    1 1 1       1 1 1 1 1 * 

===============================
LEFT -- 9 11 9 12 LYING_ROW 0
========= CURRENT MAP =========

                1 1 1       
      1 1 1     1 1 1       
1 1 1 1 1 1 1 1 1 1 1 1 1 1 
1 1 1 1 1 1             6 1 
1                       1 1 
1                       1 1 
1               1 1 1 1 1 1 
1 1 1 1 1       1 1 1       
  1 1 9 1       1 1 1       
    1 1 1       1 1 1 * * 6 

===============================
LEFT -- 9 10 9 10 STANDING 0
========= CURRENT MAP =========

                1 1 1       
      1 1 1     1 1 1       
1 1 1 1 1 1 1 1 1 1 1 1 1 1 
1 1 1 1 1 1             6 1 
1                       1 1 
1                       1 1 
1               1 1 1 1 1 1 
1 1 1 1 1       1 1 1       
  1 1 9 1       1 1 1       
    1 1 1       1 1 * 1 1 6 

===============================
UP -- 7 10 8 10 LYING_COL 0
========= CURRENT MAP =========

                1 1 1       
      1 1 1     1 1 1       
1 1 1 1 1 1 1 1 1 1 1 1 1 1 
1 1 1 1 1 1             6 1 
1                       1 1 
1                       1 1 
1               1 1 1 1 1 1 
1 1 1 1 1       1 1 *       
  1 1 9 1       1 1 *       
    1 1 1       1 1 1 1 1 6 

===============================
UP -- 6 10 6 10 STANDING 0
========= CURRENT MAP =========

                1 1 1       
      1 1 1     1 1 1       
1 1 1 1 1 1 1 1 1 1 1 1 1 1 
1 1 1 1 1 1             6 1 
1                       1 1 
1                       1 1 
1               1 1 * 1 1 1 
1 1 1 1 1       1 1 1       
  1 1 9 1       1 1 1       
    1 1 1       1 1 1 1 1 6 

===============================
RIGHT -- 6 11 6 12 LYING_ROW 0
========= CURRENT MAP =========

                1 1 1       
      1 1 1     1 1 1       
1 1 1 1 1 1 1 1 1 1 1 1 1 1 
1 1 1 1 1 1             6 1 
1                       1 1 
1                       1 1 
1               1 1 1 * * 1 
1 1 1 1 1       1 1 1       
  1 1 9 1       1 1 1       
    1 1 1       1 1 1 1 1 6 

===============================
RIGHT -- 6 13 6 13 STANDING 0
========= CURRENT MAP =========

                1 1 1       
      1 1 1     1 1 1       
1 1 1 1 1 1 1 1 1 1 1 1 1 1 
1 1 1 1 1 1             6 1 
1                       1 1 
1                       1 1 
1               1 1 1 1 1 * 
1 1 1 1 1       1 1 1       
  1 1 9 1       1 1 1       
    1 1 1       1 1 1 1 1 6 

===============================
UP -- 4 13 5 13 LYING_COL 0
========= CURRENT MAP =========

                1 1 1       
      1 1 1     1 1 1       
1 1 1 1 1 1 1 1 1 1 1 1 1 1 
1 1 1 1 1 1             6 1 
1                       1 * 
1                       1 * 
1               1 1 1 1 1 1 
1 1 1 1 1       1 1 1       
  1 1 9 1       1 1 1       
    1 1 1       1 1 1 1 1 6 

===============================
LEFT -- 4 12 5 12 LYING_COL 0
========= CURRENT MAP =========

                1 1 1       
      1 1 1     1 1 1       
1 1 1 1 1 1 1 1 1 1 1 1 1 1 
1 1 1 1 1 1             6 1 
1                       * 1 
1                       * 1 
1               1 1 1 1 1 1 
1 1 1 1 1       1 1 1       
  1 1 9 1       1 1 1       
    1 1 1       1 1 1 1 1 6 

===============================
DOWN -- 6 12 6 12 STANDING 0
========= CURRENT MAP =========

                1 1 1       
      1 1 1     1 1 1       
1 1 1 1 1 1 1 1 1 1 1 1 1 1 
1 1 1 1 1 1             6 1 
1                       1 1 
1                       1 1 
1               1 1 1 1 * 1 
1 1 1 1 1       1 1 1       
  1 1 9 1       1 1 1       
    1 1 1       1 1 1 1 1 6 

===============================
LEFT -- 6 10 6 11 LYING_ROW 0
========= CURRENT MAP =========

                1 1 1       
      1 1 1     1 1 1       
1 1 1 1 1 1 1 1 1 1 1 1 1 1 
1 1 1 1 1 1             6 1 
1                       1 1 
1                       1 1 
1               1 1 * * 1 1 
1 1 1 1 1       1 1 1       
  1 1 9 1       1 1 1       
    1 1 1       1 1 1 1 1 6 

===============================
LEFT -- 6 9 6 9 STANDING 0
========= CURRENT MAP =========

                1 1 1       
      1 1 1     1 1 1       
1 1 1 1 1 1 1 1 1 1 1 1 1 1 
1 1 1 1 1 1             6 1 
1                       1 1 
1                       1 1 
1               1 * 1 1 1 1 
1 1 1 1 1       1 1 1       
  1 1 9 1       1 1 1       
    1 1 1       1 1 1 1 1 6 

===============================
DOWN -- 7 9 8 9 LYING_COL 0
========= CURRENT MAP =========

                1 1 1       
      1 1 1     1 1 1       
1 1 1 1 1 1 1 1 1 1 1 1 1 1 
1 1 1 1 1 1             6 1 
1                       1 1 
1                       1 1 
1               1 1 1 1 1 1 
1 1 1 1 1       1 * 1       
  1 1 9 1       1 * 1       
    1 1 1       1 1 1 1 1 6 

===============================
LEFT -- 7 8 8 8 LYING_COL 0
========= CURRENT MAP =========

                1 1 1       
      1 1 1     1 1 1       
1 1 1 1 1 1 1 1 1 1 1 1 1 1 
1 1 1 1 1 1             6 1 
1                       1 1 
1                       1 1 
1               1 1 1 1 1 1 
1 1 1 1 1       * 1 1       
  1 1 9 1       * 1 1       
    1 1 1       1 1 1 1 1 6 

===============================
DOWN -- 9 8 9 8 STANDING 0
========= CURRENT MAP =========

                1 1 1       
      1 1 1     1 1 1       
1 1 1 1 1 1 1 1 1 1 1 1 1 1 
1 1 1 1 1 1             6 1 
1                       1 1 
1                       1 1 
1               1 1 1 1 1 1 
1 1 1 1 1       1 1 1       
  1 1 9 1       1 1 1       
    1 1 1       * 1 1 1 1 6 

===============================
RIGHT -- 9 9 9 10 LYING_ROW 0
========= CURRENT MAP =========

                1 1 1       
      1 1 1     1 1 1       
1 1 1 1 1 1 1 1 1 1 1 1 1 1 
1 1 1 1 1 1             6 1 
1                       1 1 
1                       1 1 
1               1 1 1 1 1 1 
1 1 1 1 1       1 1 1       
  1 1 9 1       1 1 1       
    1 1 1       1 * * 1 1 6 

===============================
UP -- 8 9 8 10 LYING_ROW 0
========= CURRENT MAP =========

                1 1 1       
      1 1 1     1 1 1       
1 1 1 1 1 1 1 1 1 1 1 1 1 1 
1 1 1 1 1 1             6 1 
1                       1 1 
1                       1 1 
1               1 1 1 1 1 1 
1 1 1 1 1       1 1 1       
  1 1 9 1       1 * *       
    1 1 1       1 1 1 1 1 6 

===============================
UP -- 7 9 7 10 LYING_ROW 0
========= CURRENT MAP =========

                1 1 1       
      1 1 1     1 1 1       
1 1 1 1 1 1 1 1 1 1 1 1 1 1 
1 1 1 1 1 1             6 1 
1                       1 1 
1                       1 1 
1               1 1 1 1 1 1 
1 1 1 1 1       1 * *       
  1 1 9 1       1 1 1       
    1 1 1       1 1 1 1 1 6 

===============================
UP -- 6 9 6 10 LYING_ROW 0
========= CURRENT MAP =========

                1 1 1       
      1 1 1     1 1 1       
1 1 1 1 1 1 1 1 1 1 1 1 1 1 
1 1 1 1 1 1             6 1 
1                       1 1 
1                       1 1 
1               1 * * 1 1 1 
1 1 1 1 1       1 1 1       
  1 1 9 1       1 1 1       
    1 1 1       1 1 1 1 1 6 

===============================
RIGHT -- 6 11 6 11 STANDING 0
========= CURRENT MAP =========

                1 1 1       
      1 1 1     1 1 1       
1 1 1 1 1 1 1 1 1 1 1 1 1 1 
1 1 1 1 1 1             6 1 
1                       1 1 
1                       1 1 
1               1 1 1 * 1 1 
1 1 1 1 1       1 1 1       
  1 1 9 1       1 1 1       
    1 1 1       1 1 1 1 1 6 

===============================
RIGHT -- 6 12 6 13 LYING_ROW 0
========= CURRENT MAP =========

                1 1 1       
      1 1 1     1 1 1       
1 1 1 1 1 1 1 1 1 1 1 1 1 1 
1 1 1 1 1 1             6 1 
1                       1 1 
1                       1 1 
1               1 1 1 1 * * 
1 1 1 1 1       1 1 1       
  1 1 9 1       1 1 1       
    1 1 1       1 1 1 1 1 6 

===============================
UP -- 5 12 5 13 LYING_ROW 0
========= CURRENT MAP =========

                1 1 1       
      1 1 1     1 1 1       
1 1 1 1 1 1 1 1 1 1 1 1 1 1 
1 1 1 1 1 1             6 1 
1                       1 1 
1                       * * 
1               1 1 1 1 1 1 
1 1 1 1 1       1 1 1       
  1 1 9 1       1 1 1       
    1 1 1       1 1 1 1 1 6 

===============================
UP -- 4 12 4 13 LYING_ROW 0
========= CURRENT MAP =========

                1 1 1       
      1 1 1     1 1 1       
1 1 1 1 1 1 1 1 1 1 1 1 1 1 
1 1 1 1 1 1             6 1 
1                       * * 
1                       1 1 
1               1 1 1 1 1 1 
1 1 1 1 1       1 1 1       
  1 1 9 1       1 1 1       
    1 1 1       1 1 1 1 1 6 

===============================
UP -- 3 12 3 13 LYING_ROW 0
========= CURRENT MAP =========

                1 1 1       
      1 1 1     1 1 1       
1 1 1 1 1 1 1 1 1 1 1 1 1 1 
1 1 1 1 1 1             * * 
1                       1 1 
1                       1 1 
1               1 1 1 1 1 1 
1 1 1 1 1       1 1 1       
  1 1 9 1       1 1 1       
    1 1 1       1 1 1 1 1 6 

===============================
UP -- 2 12 2 13 LYING_ROW 0
========= CURRENT MAP =========

                1 1 1       
      1 1 1     1 1 1       
1 1 1 1 1 1 1 1 1 1 1 1 * * 
1 1 1 1 1 1             6 1 
1                       1 1 
1                       1 1 
1               1 1 1 1 1 1 
1 1 1 1 1       1 1 1       
  1 1 9 1       1 1 1       
    1 1 1       1 1 1 1 1 6 

===============================
LEFT -- 2 11 2 11 STANDING 0
========= CURRENT MAP =========

                1 1 1       
      1 1 1     1 1 1       
1 1 1 1 1 1 1 1 1 1 1 * 1 1 
1 1 1 1 1 1             6 1 
1                       1 1 
1                       1 1 
1               1 1 1 1 1 1 
1 1 1 1 1       1 1 1       
  1 1 9 1       1 1 1       
    1 1 1       1 1 1 1 1 6 

===============================
LEFT -- 2 9 2 10 LYING_ROW 0
========= CURRENT MAP =========

                1 1 1       
      1 1 1     1 1 1       
1 1 1 1 1 1 1 1 1 * * 1 1 1 
1 1 1 1 1 1             6 1 
1                       1 1 
1                       1 1 
1               1 1 1 1 1 1 
1 1 1 1 1       1 1 1       
  1 1 9 1       1 1 1       
    1 1 1       1 1 1 1 1 6 

===============================
UP -- 1 9 1 10 LYING_ROW 0
========= CURRENT MAP =========

                1 1 1       
      1 1 1     1 * *       
1 1 1 1 1 1 1 1 1 1 1 1 1 1 
1 1 1 1 1 1             6 1 
1                       1 1 
1                       1 1 
1               1 1 1 1 1 1 
1 1 1 1 1       1 1 1       
  1 1 9 1       1 1 1       
    1 1 1       1 1 1 1 1 6 

===============================
UP -- 0 9 0 10 LYING_ROW 0
========= CURRENT MAP =========

                1 * *       
      1 1 1     1 1 1       
1 1 1 1 1 1 1 1 1 1 1 1 1 1 
1 1 1 1 1 1             6 1 
1                       1 1 
1                       1 1 
1               1 1 1 1 1 1 
1 1 1 1 1       1 1 1       
  1 1 9 1       1 1 1       
    1 1 1       1 1 1 1 1 6 

===============================
LEFT -- 0 8 0 8 STANDING 0
========= CURRENT MAP =========

                * 1 1       
      1 1 1     1 1 1       
1 1 1 1 1 1 1 1 1 1 1 1 1 1 
1 1 1 1 1 1             6 1 
1                       1 1 
1                       1 1 
1               1 1 1 1 1 1 
1 1 1 1 1       1 1 1       
  1 1 9 1       1 1 1       
    1 1 1       1 1 1 1 1 6 

===============================
DOWN -- 1 8 2 8 LYING_COL 0
========= CURRENT MAP =========

                1 1 1       
      1 1 1     * 1 1       
1 1 1 1 1 1 1 1 * 1 1 1 1 1 
1 1 1 1 1 1             6 1 
1                       1 1 
1                       1 1 
1               1 1 1 1 1 1 
1 1 1 1 1       1 1 1       
  1 1 9 1       1 1 1       
    1 1 1       1 1 1 1 1 6 

===============================
RIGHT -- 1 9 2 9 LYING_COL 0
========= CURRENT MAP =========

                1 1 1       
      1 1 1     1 * 1       
1 1 1 1 1 1 1 1 1 * 1 1 1 1 
1 1 1 1 1 1             6 1 
1                       1 1 
1                       1 1 
1               1 1 1 1 1 1 
1 1 1 1 1       1 1 1       
  1 1 9 1       1 1 1       
    1 1 1       1 1 1 1 1 6 

===============================
RIGHT -- 1 10 2 10 LYING_COL 0
========= CURRENT MAP =========

                1 1 1       
      1 1 1     1 1 *       
1 1 1 1 1 1 1 1 1 1 * 1 1 1 
1 1 1 1 1 1             6 1 
1                       1 1 
1                       1 1 
1               1 1 1 1 1 1 
1 1 1 1 1       1 1 1       
  1 1 9 1       1 1 1       
    1 1 1       1 1 1 1 1 6 

===============================
UP -- 0 10 0 10 STANDING 0
========= CURRENT MAP =========

                1 1 *       
      1 1 1     1 1 1       
1 1 1 1 1 1 1 1 1 1 1 1 1 1 
1 1 1 1 1 1             6 1 
1                       1 1 
1                       1 1 
1               1 1 1 1 1 1 
1 1 1 1 1       1 1 1       
  1 1 9 1       1 1 1       
    1 1 1       1 1 1 1 1 6 

===============================
LEFT -- 0 8 0 9 LYING_ROW 0
========= CURRENT MAP =========

                * * 1       
      1 1 1     1 1 1       
1 1 1 1 1 1 1 1 1 1 1 1 1 1 
1 1 1 1 1 1             6 1 
1                       1 1 
1                       1 1 
1               1 1 1 1 1 1 
1 1 1 1 1       1 1 1       
  1 1 9 1       1 1 1       
    1 1 1       1 1 1 1 1 6 

===============================
DOWN -- 1 8 1 9 LYING_ROW 0
========= CURRENT MAP =========

                1 1 1       
      1 1 1     * * 1       
1 1 1 1 1 1 1 1 1 1 1 1 1 1 
1 1 1 1 1 1             6 1 
1                       1 1 
1                       1 1 
1               1 1 1 1 1 1 
1 1 1 1 1       1 1 1       
  1 1 9 1       1 1 1       
    1 1 1       1 1 1 1 1 6 

===============================
DOWN -- 2 8 2 9 LYING_ROW 0
========= CURRENT MAP =========

                1 1 1       
      1 1 1     1 1 1       
1 1 1 1 1 1 1 1 * * 1 1 1 1 
1 1 1 1 1 1             6 1 
1                       1 1 
1                       1 1 
1               1 1 1 1 1 1 
1 1 1 1 1       1 1 1       
  1 1 9 1       1 1 1       
    1 1 1       1 1 1 1 1 6 

===============================
RIGHT -- 2 10 2 10 STANDING 0
========= CURRENT MAP =========

                1 1 1       
      1 1 1     1 1 1       
1 1 1 1 1 1 1 1 1 1 * 1 1 1 
1 1 1 1 1 1             6 1 
1                       1 1 
1                       1 1 
1               1 1 1 1 1 1 
1 1 1 1 1       1 1 1       
  1 1 9 1       1 1 1       
    1 1 1       1 1 1 1 1 6 

===============================
UP -- 0 10 1 10 LYING_COL 0
========= CURRENT MAP =========

                1 1 *       
      1 1 1     1 1 *       
1 1 1 1 1 1 1 1 1 1 1 1 1 1 
1 1 1 1 1 1             6 1 
1                       1 1 
1                       1 1 
1               1 1 1 1 1 1 
1 1 1 1 1       1 1 1       
  1 1 9 1       1 1 1       
    1 1 1       1 1 1 1 1 6 

===============================
LEFT -- 0 9 1 9 LYING_COL 0
========= CURRENT MAP =========

                1 * 1       
      1 1 1     1 * 1       
1 1 1 1 1 1 1 1 1 1 1 1 1 1 
1 1 1 1 1 1             6 1 
1                       1 1 
1                       1 1 
1               1 1 1 1 1 1 
1 1 1 1 1       1 1 1       
  1 1 9 1       1 1 1       
    1 1 1       1 1 1 1 1 6 

===============================
DOWN -- 2 9 2 9 STANDING 0
========= CURRENT MAP =========

                1 1 1       
      1 1 1     1 1 1       
1 1 1 1 1 1 1 1 1 * 1 1 1 1 
1 1 1 1 1 1             6 1 
1                       1 1 
1                       1 1 
1               1 1 1 1 1 1 
1 1 1 1 1       1 1 1       
  1 1 9 1       1 1 1       
    1 1 1       1 1 1 1 1 6 

===============================
LEFT -- 2 7 2 8 LYING_ROW 0
========= CURRENT MAP =========

                1 1 1       
      1 1 1     1 1 1       
1 1 1 1 1 1 1 * * 1 1 1 1 1 
1 1 1 1 1 1             6 1 
1                       1 1 
1                       1 1 
1               1 1 1 1 1 1 
1 1 1 1 1       1 1 1       
  1 1 9 1       1 1 1       
    1 1 1       1 1 1 1 1 6 

===============================
LEFT -- 2 6 2 6 STANDING 0
========= CURRENT MAP =========

                1 1 1       
      1 1 1     1 1 1       
1 1 1 1 1 1 * 1 1 1 1 1 1 1 
1 1 1 1 1 1             6 1 
1                       1 1 
1                       1 1 
1               1 1 1 1 1 1 
1 1 1 1 1       1 1 1       
  1 1 9 1       1 1 1       
    1 1 1       1 1 1 1 1 6 

===============================
LEFT -- 2 4 2 5 LYING_ROW 0
========= CURRENT MAP =========

                1 1 1       
      1 1 1     1 1 1       
1 1 1 1 * * 1 1 1 1 1 1 1 1 
1 1 1 1 1 1             6 1 
1                       1 1 
1                       1 1 
1               1 1 1 1 1 1 
1 1 1 1 1       1 1 1       
  1 1 9 1       1 1 1       
    1 1 1       1 1 1 1 1 6 

===============================
DOWN -- 3 4 3 5 LYING_ROW 0
========= CURRENT MAP =========

                1 1 1       
      1 1 1     1 1 1       
1 1 1 1 1 1 1 1 1 1 1 1 1 1 
1 1 1 1 * *             6 1 
1                       1 1 
1                       1 1 
1               1 1 1 1 1 1 
1 1 1 1 1       1 1 1       
  1 1 9 1       1 1 1       
    1 1 1       1 1 1 1 1 6 

===============================
LEFT -- 3 3 3 3 STANDING 0
========= CURRENT MAP =========

                1 1 1       
      1 1 1     1 1 1       
1 1 1 1 1 1 1 1 1 1 1 1 1 1 
1 1 1 * 1 1             6 1 
1                       1 1 
1                       1 1 
1               1 1 1 1 1 1 
1 1 1 1 1       1 1 1       
  1 1 9 1       1 1 1       
    1 1 1       1 1 1 1 1 6 

===============================
UP -- 1 3 2 3 LYING_COL 0
========= CURRENT MAP =========

                1 1 1       
      * 1 1     1 1 1       
1 1 1 * 1 1 1 1 1 1 1 1 1 1 
1 1 1 1 1 1             6 1 
1                       1 1 
1                       1 1 
1               1 1 1 1 1 1 
1 1 1 1 1       1 1 1       
  1 1 9 1       1 1 1       
    1 1 1       1 1 1 1 1 6 

===============================
RIGHT -- 1 4 2 4 LYING_COL 0
========= CURRENT MAP =========

                1 1 1       
      1 * 1     1 1 1       
1 1 1 1 * 1 1 1 1 1 1 1 1 1 
1 1 1 1 1 1             6 1 
1                       1 1 
1                       1 1 
1               1 1 1 1 1 1 
1 1 1 1 1       1 1 1       
  1 1 9 1       1 1 1       
    1 1 1       1 1 1 1 1 6 

===============================
RIGHT -- 1 5 2 5 LYING_COL 0
========= CURRENT MAP =========

                1 1 1       
      1 1 *     1 1 1       
1 1 1 1 1 * 1 1 1 1 1 1 1 1 
1 1 1 1 1 1             6 1 
1                       1 1 
1                       1 1 
1               1 1 1 1 1 1 
1 1 1 1 1       1 1 1       
  1 1 9 1       1 1 1       
    1 1 1       1 1 1 1 1 6 

===============================
DOWN -- 3 5 3 5 STANDING 0
========= CURRENT MAP =========

                1 1 1       
      1 1 1     1 1 1       
1 1 1 1 1 1 1 1 1 1 1 1 1 1 
1 1 1 1 1 *             6 1 
1                       1 1 
1                       1 1 
1               1 1 1 1 1 1 
1 1 1 1 1       1 1 1       
  1 1 9 1       1 1 1       
    1 1 1       1 1 1 1 1 6 

===============================
LEFT -- 3 3 3 4 LYING_ROW 0
========= CURRENT MAP =========

                1 1 1       
      1 1 1     1 1 1       
1 1 1 1 1 1 1 1 1 1 1 1 1 1 
1 1 1 * * 1             6 1 
1                       1 1 
1                       1 1 
1               1 1 1 1 1 1 
1 1 1 1 1       1 1 1       
  1 1 9 1       1 1 1       
    1 1 1       1 1 1 1 1 6 

===============================
UP -- 2 3 2 4 LYING_ROW 0
========= CURRENT MAP =========

                1 1 1       
      1 1 1     1 1 1       
1 1 1 * * 1 1 1 1 1 1 1 1 1 
1 1 1 1 1 1             6 1 
1                       1 1 
1                       1 1 
1               1 1 1 1 1 1 
1 1 1 1 1       1 1 1       
  1 1 9 1       1 1 1       
    1 1 1       1 1 1 1 1 6 

===============================
UP -- 1 3 1 4 LYING_ROW 0
========= CURRENT MAP =========

                1 1 1       
      * * 1     1 1 1       
1 1 1 1 1 1 1 1 1 1 1 1 1 1 
1 1 1 1 1 1             6 1 
1                       1 1 
1                       1 1 
1               1 1 1 1 1 1 
1 1 1 1 1       1 1 1       
  1 1 9 1       1 1 1       
    1 1 1       1 1 1 1 1 6 

===============================
RIGHT -- 1 5 1 5 STANDING 0
========= CURRENT MAP =========

                1 1 1       
      1 1 *     1 1 1       
1 1 1 1 1 1 1 1 1 1 1 1 1 1 
1 1 1 1 1 1             6 1 
1                       1 1 
1                       1 1 
1               1 1 1 1 1 1 
1 1 1 1 1       1 1 1       
  1 1 9 1       1 1 1       
    1 1 1       1 1 1 1 1 6 

===============================
DOWN -- 2 5 3 5 LYING_COL 0
========= CURRENT MAP =========

                1 1 1       
      1 1 1     1 1 1       
1 1 1 1 1 * 1 1 1 1 1 1 1 1 
1 1 1 1 1 *             6 1 
1                       1 1 
1                       1 1 
1               1 1 1 1 1 1 
1 1 1 1 1       1 1 1       
  1 1 9 1       1 1 1       
    1 1 1       1 1 1 1 1 6 

===============================
LEFT -- 2 4 3 4 LYING_COL 0
========= CURRENT MAP =========

                1 1 1       
      1 1 1     1 1 1       
1 1 1 1 * 1 1 1 1 1 1 1 1 1 
1 1 1 1 * 1             6 1 
1                       1 1 
1                       1 1 
1               1 1 1 1 1 1 
1 1 1 1 1       1 1 1       
  1 1 9 1       1 1 1       
    1 1 1       1 1 1 1 1 6 

===============================
LEFT -- 2 3 3 3 LYING_COL 0
========= CURRENT MAP =========

                1 1 1       
      1 1 1     1 1 1       
1 1 1 * 1 1 1 1 1 1 1 1 1 1 
1 1 1 * 1 1             6 1 
1                       1 1 
1                       1 1 
1               1 1 1 1 1 1 
1 1 1 1 1       1 1 1       
  1 1 9 1       1 1 1       
    1 1 1       1 1 1 1 1 6 

===============================
LEFT -- 2 2 3 2 LYING_COL 0
========= CURRENT MAP =========

                1 1 1       
      1 1 1     1 1 1       
1 1 * 1 1 1 1 1 1 1 1 1 1 1 
1 1 * 1 1 1             6 1 
1                       1 1 
1                       1 1 
1               1 1 1 1 1 1 
1 1 1 1 1       1 1 1       
  1 1 9 1       1 1 1       
    1 1 1       1 1 1 1 1 6 

===============================
LEFT -- 2 1 3 1 LYING_COL 0
========= CURRENT MAP =========

                1 1 1       
      1 1 1     1 1 1       
1 * 1 1 1 1 1 1 1 1 1 1 1 1 
1 * 1 1 1 1             6 1 
1                       1 1 
1                       1 1 
1               1 1 1 1 1 1 
1 1 1 1 1       1 1 1       
  1 1 9 1       1 1 1       
    1 1 1       1 1 1 1 1 6 

===============================
LEFT -- 2 0 3 0 LYING_COL 0
========= CURRENT MAP =========

                1 1 1       
      1 1 1     1 1 1       
* 1 1 1 1 1 1 1 1 1 1 1 1 1 
* 1 1 1 1 1             6 1 
1                       1 1 
1                       1 1 
1               1 1 1 1 1 1 
1 1 1 1 1       1 1 1       
  1 1 9 1       1 1 1       
    1 1 1       1 1 1 1 1 6 

===============================
DOWN -- 4 0 4 0 STANDING 0
========= CURRENT MAP =========

                1 1 1       
      1 1 1     1 1 1       
1 1 1 1 1 1 1 1 1 1 1 1 1 1 
1 1 1 1 1 1             6 1 
*                       1 1 
1                       1 1 
1               1 1 1 1 1 1 
1 1 1 1 1       1 1 1       
  1 1 9 1       1 1 1       
    1 1 1       1 1 1 1 1 6 

===============================
DOWN -- 5 0 6 0 LYING_COL 0
========= CURRENT MAP =========

                1 1 1       
      1 1 1     1 1 1       
1 1 1 1 1 1 1 1 1 1 1 1 1 1 
1 1 1 1 1 1             6 1 
1                       1 1 
*                       1 1 
*               1 1 1 1 1 1 
1 1 1 1 1       1 1 1       
  1 1 9 1       1 1 1       
    1 1 1       1 1 1 1 1 6 

===============================
DOWN -- 7 0 7 0 STANDING 0
========= CURRENT MAP =========

                1 1 1       
      1 1 1     1 1 1       
1 1 1 1 1 1 1 1 1 1 1 1 1 1 
1 1 1 1 1 1             6 1 
1                       1 1 
1                       1 1 
1               1 1 1 1 1 1 
* 1 1 1 1       1 1 1       
  1 1 9 1       1 1 1       
    1 1 1       1 1 1 1 1 6 

===============================
RIGHT -- 7 1 7 2 LYING_ROW 0
========= CURRENT MAP =========

                1 1 1       
      1 1 1     1 1 1       
1 1 1 1 1 1 1 1 1 1 1 1 1 1 
1 1 1 1 1 1             6 1 
1                       1 1 
1                       1 1 
1               1 1 1 1 1 1 
1 * * 1 1       1 1 1       
  1 1 9 1       1 1 1       
    1 1 1       1 1 1 1 1 6 

===============================
DOWN -- 8 1 8 2 LYING_ROW 0
========= CURRENT MAP =========

                1 1 1       
      1 1 1     1 1 1       
1 1 1 1 1 1 1 1 1 1 1 1 1 1 
1 1 1 1 1 1             6 1 
1                       1 1 
1                       1 1 
1               1 1 1 1 1 1 
1 1 1 1 1       1 1 1       
  * * 9 1       1 1 1       
    1 1 1       1 1 1 1 1 6 

===============================
RIGHT -- 8 3 8 3 STANDING 0
========= CURRENT MAP =========

                1 1 1       
      1 1 1     1 1 1       
1 1 1 1 1 1 1 1 1 1 1 1 1 1 
1 1 1 1 1 1             6 1 
1                       1 1 
1                       1 1 
1               1 1 1 1 1 1 
1 1 1 1 1       1 1 1       
  1 1 * 1       1 1 1       
    1 1 1       1 1 1 1 1 6 

===============================

=========== STAT 14 ============
STATUS: SUCCESS
PROCESS TIME: 0:00:00.030423
PROCESS MEMORY: 458752
REAL STEP: 107
VIRTUAL STEP: 565
===============================

PRESS KEY: RRRUURDLLURDDRRDDDDLLDDDLURURRUUDDLLDRDRRLLUURRULDLLDLDRUUURRUUUULLUULDRRULDDRULDLLLDLURRDLUURDLLLLLDDDRDR

