START -- 2 1 2 1 STANDING 0
========= CURRENT MAP =========

                    1 1 1 1 
        1 1 1 1 1 1 1 7 1 8 
  *     1 7 1       1 1 1 1 
7 1     1 1             1   
1 1     1               1   
1 1 1 1 1           1 1 1   
1 1 1     1 1 1     1 9 1   
          7 1       1 1 1   

===============================
DOWN -- 3 1 4 1 LYING_COL 0
========= CURRENT MAP =========

                    1 1 1 1 
        1 1 1 1 1 1 1 7 1 8 
  1     1 7 1       1 1 1 1 
7 *     1 1             1   
1 *     1               1   
1 1 1 1 1           1 1 1   
1 1 1     1 1 1     1 9 1   
          7 1       1 1 1   

===============================
DOWN -- 5 1 5 1 STANDING 0
========= CURRENT MAP =========

                    1 1 1 1 
        1 1 1 1 1 1 1 7 1 8 
  1     1 7 1       1 1 1 1 
7 1     1 1             1   
1 1     1               1   
1 * 1 1 1           1 1 1   
1 1 1     1 1 1     1 9 1   
          7 1       1 1 1   

===============================
RIGHT -- 5 2 5 3 LYING_ROW 0
========= CURRENT MAP =========

                    1 1 1 1 
        1 1 1 1 1 1 1 7 1 8 
  1     1 7 1       1 1 1 1 
7 1     1 1             1   
1 1     1               1   
1 1 * * 1           1 1 1   
1 1 1     1 1 1     1 9 1   
          7 1       1 1 1   

===============================
RIGHT -- 5 4 5 4 STANDING 0
========= CURRENT MAP =========

                    1 1 1 1 
        1 1 1 1 1 1 1 7 1 8 
  1     1 7 1       1 1 1 1 
7 1     1 1             1   
1 1     1               1   
1 1 1 1 *           1 1 1   
1 1 1     1 1 1     1 9 1   
          7 1       1 1 1   

===============================
UP -- 3 4 4 4 LYING_COL 0
========= CURRENT MAP =========

                    1 1 1 1 
        1 1 1 1 1 1 1 7 1 8 
  1     1 7 1       1 1 1 1 
7 1     * 1             1   
1 1     *               1   
1 1 1 1 1           1 1 1   
1 1 1     1 1 1     1 9 1   
          7 1       1 1 1   

===============================
UP -- 2 4 2 4 STANDING 0
========= CURRENT MAP =========

                    1 1 1 1 
        1 1 1 1 1 1 1 7 1 8 
  1     * 7 1       1 1 1 1 
7 1     1 1             1   
1 1     1               1   
1 1 1 1 1           1 1 1   
1 1 1     1 1 1     1 9 1   
          7 1       1 1 1   

===============================
RIGHT -- 2 5 2 6 LYING_ROW 0
========= CURRENT MAP =========

                    1 1 1 1 
        1 1 1 1 1 1 1 7 1 8 
  1     1 * *       1 1 1 1 
7 1     1 1             1   
1 1     1               1   
1 1 1 1 1           1 1 1   
1 1 1     1 1 1     1 9 1   
          7 1       1 1 1   

===============================
UP -- 1 5 1 6 LYING_ROW 0
========= CURRENT MAP =========

                    1 1 1 1 
        1 * * 1 1 1 1 7 1 8 
  1     1 7 1       1 1 1 1 
7 1     1 1             1   
1 1     1               1   
1 1 1 1 1           1 1 1   
1 1 1     1 1 1     1 9 1   
          7 1       1 1 1   

===============================
RIGHT -- 1 7 1 7 STANDING 0
========= CURRENT MAP =========

                    1 1 1 1 
        1 1 1 * 1 1 1 7 1 8 
  1     1 7 1       1 1 1 1 
7 1     1 1             1   
1 1     1               1   
1 1 1 1 1           1 1 1   
1 1 1     1 1 1     1 9 1   
          7 1       1 1 1   

===============================
RIGHT -- 1 8 1 9 LYING_ROW 0
========= CURRENT MAP =========

                    1 1 1 1 
        1 1 1 1 * * 1 7 1 8 
  1     1 7 1       1 1 1 1 
7 1     1 1             1   
1 1     1               1   
1 1 1 1 1           1 1 1   
1 1 1     1 1 1     1 9 1   
          7 1       1 1 1   

===============================
RIGHT -- 1 10 1 10 STANDING 0
========= CURRENT MAP =========

                    1 1 1 1 
        1 1 1 1 1 1 * 7 1 8 
  1     1 7 1       1 1 1 1 
7 1     1 1             1   
1 1     1               1   
1 1 1 1 1           1 1 1   
1 1 1     1 1 1     1 9 1   
          7 1       1 1 1   

===============================
RIGHT -- 1 11 1 12 LYING_ROW 0
========= CURRENT MAP =========

                    1 1 1 1 
        1 1 1 1 1 1 1 * * 8 
  1     1 7 1       1 1 1 1 
7 1     1 1             1   
1 1     1               1   
1 1 1 1 1           1 1 1   
1 1 1     1 1 1     1 9 1   
          7 1       1 1 1   

===============================
DOWN -- 2 11 2 12 LYING_ROW 0
========= CURRENT MAP =========

                    1 1 1 1 
        1 1 1 1 1 1 1 7 1 8 
  1     1 7 1       1 * * 1 
7 1     1 1             1   
1 1     1               1   
1 1 1 1 1           1 1 1   
1 1 1     1 1 1     1 9 1   
          7 1       1 1 1   

===============================
RIGHT -- 2 13 2 13 STANDING 0
========= CURRENT MAP =========

                    1 1 1 1 
        1 1 1 1 1 1 1 7 1 8 
  1     1 7 1       1 1 1 * 
7 1     1 1             1   
1 1     1               1   
1 1 1 1 1           1 1 1   
1 1 1     1 1 1     1 9 1   
          7 1       1 1 1   

===============================
UP -- 0 13 1 13 LYING_COL 0
========= CURRENT MAP =========

                    1 1 1 * 
        1 1 1 1 1 1 1 7 1 * 
  1     1 7 1       1 1 1 1 
7 1     1 1             1   
1 1     1               1   
1 1 1 1 1           1 1 1   
1 1 1     1 1 1     1 9 1   
          7 1       1 1 1   

===============================
LEFT -- 0 12 1 12 LYING_COL 0
========= CURRENT MAP =========

                    1 1 * 1 
        1 1 1 1 1 1 1 7 * 8 
  1     1 7 1       1 1 1 1 
7 1     1 1             1   
1 1     1               1   
1 1 1 1 1           1 1 1   
1 1 1     1 1 1     1 9 1   
          7 1       1 1 1   

===============================
DOWN -- 2 12 2 12 STANDING 0
========= CURRENT MAP =========

                    1 1 1 1 
        1 1 1 1 1 1 1 7 1 8 
  1     1 7 1       1 1 * 1 
7 1     1 1             1   
1 1     1               1   
1 1 1 1 1           1 1 1   
1 1 1     1 1 1     1 9 1   
          7 1       1 1 1   

===============================
DOWN -- 3 12 4 12 LYING_COL 0
========= CURRENT MAP =========

                    1 1 1 1 
        1 1 1 1 1 1 1 7 1 8 
  1     1 7 1       1 1 1 1 
7 1     1 1             *   
1 1     1               *   
1 1 1 1 1           1 1 1   
1 1 1     1 1 1     1 9 1   
          7 1       1 1 1   

===============================
DOWN -- 5 12 5 12 STANDING 0
========= CURRENT MAP =========

                    1 1 1 1 
        1 1 1 1 1 1 1 7 1 8 
  1     1 7 1       1 1 1 1 
7 1     1 1             1   
1 1     1               1   
1 1 1 1 1           1 1 *   
1 1 1     1 1 1     1 9 1   
          7 1       1 1 1   

===============================
DOWN -- 6 12 7 12 LYING_COL 0
========= CURRENT MAP =========

                    1 1 1 1 
        1 1 1 1 1 1 1 7 1 8 
  1     1 7 1       1 1 1 1 
7 1     1 1             1   
1 1     1               1   
1 1 1 1 1           1 1 1   
1 1 1     1 1 1     1 9 *   
          7 1       1 1 *   

===============================
LEFT -- 6 11 7 11 LYING_COL 0
========= CURRENT MAP =========

                    1 1 1 1 
        1 1 1 1 1 1 1 7 1 8 
  1     1 7 1       1 1 1 1 
7 1     1 1             1   
1 1     1               1   
1 1 1 1 1           1 1 1   
1 1 1     1 1 1     1 * 1   
          7 1       1 * 1   

===============================
LEFT -- 6 10 7 10 LYING_COL 0
========= CURRENT MAP =========

                    1 1 1 1 
        1 1 1 1 1 1 1 7 1 8 
  1     1 7 1       1 1 1 1 
7 1     1 1             1   
1 1     1               1   
1 1 1 1 1           1 1 1   
1 1 1     1 1 1     * 9 1   
          7 1       * 1 1   

===============================
UP -- 5 10 5 10 STANDING 0
========= CURRENT MAP =========

                    1 1 1 1 
        1 1 1 1 1 1 1 7 1 8 
  1     1 7 1       1 1 1 1 
7 1     1 1             1   
1 1     1               1   
1 1 1 1 1           * 1 1   
1 1 1     1 1 1     1 9 1   
          7 1       1 1 1   

===============================
RIGHT -- 5 11 5 12 LYING_ROW 0
========= CURRENT MAP =========

                    1 1 1 1 
        1 1 1 1 1 1 1 7 1 8 
  1     1 7 1       1 1 1 1 
7 1     1 1             1   
1 1     1               1   
1 1 1 1 1           1 * *   
1 1 1     1 1 1     1 9 1   
          7 1       1 1 1   

===============================
DOWN -- 6 11 6 12 LYING_ROW 0
========= CURRENT MAP =========

                    1 1 1 1 
        1 1 1 1 1 1 1 7 1 8 
  1     1 7 1       1 1 1 1 
7 1     1 1             1   
1 1     1               1   
1 1 1 1 1           1 1 1   
1 1 1     1 1 1     1 * *   
          7 1       1 1 1   

===============================
DOWN -- 7 11 7 12 LYING_ROW 0
========= CURRENT MAP =========

                    1 1 1 1 
        1 1 1 1 1 1 1 7 1 8 
  1     1 7 1       1 1 1 1 
7 1     1 1             1   
1 1     1               1   
1 1 1 1 1           1 1 1   
1 1 1     1 1 1     1 9 1   
          7 1       1 * *   

===============================
LEFT -- 7 10 7 10 STANDING 0
========= CURRENT MAP =========

                    1 1 1 1 
        1 1 1 1 1 1 1 7 1 8 
  1     1 7 1       1 1 1 1 
7 1     1 1             1   
1 1     1               1   
1 1 1 1 1           1 1 1   
1 1 1     1 1 1     1 9 1   
          7 1       * 1 1   

===============================
UP -- 5 10 6 10 LYING_COL 0
========= CURRENT MAP =========

                    1 1 1 1 
        1 1 1 1 1 1 1 7 1 8 
  1     1 7 1       1 1 1 1 
7 1     1 1             1   
1 1     1               1   
1 1 1 1 1           * 1 1   
1 1 1     1 1 1     * 9 1   
          7 1       1 1 1   

===============================
RIGHT -- 5 11 6 11 LYING_COL 0
========= CURRENT MAP =========

                    1 1 1 1 
        1 1 1 1 1 1 1 7 1 8 
  1     1 7 1       1 1 1 1 
7 1     1 1             1   
1 1     1               1   
1 1 1 1 1           1 * 1   
1 1 1     1 1 1     1 * 1   
          7 1       1 1 1   

===============================
RIGHT -- 5 12 6 12 LYING_COL 0
========= CURRENT MAP =========

                    1 1 1 1 
        1 1 1 1 1 1 1 7 1 8 
  1     1 7 1       1 1 1 1 
7 1     1 1             1   
1 1     1               1   
1 1 1 1 1           1 1 *   
1 1 1     1 1 1     1 9 *   
          7 1       1 1 1   

===============================
DOWN -- 7 12 7 12 STANDING 0
========= CURRENT MAP =========

                    1 1 1 1 
        1 1 1 1 1 1 1 7 1 8 
  1     1 7 1       1 1 1 1 
7 1     1 1             1   
1 1     1               1   
1 1 1 1 1           1 1 1   
1 1 1     1 1 1     1 9 1   
          7 1       1 1 *   

===============================
LEFT -- 7 10 7 11 LYING_ROW 0
========= CURRENT MAP =========

                    1 1 1 1 
        1 1 1 1 1 1 1 7 1 8 
  1     1 7 1       1 1 1 1 
7 1     1 1             1   
1 1     1               1   
1 1 1 1 1           1 1 1   
1 1 1     1 1 1     1 9 1   
          7 1       * * 1   

===============================
UP -- 6 10 6 11 LYING_ROW 0
========= CURRENT MAP =========

                    1 1 1 1 
        1 1 1 1 1 1 1 7 1 8 
  1     1 7 1       1 1 1 1 
7 1     1 1             1   
1 1     1               1   
1 1 1 1 1           1 1 1   
1 1 1     1 1 1     * * 1   
          7 1       1 1 1   

===============================
RIGHT -- 6 12 6 12 STANDING 0
========= CURRENT MAP =========

                    1 1 1 1 
        1 1 1 1 1 1 1 7 1 8 
  1     1 7 1       1 1 1 1 
7 1     1 1             1   
1 1     1               1   
1 1 1 1 1           1 1 1   
1 1 1     1 1 1     1 9 *   
          7 1       1 1 1   

===============================
UP -- 4 12 5 12 LYING_COL 0
========= CURRENT MAP =========

                    1 1 1 1 
        1 1 1 1 1 1 1 7 1 8 
  1     1 7 1       1 1 1 1 
7 1     1 1             1   
1 1     1               *   
1 1 1 1 1           1 1 *   
1 1 1     1 1 1     1 9 1   
          7 1       1 1 1   

===============================
UP -- 3 12 3 12 STANDING 0
========= CURRENT MAP =========

                    1 1 1 1 
        1 1 1 1 1 1 1 7 1 8 
  1     1 7 1       1 1 1 1 
7 1     1 1             *   
1 1     1               1   
1 1 1 1 1           1 1 1   
1 1 1     1 1 1     1 9 1   
          7 1       1 1 1   

===============================
UP -- 1 12 2 12 LYING_COL 0
========= CURRENT MAP =========

                    1 1 1 1 
        1 1 1 1 1 1 1 7 * 8 
  1     1 7 1       1 1 * 1 
7 1     1 1             1   
1 1     1               1   
1 1 1 1 1           1 1 1   
1 1 1     1 1 1     1 9 1   
          7 1       1 1 1   

===============================
RIGHT -- 1 13 2 13 LYING_COL 0
========= CURRENT MAP =========

                    1 1 1 1 
        1 1 1 1 1 1 1 7 1 * 
  1     1 7 1       1 1 1 * 
7 1     1 1             1   
1 1     1               1   
1 1 1 1 1           1 1 1   
1 1 1     1 1 1     1 9 1   
          7 1       1 1 1   

===============================
UP -- 0 13 0 13 STANDING 0
========= CURRENT MAP =========

                    1 1 1 * 
        1 1 1 1 1 1 1 7 1 8 
  1     1 7 1       1 1 1 1 
7 1     1 1             1   
1 1     1               1   
1 1 1 1 1           1 1 1   
1 1 1     1 1 1     1 9 1   
          7 1       1 1 1   

===============================
LEFT -- 0 11 0 12 LYING_ROW 0
========= CURRENT MAP =========

                    1 * * 1 
        1 1 1 1 1 1 1 7 1 8 
  1     1 7 1       1 1 1 1 
7 1     1 1             1   
1 1     1               1   
1 1 1 1 1           1 1 1   
1 1 1     1 1 1     1 9 1   
          7 1       1 1 1   

===============================
LEFT -- 0 10 0 10 STANDING 0
========= CURRENT MAP =========

                    * 1 1 1 
        1 1 1 1 1 1 1 7 1 8 
  1     1 7 1       1 1 1 1 
7 1     1 1             1   
1 1     1               1   
1 1 1 1 1           1 1 1   
1 1 1     1 1 1     1 9 1   
          7 1       1 1 1   

===============================
DOWN -- 1 10 2 10 LYING_COL 0
========= CURRENT MAP =========

                    1 1 1 1 
        1 1 1 1 1 1 * 7 1 8 
  1     1 7 1       * 1 1 1 
7 1     1 1             1   
1 1     1               1   
1 1 1 1 1           1 1 1   
1 1 1     1 1 1     1 9 1   
          7 1       1 1 1   

===============================
RIGHT -- 1 11 2 11 LYING_COL 0
========= CURRENT MAP =========

                    1 1 1 1 
        1 1 1 1 1 1 1 * 1 8 
  1     1 7 1       1 * 1 1 
7 1     1 1             1   
1 1     1               1   
1 1 1 1 1           1 1 1   
1 1 1     1 1 1     1 9 1   
          7 1       1 1 1   

===============================
UP -- 0 11 0 11 STANDING 0
========= CURRENT MAP =========

                    1 * 1 1 
        1 1 1 1 1 1 1 7 1 8 
  1     1 7 1       1 1 1 1 
7 1     1 1             1   
1 1     1               1   
1 1 1 1 1           1 1 1   
1 1 1     1 1 1     1 9 1   
          7 1       1 1 1   

===============================
RIGHT -- 0 12 0 13 LYING_ROW 0
========= CURRENT MAP =========

                    1 1 * * 
        1 1 1 1 1 1 1 7 1 8 
  1     1 7 1       1 1 1 1 
7 1     1 1             1   
1 1     1               1   
1 1 1 1 1           1 1 1   
1 1 1     1 1 1     1 9 1   
          7 1       1 1 1   

===============================
DOWN -- 1 12 1 13 LYING_ROW 0
========= CURRENT MAP =========

                    1 1 1 1 
        1 1 1 1 1 1 1 7 * * 
  1     1 7 1       1 1 1 1 
7 1     1 1             1   
1 1     1               1   
1 1 1 1 1           1 1 1   
1 1 1     1 1 1     1 9 1   
          7 1       1 1 1   

===============================
LEFT -- 1 11 1 11 STANDING 0
========= CURRENT MAP =========

                    1 1 1 1 
        1 1 1 1 1 1 1 * 1 8 
  1 1 1 1 7 1       1 1 1 1 
7 1     1 1             1   
1 1     1               1   
1 1 1 1 1           1 1 1   
1 1 1     1 1 1     1 9 1   
          7 1       1 1 1   

===============================
RIGHT -- 1 12 1 13 LYING_ROW 0
========= CURRENT MAP =========

                    1 1 1 1 
        1 1 1 1 1 1 1 7 * * 
  1 1 1 1 7 1       1 1 1 1 
7 1     1 1             1   
1 1     1               1   
1 1 1 1 1           1 1 1   
1 1 1     1 1 1     1 9 1   
          7 1       1 1 1   

===============================
DOWN -- 2 12 2 13 LYING_ROW 0
========= CURRENT MAP =========

                    1 1 1 1 
        1 1 1 1 1 1 1 7 1 8 
  1 1 1 1 7 1       1 1 * * 
7 1     1 1             1   
1 1     1               1   
1 1 1 1 1           1 1 1   
1 1 1     1 1 1     1 9 1   
          7 1       1 1 1   

===============================
LEFT -- 2 11 2 11 STANDING 0
========= CURRENT MAP =========

                    1 1 1 1 
        1 1 1 1 1 1 1 7 1 8 
  1 1 1 1 7 1       1 * 1 1 
7 1     1 1             1   
1 1     1               1   
1 1 1 1 1           1 1 1   
1 1 1     1 1 1     1 9 1   
          7 1       1 1 1   

===============================
UP -- 0 11 1 11 LYING_COL 0
========= CURRENT MAP =========

                    1 * 1 1 
        1 1 1 1 1 1 1 * 1 8 
  1 1 1 1 7 1       1 1 1 1 
7 1     1 1             1   
1 1     1               1   
1 1 1 1 1           1 1 1   
1 1 1     1 1 1     1 9 1   
          7 1       1 1 1   

===============================
RIGHT -- 0 12 1 12 LYING_COL 0
========= CURRENT MAP =========

                    1 1 * 1 
        1 1 1 1 1 1 1 7 * 8 
  1 1 1 1 7 1       1 1 1 1 
7 1     1 1             1   
1 1     1               1   
1 1 1 1 1           1 1 1   
1 1 1     1 1 1     1 9 1   
          7 1       1 1 1   

===============================
DOWN -- 2 12 2 12 STANDING 0
========= CURRENT MAP =========

                    1 1 1 1 
        1 1 1 1 1 1 1 7 1 8 
  1 1 1 1 7 1       1 1 * 1 
7 1     1 1             1   
1 1     1               1   
1 1 1 1 1           1 1 1   
1 1 1     1 1 1     1 9 1   
          7 1       1 1 1   

===============================
DOWN -- 3 12 4 12 LYING_COL 0
========= CURRENT MAP =========

                    1 1 1 1 
        1 1 1 1 1 1 1 7 1 8 
  1 1 1 1 7 1       1 1 1 1 
7 1     1 1             *   
1 1     1               *   
1 1 1 1 1           1 1 1   
1 1 1     1 1 1     1 9 1   
          7 1       1 1 1   

===============================
DOWN -- 5 12 5 12 STANDING 0
========= CURRENT MAP =========

                    1 1 1 1 
        1 1 1 1 1 1 1 7 1 8 
  1 1 1 1 7 1       1 1 1 1 
7 1     1 1             1   
1 1     1               1   
1 1 1 1 1           1 1 *   
1 1 1     1 1 1     1 9 1   
          7 1       1 1 1   

===============================
DOWN -- 6 12 7 12 LYING_COL 0
========= CURRENT MAP =========

                    1 1 1 1 
        1 1 1 1 1 1 1 7 1 8 
  1 1 1 1 7 1       1 1 1 1 
7 1     1 1             1   
1 1     1               1   
1 1 1 1 1           1 1 1   
1 1 1     1 1 1     1 9 *   
          7 1       1 1 *   

===============================
LEFT -- 6 11 7 11 LYING_COL 0
========= CURRENT MAP =========

                    1 1 1 1 
        1 1 1 1 1 1 1 7 1 8 
  1 1 1 1 7 1       1 1 1 1 
7 1     1 1             1   
1 1     1               1   
1 1 1 1 1           1 1 1   
1 1 1     1 1 1     1 * 1   
          7 1       1 * 1   

===============================
LEFT -- 6 10 7 10 LYING_COL 0
========= CURRENT MAP =========

                    1 1 1 1 
        1 1 1 1 1 1 1 7 1 8 
  1 1 1 1 7 1       1 1 1 1 
7 1     1 1             1   
1 1     1               1   
1 1 1 1 1           1 1 1   
1 1 1     1 1 1     * 9 1   
          7 1       * 1 1   

===============================
UP -- 5 10 5 10 STANDING 0
========= CURRENT MAP =========

                    1 1 1 1 
        1 1 1 1 1 1 1 7 1 8 
  1 1 1 1 7 1       1 1 1 1 
7 1     1 1             1   
1 1     1               1   
1 1 1 1 1           * 1 1   
1 1 1     1 1 1     1 9 1   
          7 1       1 1 1   

===============================
RIGHT -- 5 11 5 12 LYING_ROW 0
========= CURRENT MAP =========

                    1 1 1 1 
        1 1 1 1 1 1 1 7 1 8 
  1 1 1 1 7 1       1 1 1 1 
7 1     1 1             1   
1 1     1               1   
1 1 1 1 1           1 * *   
1 1 1     1 1 1     1 9 1   
          7 1       1 1 1   

===============================
DOWN -- 6 11 6 12 LYING_ROW 0
========= CURRENT MAP =========

                    1 1 1 1 
        1 1 1 1 1 1 1 7 1 8 
  1 1 1 1 7 1       1 1 1 1 
7 1     1 1             1   
1 1     1               1   
1 1 1 1 1           1 1 1   
1 1 1     1 1 1     1 * *   
          7 1       1 1 1   

===============================
DOWN -- 7 11 7 12 LYING_ROW 0
========= CURRENT MAP =========

                    1 1 1 1 
        1 1 1 1 1 1 1 7 1 8 
  1 1 1 1 7 1       1 1 1 1 
7 1     1 1             1   
1 1     1               1   
1 1 1 1 1           1 1 1   
1 1 1     1 1 1     1 9 1   
          7 1       1 * *   

===============================
LEFT -- 7 10 7 10 STANDING 0
========= CURRENT MAP =========

                    1 1 1 1 
        1 1 1 1 1 1 1 7 1 8 
  1 1 1 1 7 1       1 1 1 1 
7 1     1 1             1   
1 1     1               1   
1 1 1 1 1           1 1 1   
1 1 1     1 1 1     1 9 1   
          7 1       * 1 1   

===============================
UP -- 5 10 6 10 LYING_COL 0
========= CURRENT MAP =========

                    1 1 1 1 
        1 1 1 1 1 1 1 7 1 8 
  1 1 1 1 7 1       1 1 1 1 
7 1     1 1             1   
1 1     1               1   
1 1 1 1 1           * 1 1   
1 1 1     1 1 1     * 9 1   
          7 1       1 1 1   

===============================
RIGHT -- 5 11 6 11 LYING_COL 0
========= CURRENT MAP =========

                    1 1 1 1 
        1 1 1 1 1 1 1 7 1 8 
  1 1 1 1 7 1       1 1 1 1 
7 1     1 1             1   
1 1     1               1   
1 1 1 1 1           1 * 1   
1 1 1     1 1 1     1 * 1   
          7 1       1 1 1   

===============================
RIGHT -- 5 12 6 12 LYING_COL 0
========= CURRENT MAP =========

                    1 1 1 1 
        1 1 1 1 1 1 1 7 1 8 
  1 1 1 1 7 1       1 1 1 1 
7 1     1 1             1   
1 1     1               1   
1 1 1 1 1           1 1 *   
1 1 1     1 1 1     1 9 *   
          7 1       1 1 1   

===============================
DOWN -- 7 12 7 12 STANDING 0
========= CURRENT MAP =========

                    1 1 1 1 
        1 1 1 1 1 1 1 7 1 8 
  1 1 1 1 7 1       1 1 1 1 
7 1     1 1             1   
1 1     1               1   
1 1 1 1 1           1 1 1   
1 1 1     1 1 1     1 9 1   
          7 1       1 1 *   

===============================
LEFT -- 7 10 7 11 LYING_ROW 0
========= CURRENT MAP =========

                    1 1 1 1 
        1 1 1 1 1 1 1 7 1 8 
  1 1 1 1 7 1       1 1 1 1 
7 1     1 1             1   
1 1     1               1   
1 1 1 1 1           1 1 1   
1 1 1     1 1 1     1 9 1   
          7 1       * * 1   

===============================
UP -- 6 10 6 11 LYING_ROW 0
========= CURRENT MAP =========

                    1 1 1 1 
        1 1 1 1 1 1 1 7 1 8 
  1 1 1 1 7 1       1 1 1 1 
7 1     1 1             1   
1 1     1               1   
1 1 1 1 1           1 1 1   
1 1 1     1 1 1     * * 1   
          7 1       1 1 1   

===============================
RIGHT -- 6 12 6 12 STANDING 0
========= CURRENT MAP =========

                    1 1 1 1 
        1 1 1 1 1 1 1 7 1 8 
  1 1 1 1 7 1       1 1 1 1 
7 1     1 1             1   
1 1     1               1   
1 1 1 1 1           1 1 1   
1 1 1     1 1 1     1 9 *   
          7 1       1 1 1   

===============================
UP -- 4 12 5 12 LYING_COL 0
========= CURRENT MAP =========

                    1 1 1 1 
        1 1 1 1 1 1 1 7 1 8 
  1 1 1 1 7 1       1 1 1 1 
7 1     1 1             1   
1 1     1               *   
1 1 1 1 1           1 1 *   
1 1 1     1 1 1     1 9 1   
          7 1       1 1 1   

===============================
UP -- 3 12 3 12 STANDING 0
========= CURRENT MAP =========

                    1 1 1 1 
        1 1 1 1 1 1 1 7 1 8 
  1 1 1 1 7 1       1 1 1 1 
7 1     1 1             *   
1 1     1               1   
1 1 1 1 1           1 1 1   
1 1 1     1 1 1     1 9 1   
          7 1       1 1 1   

===============================
UP -- 1 12 2 12 LYING_COL 0
========= CURRENT MAP =========

                    1 1 1 1 
        1 1 1 1 1 1 1 7 * 8 
  1 1 1 1 7 1       1 1 * 1 
7 1     1 1             1   
1 1     1               1   
1 1 1 1 1           1 1 1   
1 1 1     1 1 1     1 9 1   
          7 1       1 1 1   

===============================
RIGHT -- 1 13 2 13 LYING_COL 0
========= CURRENT MAP =========

                    1 1 1 1 
        1 1 1 1 1 1 1 7 1 * 
  1 1 1 1 7 1       1 1 1 * 
7 1     1 1             1   
1 1     1               1   
1 1 1 1 1           1 1 1   
1 1 1     1 1 1     1 9 1   
          7 1       1 1 1   

===============================
UP -- 0 13 0 13 STANDING 0
========= CURRENT MAP =========

                    1 1 1 * 
        1 1 1 1 1 1 1 7 1 8 
  1 1 1 1 7 1       1 1 1 1 
7 1     1 1             1   
1 1     1               1   
1 1 1 1 1           1 1 1   
1 1 1     1 1 1     1 9 1   
          7 1       1 1 1   

===============================
LEFT -- 0 11 0 12 LYING_ROW 0
========= CURRENT MAP =========

                    1 * * 1 
        1 1 1 1 1 1 1 7 1 8 
  1 1 1 1 7 1       1 1 1 1 
7 1     1 1             1   
1 1     1               1   
1 1 1 1 1           1 1 1   
1 1 1     1 1 1     1 9 1   
          7 1       1 1 1   

===============================
DOWN -- 1 11 1 12 LYING_ROW 0
========= CURRENT MAP =========

                    1 1 1 1 
        1 1 1 1 1 1 1 * * 8 
  1 1 1 1 7 1       1 1 1 1 
7 1     1 1             1   
1 1     1               1   
1 1 1 1 1           1 1 1   
1 1 1     1 1 1     1 9 1   
          7 1       1 1 1   

===============================
LEFT -- 1 10 1 10 STANDING 0
========= CURRENT MAP =========

                    1 1 1 1 
        1 1 1 1 1 1 * 7 1 8 
  1 1 1 1 7 1       1 1 1 1 
7 1     1 1             1   
1 1     1               1   
1 1 1 1 1           1 1 1   
1 1 1     1 1 1     1 9 1   
          7 1       1 1 1   

===============================
LEFT -- 1 8 1 9 LYING_ROW 0
========= CURRENT MAP =========

                    1 1 1 1 
        1 1 1 1 * * 1 7 1 8 
  1 1 1 1 7 1       1 1 1 1 
7 1     1 1             1   
1 1     1               1   
1 1 1 1 1           1 1 1   
1 1 1     1 1 1     1 9 1   
          7 1       1 1 1   

===============================
LEFT -- 1 7 1 7 STANDING 0
========= CURRENT MAP =========

                    1 1 1 1 
        1 1 1 * 1 1 1 7 1 8 
  1 1 1 1 7 1       1 1 1 1 
7 1     1 1             1   
1 1     1               1   
1 1 1 1 1           1 1 1   
1 1 1     1 1 1     1 9 1   
          7 1       1 1 1   

===============================
LEFT -- 1 5 1 6 LYING_ROW 0
========= CURRENT MAP =========

                    1 1 1 1 
        1 * * 1 1 1 1 7 1 8 
  1 1 1 1 7 1       1 1 1 1 
7 1     1 1             1   
1 1     1               1   
1 1 1 1 1           1 1 1   
1 1 1     1 1 1     1 9 1   
          7 1       1 1 1   

===============================
DOWN -- 2 5 2 6 LYING_ROW 0
========= CURRENT MAP =========

                    1 1 1 1 
        1 1 1 1 1 1 1 7 1 8 
  1 1 1 1 * *       1 1 1 1 
7 1     1 1             1   
1 1     1               1   
1 1 1 1 1           1 1 1   
1 1 1     1 1 1     1 9 1   
          7 1       1 1 1   

===============================
LEFT -- 2 4 2 4 STANDING 0
========= CURRENT MAP =========

                    1 1 1 1 
        1 1 1 1 1 1 1 7 1 8 
  1 1 1 * 7 1       1 1 1 1 
7 1     1 1             1   
1 1     1               1   
1 1 1 1 1           1 1 1   
1 1 1     1 1 1     1 9 1   
          7 1       1 1 1   

===============================
DOWN -- 3 4 4 4 LYING_COL 0
========= CURRENT MAP =========

                    1 1 1 1 
        1 1 1 1 1 1 1 7 1 8 
  1 1 1 1 7 1       1 1 1 1 
7 1     * 1             1   
1 1     *               1   
1 1 1 1 1           1 1 1   
1 1 1     1 1 1     1 9 1   
          7 1       1 1 1   

===============================
DOWN -- 5 4 5 4 STANDING 0
========= CURRENT MAP =========

                    1 1 1 1 
        1 1 1 1 1 1 1 7 1 8 
  1 1 1 1 7 1       1 1 1 1 
7 1     1 1             1   
1 1     1               1   
1 1 1 1 *           1 1 1   
1 1 1     1 1 1     1 9 1   
          7 1       1 1 1   

===============================
LEFT -- 5 2 5 3 LYING_ROW 0
========= CURRENT MAP =========

                    1 1 1 1 
        1 1 1 1 1 1 1 7 1 8 
  1 1 1 1 7 1       1 1 1 1 
7 1     1 1             1   
1 1     1               1   
1 1 * * 1           1 1 1   
1 1 1     1 1 1     1 9 1   
          7 1       1 1 1   

===============================
LEFT -- 5 1 5 1 STANDING 0
========= CURRENT MAP =========

                    1 1 1 1 
        1 1 1 1 1 1 1 7 1 8 
  1 1 1 1 7 1       1 1 1 1 
7 1     1 1             1   
1 1     1               1   
1 * 1 1 1           1 1 1   
1 1 1     1 1 1     1 9 1   
          7 1       1 1 1   

===============================
UP -- 3 1 4 1 LYING_COL 0
========= CURRENT MAP =========

                    1 1 1 1 
        1 1 1 1 1 1 1 7 1 8 
  1 1 1 1 7 1       1 1 1 1 
7 *     1 1             1   
1 *     1               1   
1 1 1 1 1           1 1 1   
1 1 1     1 1 1     1 9 1   
          7 1       1 1 1   

===============================
LEFT -- 3 0 4 0 LYING_COL 0
========= CURRENT MAP =========

                    1 1 1 1 
        1 1 1 1 1 1 1 7 1 8 
  1 1 1 1 7 1       1 1 1 1 
* 1     1 1             1   
* 1     1               1   
1 1 1 1 1           1 1 1   
1 1 1     1 1 1     1 9 1   
          7 1       1 1 1   

===============================
DOWN -- 5 0 5 0 STANDING 0
========= CURRENT MAP =========

                    1 1 1 1 
        1 1 1 1 1 1 1 7 1 8 
  1 1 1 1 7 1       1 1 1 1 
7 1     1 1             1   
1 1     1               1   
* 1 1 1 1           1 1 1   
1 1 1     1 1 1     1 9 1   
          7 1       1 1 1   

===============================
RIGHT -- 5 1 5 2 LYING_ROW 0
========= CURRENT MAP =========

                    1 1 1 1 
        1 1 1 1 1 1 1 7 1 8 
  1 1 1 1 7 1       1 1 1 1 
7 1     1 1             1   
1 1     1               1   
1 * * 1 1           1 1 1   
1 1 1     1 1 1     1 9 1   
          7 1       1 1 1   

===============================
DOWN -- 6 1 6 2 LYING_ROW 0
========= CURRENT MAP =========

                    1 1 1 1 
        1 1 1 1 1 1 1 7 1 8 
  1 1 1 1 7 1       1 1 1 1 
7 1     1 1             1   
1 1     1               1   
1 1 1 1 1           1 1 1   
1 * *     1 1 1     1 9 1   
          7 1       1 1 1   

===============================
LEFT -- 6 0 6 0 STANDING 0
========= CURRENT MAP =========

                    1 1 1 1 
        1 1 1 1 1 1 1 7 1 8 
  1 1 1 1 7 1       1 1 1 1 
7 1     1 1             1   
1 1     1               1   
1 1 1 1 1           1 1 1   
* 1 1     1 1 1     1 9 1   
          7 1       1 1 1   

===============================
UP -- 4 0 5 0 LYING_COL 0
========= CURRENT MAP =========

                    1 1 1 1 
        1 1 1 1 1 1 1 7 1 8 
  1 1 1 1 7 1       1 1 1 1 
7 1     1 1             1   
* 1     1               1   
* 1 1 1 1           1 1 1   
1 1 1     1 1 1     1 9 1   
          7 1       1 1 1   

===============================
UP -- 3 0 3 0 STANDING 0
========= CURRENT MAP =========

                    1 1 1 1 
      1 1 1 1 1 1 1 1 7 1 8 
  1 1 1 1 7 1       1 1 1 1 
* 1     1 1             1   
1 1     1               1   
1 1 1 1 1           1 1 1   
1 1 1     1 1 1     1 9 1   
          7 1       1 1 1   

===============================
DOWN -- 4 0 5 0 LYING_COL 0
========= CURRENT MAP =========

                    1 1 1 1 
      1 1 1 1 1 1 1 1 7 1 8 
  1 1 1 1 7 1       1 1 1 1 
7 1     1 1             1   
* 1     1               1   
* 1 1 1 1           1 1 1   
1 1 1     1 1 1     1 9 1   
          7 1       1 1 1   

===============================
DOWN -- 6 0 6 0 STANDING 0
========= CURRENT MAP =========

                    1 1 1 1 
      1 1 1 1 1 1 1 1 7 1 8 
  1 1 1 1 7 1       1 1 1 1 
7 1     1 1             1   
1 1     1               1   
1 1 1 1 1           1 1 1   
* 1 1     1 1 1     1 9 1   
          7 1       1 1 1   

===============================
RIGHT -- 6 1 6 2 LYING_ROW 0
========= CURRENT MAP =========

                    1 1 1 1 
      1 1 1 1 1 1 1 1 7 1 8 
  1 1 1 1 7 1       1 1 1 1 
7 1     1 1             1   
1 1     1               1   
1 1 1 1 1           1 1 1   
1 * *     1 1 1     1 9 1   
          7 1       1 1 1   

===============================
UP -- 5 1 5 2 LYING_ROW 0
========= CURRENT MAP =========

                    1 1 1 1 
      1 1 1 1 1 1 1 1 7 1 8 
  1 1 1 1 7 1       1 1 1 1 
7 1     1 1             1   
1 1     1               1   
1 * * 1 1           1 1 1   
1 1 1     1 1 1     1 9 1   
          7 1       1 1 1   

===============================
LEFT -- 5 0 5 0 STANDING 0
========= CURRENT MAP =========

                    1 1 1 1 
      1 1 1 1 1 1 1 1 7 1 8 
  1 1 1 1 7 1       1 1 1 1 
7 1     1 1             1   
1 1     1               1   
* 1 1 1 1           1 1 1   
1 1 1     1 1 1     1 9 1   
          7 1       1 1 1   

===============================
UP -- 3 0 4 0 LYING_COL 0
========= CURRENT MAP =========

                    1 1 1 1 
      1 1 1 1 1 1 1 1 7 1 8 
  1 1 1 1 7 1       1 1 1 1 
* 1     1 1             1   
* 1     1               1   
1 1 1 1 1           1 1 1   
1 1 1     1 1 1     1 9 1   
          7 1       1 1 1   

===============================
RIGHT -- 3 1 4 1 LYING_COL 0
========= CURRENT MAP =========

                    1 1 1 1 
      1 1 1 1 1 1 1 1 7 1 8 
  1 1 1 1 7 1       1 1 1 1 
7 *     1 1             1   
1 *     1               1   
1 1 1 1 1           1 1 1   
1 1 1     1 1 1     1 9 1   
          7 1       1 1 1   

===============================
DOWN -- 5 1 5 1 STANDING 0
========= CURRENT MAP =========

                    1 1 1 1 
      1 1 1 1 1 1 1 1 7 1 8 
  1 1 1 1 7 1       1 1 1 1 
7 1     1 1             1   
1 1     1               1   
1 * 1 1 1           1 1 1   
1 1 1     1 1 1     1 9 1   
          7 1       1 1 1   

===============================
RIGHT -- 5 2 5 3 LYING_ROW 0
========= CURRENT MAP =========

                    1 1 1 1 
      1 1 1 1 1 1 1 1 7 1 8 
  1 1 1 1 7 1       1 1 1 1 
7 1     1 1             1   
1 1     1               1   
1 1 * * 1           1 1 1   
1 1 1     1 1 1     1 9 1   
          7 1       1 1 1   

===============================
RIGHT -- 5 4 5 4 STANDING 0
========= CURRENT MAP =========

                    1 1 1 1 
      1 1 1 1 1 1 1 1 7 1 8 
  1 1 1 1 7 1       1 1 1 1 
7 1     1 1             1   
1 1     1               1   
1 1 1 1 *           1 1 1   
1 1 1     1 1 1     1 9 1   
          7 1       1 1 1   

===============================
UP -- 3 4 4 4 LYING_COL 0
========= CURRENT MAP =========

                    1 1 1 1 
      1 1 1 1 1 1 1 1 7 1 8 
  1 1 1 1 7 1       1 1 1 1 
7 1     * 1             1   
1 1     *               1   
1 1 1 1 1           1 1 1   
1 1 1     1 1 1     1 9 1   
          7 1       1 1 1   

===============================
UP -- 2 4 2 4 STANDING 0
========= CURRENT MAP =========

                    1 1 1 1 
      1 1 1 1 1 1 1 1 7 1 8 
  1 1 1 * 7 1       1 1 1 1 
7 1     1 1             1   
1 1     1               1   
1 1 1 1 1           1 1 1   
1 1 1     1 1 1     1 9 1   
          7 1       1 1 1   

===============================
RIGHT -- 2 5 2 6 LYING_ROW 0
========= CURRENT MAP =========

                    1 1 1 1 
      1 1 1 1 1 1 1 1 7 1 8 
  1 1 1 1 * *       1 1 1 1 
7 1     1 1             1   
1 1     1               1   
1 1 1 1 1           1 1 1   
1 1 1     1 1 1     1 9 1   
          7 1       1 1 1   

===============================
UP -- 1 5 1 6 LYING_ROW 0
========= CURRENT MAP =========

                    1 1 1 1 
      1 1 * * 1 1 1 1 7 1 8 
  1 1 1 1 7 1       1 1 1 1 
7 1     1 1             1   
1 1     1               1   
1 1 1 1 1           1 1 1   
1 1 1     1 1 1     1 9 1   
          7 1       1 1 1   

===============================
RIGHT -- 1 7 1 7 STANDING 0
========= CURRENT MAP =========

                    1 1 1 1 
      1 1 1 1 * 1 1 1 7 1 8 
  1 1 1 1 7 1       1 1 1 1 
7 1     1 1             1   
1 1     1               1   
1 1 1 1 1           1 1 1   
1 1 1     1 1 1     1 9 1   
          7 1       1 1 1   

===============================
RIGHT -- 1 8 1 9 LYING_ROW 0
========= CURRENT MAP =========

                    1 1 1 1 
      1 1 1 1 1 * * 1 7 1 8 
  1 1 1 1 7 1       1 1 1 1 
7 1     1 1             1   
1 1     1               1   
1 1 1 1 1           1 1 1   
1 1 1     1 1 1     1 9 1   
          7 1       1 1 1   

===============================
RIGHT -- 1 10 1 10 STANDING 0
========= CURRENT MAP =========

                    1 1 1 1 
      1 1 1 1 1 1 1 * 7 1 8 
  1 1 1 1 7 1       1 1 1 1 
7 1     1 1             1   
1 1     1               1   
1 1 1 1 1           1 1 1   
1 1 1     1 1 1     1 9 1   
          7 1       1 1 1   

===============================
RIGHT -- 1 11 1 12 LYING_ROW 0
========= CURRENT MAP =========

                    1 1 1 1 
      1 1 1 1 1 1 1 1 * * 8 
  1 1 1 1 7 1       1 1 1 1 
7 1     1 1             1   
1 1     1               1   
1 1 1 1 1           1 1 1   
1 1 1     1 1 1     1 9 1   
          7 1       1 1 1   

===============================
DOWN -- 2 11 2 12 LYING_ROW 0
========= CURRENT MAP =========

                    1 1 1 1 
      1 1 1 1 1 1 1 1 7 1 8 
  1 1 1 1 7 1       1 * * 1 
7 1     1 1             1   
1 1     1               1   
1 1 1 1 1           1 1 1   
1 1 1     1 1 1     1 9 1   
          7 1       1 1 1   

===============================
RIGHT -- 2 13 2 13 STANDING 0
========= CURRENT MAP =========

                    1 1 1 1 
      1 1 1 1 1 1 1 1 7 1 8 
  1 1 1 1 7 1       1 1 1 * 
7 1     1 1             1   
1 1     1               1   
1 1 1 1 1           1 1 1   
1 1 1     1 1 1     1 9 1   
          7 1       1 1 1   

===============================
UP -- 0 13 1 13 LYING_COL 0
========= CURRENT MAP =========

                    1 1 1 * 
      1 1 1 1 1 1 1 1 7 1 * 
  1 1 1 1 7 1       1 1 1 1 
7 1     1 1             1   
1 1     1               1   
1 1 1 1 1           1 1 1   
1 1 1     1 1 1     1 9 1   
          7 1       1 1 1   

===============================
LEFT -- 0 12 1 12 LYING_COL 0
========= CURRENT MAP =========

                    1 1 * 1 
      1 1 1 1 1 1 1 1 7 * 8 
  1 1 1 1 7 1       1 1 1 1 
7 1     1 1             1   
1 1     1               1   
1 1 1 1 1           1 1 1   
1 1 1     1 1 1     1 9 1   
          7 1       1 1 1   

===============================
DOWN -- 2 12 2 12 STANDING 0
========= CURRENT MAP =========

                    1 1 1 1 
      1 1 1 1 1 1 1 1 7 1 8 
  1 1 1 1 7 1       1 1 * 1 
7 1     1 1             1   
1 1     1               1   
1 1 1 1 1           1 1 1   
1 1 1     1 1 1     1 9 1   
          7 1       1 1 1   

===============================
DOWN -- 3 12 4 12 LYING_COL 0
========= CURRENT MAP =========

                    1 1 1 1 
      1 1 1 1 1 1 1 1 7 1 8 
  1 1 1 1 7 1       1 1 1 1 
7 1     1 1             *   
1 1     1               *   
1 1 1 1 1           1 1 1   
1 1 1     1 1 1     1 9 1   
          7 1       1 1 1   

===============================
DOWN -- 5 12 5 12 STANDING 0
========= CURRENT MAP =========

                    1 1 1 1 
      1 1 1 1 1 1 1 1 7 1 8 
  1 1 1 1 7 1       1 1 1 1 
7 1     1 1             1   
1 1     1               1   
1 1 1 1 1           1 1 *   
1 1 1     1 1 1     1 9 1   
          7 1       1 1 1   

===============================
DOWN -- 6 12 7 12 LYING_COL 0
========= CURRENT MAP =========

                    1 1 1 1 
      1 1 1 1 1 1 1 1 7 1 8 
  1 1 1 1 7 1       1 1 1 1 
7 1     1 1             1   
1 1     1               1   
1 1 1 1 1           1 1 1   
1 1 1     1 1 1     1 9 *   
          7 1       1 1 *   

===============================
LEFT -- 6 11 7 11 LYING_COL 0
========= CURRENT MAP =========

                    1 1 1 1 
      1 1 1 1 1 1 1 1 7 1 8 
  1 1 1 1 7 1       1 1 1 1 
7 1     1 1             1   
1 1     1               1   
1 1 1 1 1           1 1 1   
1 1 1     1 1 1     1 * 1   
          7 1       1 * 1   

===============================
LEFT -- 6 10 7 10 LYING_COL 0
========= CURRENT MAP =========

                    1 1 1 1 
      1 1 1 1 1 1 1 1 7 1 8 
  1 1 1 1 7 1       1 1 1 1 
7 1     1 1             1   
1 1     1               1   
1 1 1 1 1           1 1 1   
1 1 1     1 1 1     * 9 1   
          7 1       * 1 1   

===============================
UP -- 5 10 5 10 STANDING 0
========= CURRENT MAP =========

                    1 1 1 1 
      1 1 1 1 1 1 1 1 7 1 8 
  1 1 1 1 7 1       1 1 1 1 
7 1     1 1             1   
1 1     1               1   
1 1 1 1 1           * 1 1   
1 1 1     1 1 1     1 9 1   
          7 1       1 1 1   

===============================
RIGHT -- 5 11 5 12 LYING_ROW 0
========= CURRENT MAP =========

                    1 1 1 1 
      1 1 1 1 1 1 1 1 7 1 8 
  1 1 1 1 7 1       1 1 1 1 
7 1     1 1             1   
1 1     1               1   
1 1 1 1 1           1 * *   
1 1 1     1 1 1     1 9 1   
          7 1       1 1 1   

===============================
DOWN -- 6 11 6 12 LYING_ROW 0
========= CURRENT MAP =========

                    1 1 1 1 
      1 1 1 1 1 1 1 1 7 1 8 
  1 1 1 1 7 1       1 1 1 1 
7 1     1 1             1   
1 1     1               1   
1 1 1 1 1           1 1 1   
1 1 1     1 1 1     1 * *   
          7 1       1 1 1   

===============================
DOWN -- 7 11 7 12 LYING_ROW 0
========= CURRENT MAP =========

                    1 1 1 1 
      1 1 1 1 1 1 1 1 7 1 8 
  1 1 1 1 7 1       1 1 1 1 
7 1     1 1             1   
1 1     1               1   
1 1 1 1 1           1 1 1   
1 1 1     1 1 1     1 9 1   
          7 1       1 * *   

===============================
LEFT -- 7 10 7 10 STANDING 0
========= CURRENT MAP =========

                    1 1 1 1 
      1 1 1 1 1 1 1 1 7 1 8 
  1 1 1 1 7 1       1 1 1 1 
7 1     1 1             1   
1 1     1               1   
1 1 1 1 1           1 1 1   
1 1 1     1 1 1     1 9 1   
          7 1       * 1 1   

===============================
UP -- 5 10 6 10 LYING_COL 0
========= CURRENT MAP =========

                    1 1 1 1 
      1 1 1 1 1 1 1 1 7 1 8 
  1 1 1 1 7 1       1 1 1 1 
7 1     1 1             1   
1 1     1               1   
1 1 1 1 1           * 1 1   
1 1 1     1 1 1     * 9 1   
          7 1       1 1 1   

===============================
RIGHT -- 5 11 6 11 LYING_COL 0
========= CURRENT MAP =========

                    1 1 1 1 
      1 1 1 1 1 1 1 1 7 1 8 
  1 1 1 1 7 1       1 1 1 1 
7 1     1 1             1   
1 1     1               1   
1 1 1 1 1           1 * 1   
1 1 1     1 1 1     1 * 1   
          7 1       1 1 1   

===============================
RIGHT -- 5 12 6 12 LYING_COL 0
========= CURRENT MAP =========

                    1 1 1 1 
      1 1 1 1 1 1 1 1 7 1 8 
  1 1 1 1 7 1       1 1 1 1 
7 1     1 1             1   
1 1     1               1   
1 1 1 1 1           1 1 *   
1 1 1     1 1 1     1 9 *   
          7 1       1 1 1   

===============================
DOWN -- 7 12 7 12 STANDING 0
========= CURRENT MAP =========

                    1 1 1 1 
      1 1 1 1 1 1 1 1 7 1 8 
  1 1 1 1 7 1       1 1 1 1 
7 1     1 1             1   
1 1     1               1   
1 1 1 1 1           1 1 1   
1 1 1     1 1 1     1 9 1   
          7 1       1 1 *   

===============================
LEFT -- 7 10 7 11 LYING_ROW 0
========= CURRENT MAP =========

                    1 1 1 1 
      1 1 1 1 1 1 1 1 7 1 8 
  1 1 1 1 7 1       1 1 1 1 
7 1     1 1             1   
1 1     1               1   
1 1 1 1 1           1 1 1   
1 1 1     1 1 1     1 9 1   
          7 1       * * 1   

===============================
UP -- 6 10 6 11 LYING_ROW 0
========= CURRENT MAP =========

                    1 1 1 1 
      1 1 1 1 1 1 1 1 7 1 8 
  1 1 1 1 7 1       1 1 1 1 
7 1     1 1             1   
1 1     1               1   
1 1 1 1 1           1 1 1   
1 1 1     1 1 1     * * 1   
          7 1       1 1 1   

===============================
RIGHT -- 6 12 6 12 STANDING 0
========= CURRENT MAP =========

                    1 1 1 1 
      1 1 1 1 1 1 1 1 7 1 8 
  1 1 1 1 7 1       1 1 1 1 
7 1     1 1             1   
1 1     1               1   
1 1 1 1 1           1 1 1   
1 1 1     1 1 1     1 9 *   
          7 1       1 1 1   

===============================
UP -- 4 12 5 12 LYING_COL 0
========= CURRENT MAP =========

                    1 1 1 1 
      1 1 1 1 1 1 1 1 7 1 8 
  1 1 1 1 7 1       1 1 1 1 
7 1     1 1             1   
1 1     1               *   
1 1 1 1 1           1 1 *   
1 1 1     1 1 1     1 9 1   
          7 1       1 1 1   

===============================
UP -- 3 12 3 12 STANDING 0
========= CURRENT MAP =========

                    1 1 1 1 
      1 1 1 1 1 1 1 1 7 1 8 
  1 1 1 1 7 1       1 1 1 1 
7 1     1 1             *   
1 1     1               1   
1 1 1 1 1           1 1 1   
1 1 1     1 1 1     1 9 1   
          7 1       1 1 1   

===============================
UP -- 1 12 2 12 LYING_COL 0
========= CURRENT MAP =========

                    1 1 1 1 
      1 1 1 1 1 1 1 1 7 * 8 
  1 1 1 1 7 1       1 1 * 1 
7 1     1 1             1   
1 1     1               1   
1 1 1 1 1           1 1 1   
1 1 1     1 1 1     1 9 1   
          7 1       1 1 1   

===============================
RIGHT -- 1 13 2 13 LYING_COL 0
========= CURRENT MAP =========

                    1 1 1 1 
      1 1 1 1 1 1 1 1 7 1 * 
  1 1 1 1 7 1       1 1 1 * 
7 1     1 1             1   
1 1     1               1   
1 1 1 1 1           1 1 1   
1 1 1     1 1 1     1 9 1   
          7 1       1 1 1   

===============================
UP -- 0 13 0 13 STANDING 0
========= CURRENT MAP =========

                    1 1 1 * 
      1 1 1 1 1 1 1 1 7 1 8 
  1 1 1 1 7 1       1 1 1 1 
7 1     1 1             1   
1 1     1               1   
1 1 1 1 1           1 1 1   
1 1 1     1 1 1     1 9 1   
          7 1       1 1 1   

===============================
LEFT -- 0 11 0 12 LYING_ROW 0
========= CURRENT MAP =========

                    1 * * 1 
      1 1 1 1 1 1 1 1 7 1 8 
  1 1 1 1 7 1       1 1 1 1 
7 1     1 1             1   
1 1     1               1   
1 1 1 1 1           1 1 1   
1 1 1     1 1 1     1 9 1   
          7 1       1 1 1   

===============================
LEFT -- 0 10 0 10 STANDING 0
========= CURRENT MAP =========

                    * 1 1 1 
      1 1 1 1 1 1 1 1 7 1 8 
  1 1 1 1 7 1       1 1 1 1 
7 1     1 1             1   
1 1     1               1   
1 1 1 1 1           1 1 1   
1 1 1     1 1 1     1 9 1   
          7 1       1 1 1   

===============================
DOWN -- 1 10 2 10 LYING_COL 0
========= CURRENT MAP =========

                    1 1 1 1 
      1 1 1 1 1 1 1 * 7 1 8 
  1 1 1 1 7 1       * 1 1 1 
7 1     1 1             1   
1 1     1               1   
1 1 1 1 1           1 1 1   
1 1 1     1 1 1     1 9 1   
          7 1       1 1 1   

===============================
RIGHT -- 1 11 2 11 LYING_COL 0
========= CURRENT MAP =========

                    1 1 1 1 
      1 1 1 1 1 1 1 1 * 1 8 
  1 1 1 1 7 1       1 * 1 1 
7 1     1 1             1   
1 1     1               1   
1 1 1 1 1           1 1 1   
1 1 1     1 1 1     1 9 1   
          7 1       1 1 1   

===============================
UP -- 0 11 0 11 STANDING 0
========= CURRENT MAP =========

                    1 * 1 1 
      1 1 1 1 1 1 1 1 7 1 8 
  1 1 1 1 7 1       1 1 1 1 
7 1     1 1             1   
1 1     1               1   
1 1 1 1 1           1 1 1   
1 1 1     1 1 1     1 9 1   
          7 1       1 1 1   

===============================
RIGHT -- 0 12 0 13 LYING_ROW 0
========= CURRENT MAP =========

                    1 1 * * 
      1 1 1 1 1 1 1 1 7 1 8 
  1 1 1 1 7 1       1 1 1 1 
7 1     1 1             1   
1 1     1               1   
1 1 1 1 1           1 1 1   
1 1 1     1 1 1     1 9 1   
          7 1       1 1 1   

===============================
DOWN -- 1 12 1 13 LYING_ROW 0
========= CURRENT MAP =========

                    1 1 1 1 
      1 1 1 1 1 1 1 1 7 * * 
  1 1 1 1 7 1       1 1 1 1 
7 1     1 1             1   
1 1     1               1   
1 1 1 1 1           1 1 1   
1 1 1     1 1 1     1 9 1   
          7 1       1 1 1   

===============================
LEFT -- 1 11 1 11 STANDING 0
========= CURRENT MAP =========

                    1 1 1 1 
      1 1 1 1 1 1 1 1 * 1 8 
  1 1 1 1 7 1       1 1 1 1 
7 1     1 1             1   
1 1     1               1   
1 1 1 1 1           1 1 1   
1 1 1     1 1 1     1 9 1   
          7 1       1 1 1   

===============================
LEFT -- 1 9 1 10 LYING_ROW 0
========= CURRENT MAP =========

                    1 1 1 1 
      1 1 1 1 1 1 * * 7 1 8 
  1 1 1 1 7 1       1 1 1 1 
7 1     1 1             1   
1 1     1               1   
1 1 1 1 1           1 1 1   
1 1 1     1 1 1     1 9 1   
          7 1       1 1 1   

===============================
LEFT -- 1 8 1 8 STANDING 0
========= CURRENT MAP =========

                    1 1 1 1 
      1 1 1 1 1 * 1 1 7 1 8 
  1 1 1 1 7 1       1 1 1 1 
7 1     1 1             1   
1 1     1               1   
1 1 1 1 1           1 1 1   
1 1 1     1 1 1     1 9 1   
          7 1       1 1 1   

===============================
LEFT -- 1 6 1 7 LYING_ROW 0
========= CURRENT MAP =========

                    1 1 1 1 
      1 1 1 * * 1 1 1 7 1 8 
  1 1 1 1 7 1       1 1 1 1 
7 1     1 1             1   
1 1     1               1   
1 1 1 1 1           1 1 1   
1 1 1     1 1 1     1 9 1   
          7 1       1 1 1   

===============================
LEFT -- 1 5 1 5 STANDING 0
========= CURRENT MAP =========

                    1 1 1 1 
      1 1 * 1 1 1 1 1 7 1 8 
  1 1 1 1 7 1       1 1 1 1 
7 1     1 1             1   
1 1     1               1   
1 1 1 1 1           1 1 1   
1 1 1     1 1 1     1 9 1   
          7 1       1 1 1   

===============================
LEFT -- 1 3 1 4 LYING_ROW 0
========= CURRENT MAP =========

                    1 1 1 1 
      * * 1 1 1 1 1 1 7 1 8 
  1 1 1 1 7 1       1 1 1 1 
7 1     1 1             1   
1 1     1               1   
1 1 1 1 1           1 1 1   
1 1 1     1 1 1     1 9 1   
          7 1       1 1 1   

===============================
DOWN -- 2 3 2 4 LYING_ROW 0
========= CURRENT MAP =========

                    1 1 1 1 
      1 1 1 1 1 1 1 1 7 1 8 
  1 1 * * 7 1       1 1 1 1 
7 1     1 1             1   
1 1     1               1   
1 1 1 1 1           1 1 1   
1 1 1     1 1 1     1 9 1   
          7 1       1 1 1   

===============================
RIGHT -- 2 5 2 5 STANDING 0
========= CURRENT MAP =========

                    1 1 1 1 
      1 1 1 1 1 1 1 1 7 1 8 
  1 1 1 1 * 1       1 1 1 1 
7 1     1 1             1   
1 1     1               1   
1 1 1 1 1           1 1 1   
1 1 1     1 1 1     1 9 1   
          7 1 1     1 1 1   

===============================
LEFT -- 2 3 2 4 LYING_ROW 0
========= CURRENT MAP =========

                    1 1 1 1 
      1 1 1 1 1 1 1 1 7 1 8 
  1 1 * * 7 1       1 1 1 1 
7 1     1 1             1   
1 1     1               1   
1 1 1 1 1           1 1 1   
1 1 1     1 1 1     1 9 1   
          7 1 1     1 1 1   

===============================
UP -- 1 3 1 4 LYING_ROW 0
========= CURRENT MAP =========

                    1 1 1 1 
      * * 1 1 1 1 1 1 7 1 8 
  1 1 1 1 7 1       1 1 1 1 
7 1     1 1             1   
1 1     1               1   
1 1 1 1 1           1 1 1   
1 1 1     1 1 1     1 9 1   
          7 1 1     1 1 1   

===============================
RIGHT -- 1 5 1 5 STANDING 0
========= CURRENT MAP =========

                    1 1 1 1 
      1 1 * 1 1 1 1 1 7 1 8 
  1 1 1 1 7 1       1 1 1 1 
7 1     1 1             1   
1 1     1               1   
1 1 1 1 1           1 1 1   
1 1 1     1 1 1     1 9 1   
          7 1 1     1 1 1   

===============================
DOWN -- 2 5 3 5 LYING_COL 0
========= CURRENT MAP =========

                    1 1 1 1 
      1 1 1 1 1 1 1 1 7 1 8 
  1 1 1 1 * 1       1 1 1 1 
7 1     1 *             1   
1 1     1               1   
1 1 1 1 1           1 1 1   
1 1 1     1 1 1     1 9 1   
          7 1 1     1 1 1   

===============================
LEFT -- 2 4 3 4 LYING_COL 0
========= CURRENT MAP =========

                    1 1 1 1 
      1 1 1 1 1 1 1 1 7 1 8 
  1 1 1 * 7 1       1 1 1 1 
7 1     * 1             1   
1 1     1               1   
1 1 1 1 1           1 1 1   
1 1 1     1 1 1     1 9 1   
          7 1 1     1 1 1   

===============================
UP -- 1 4 1 4 STANDING 0
========= CURRENT MAP =========

                    1 1 1 1 
      1 * 1 1 1 1 1 1 7 1 8 
  1 1 1 1 7 1       1 1 1 1 
7 1     1 1             1   
1 1     1               1   
1 1 1 1 1           1 1 1   
1 1 1     1 1 1     1 9 1   
          7 1 1     1 1 1   

===============================
RIGHT -- 1 5 1 6 LYING_ROW 0
========= CURRENT MAP =========

                    1 1 1 1 
      1 1 * * 1 1 1 1 7 1 8 
  1 1 1 1 7 1       1 1 1 1 
7 1     1 1             1   
1 1     1               1   
1 1 1 1 1           1 1 1   
1 1 1     1 1 1     1 9 1   
          7 1 1     1 1 1   

===============================
RIGHT -- 1 7 1 7 STANDING 0
========= CURRENT MAP =========

                    1 1 1 1 
      1 1 1 1 * 1 1 1 7 1 8 
  1 1 1 1 7 1       1 1 1 1 
7 1     1 1             1   
1 1     1               1   
1 1 1 1 1           1 1 1   
1 1 1     1 1 1     1 9 1   
          7 1 1     1 1 1   

===============================
RIGHT -- 1 8 1 9 LYING_ROW 0
========= CURRENT MAP =========

                    1 1 1 1 
      1 1 1 1 1 * * 1 7 1 8 
  1 1 1 1 7 1       1 1 1 1 
7 1     1 1             1   
1 1     1               1   
1 1 1 1 1           1 1 1   
1 1 1     1 1 1     1 9 1   
          7 1 1     1 1 1   

===============================
RIGHT -- 1 10 1 10 STANDING 0
========= CURRENT MAP =========

                    1 1 1 1 
      1 1 1 1 1 1 1 * 7 1 8 
  1 1 1 1 7 1       1 1 1 1 
7 1     1 1             1   
1 1     1               1   
1 1 1 1 1           1 1 1   
1 1 1     1 1 1     1 9 1   
          7 1 1     1 1 1   

===============================
RIGHT -- 1 11 1 12 LYING_ROW 0
========= CURRENT MAP =========

                    1 1 1 1 
      1 1 1 1 1 1 1 1 * * 8 
  1 1 1 1 7 1       1 1 1 1 
7 1     1 1             1   
1 1     1               1   
1 1 1 1 1           1 1 1   
1 1 1     1 1 1     1 9 1   
          7 1 1     1 1 1   

===============================
RIGHT, WAIT -- 6 5 6 7 SPLIT 1
========= CURRENT MAP =========

                    1 1 1 1 
      1 1 1 1 1 1 1 1 7 1 8 
  1 1 1 1 7 1       1 1 1 1 
7 1     1 1             1   
1 1     1               1   
1 1 1 1 1           1 1 1   
1 1 1     * 1 *     1 9 1   
          7 1 1     1 1 1   

===============================
SPACE, DOWN -- 6 5 7 7 SPLIT 2
========= CURRENT MAP =========

                    1 1 1 1 
      1 1 1 1 1 1 1 1 7 1 8 
  1 1 1 1 7 1       1 1 1 1 
7 1     1 1             1   
1 1     1               1   
1 1 1 1 1           1 1 1   
1 1 1     * 1 1     1 9 1   
          7 1 *     1 1 1   

===============================
SPACE, DOWN -- 7 5 7 7 SPLIT 1
========= CURRENT MAP =========

                    1 1 1 1 
      1 1 1 1 1 1 1 1 7 1 8 
  1 1 1 1 7 1       1 1 1 1 
7 1     1 1             1   
1 1     1               1   
1 1 1 1 1           1 1 1   
1 1 1     1 1 1     1 9 1   
          * 1 *     1 1 1   

===============================
SPACE, UP -- 7 5 6 7 SPLIT 2
========= CURRENT MAP =========

                    1 1 1 1 
      1 1 1 1 1 1 1 1 7 1 8 
  1 1 1 1 7 1       1 1 1 1 
7 1     1 1             1   
1 1     1               1   
1 1 1 1 1           1 1 1   
1 1 1     1 1 *     1 9 1   
          * 1 1     1 1 1   

===============================
SPACE, RIGHT -- 7 6 6 7 SPLIT 1
========= CURRENT MAP =========

                    1 1 1 1 
      1 1 1 1 1 1 1 1 7 1 8 
  1 1 1 1 7 1       1 1 1 1 
7 1     1 1             1   
1 1     1               1   
1 1 1 1 1           1 1 1   
1 1 1     1 1 *     1 9 1   
          7 * 1     1 1 1   

===============================
SPACE, DOWN -- 7 6 7 7 LYING_ROW 2
========= CURRENT MAP =========

                    1 1 1 1 
      1 1 1 1 1 1 1 1 7 1 8 
  1 1 1 1 7 1       1 1 1 1 
7 1     1 1             1   
1 1     1               1   
1 1 1 1 1           1 1 1   
1 1 1     1 1 1     1 9 1   
          7 * *     1 1 1   

===============================
LEFT -- 7 5 7 5 STANDING 0
========= CURRENT MAP =========

                    1 1 1 1 
      1 1 1 1 1 1 1 1 7 1 8 
  1 1 1 1 7 1       1 1 1 1 
7 1     1 1             1   
1 1     1               1   
1 1 1 1 1           1 1 1   
1 1 1     1 1 1 1 1 1 9 1   
          * 1 1     1 1 1   

===============================
RIGHT -- 7 6 7 7 LYING_ROW 0
========= CURRENT MAP =========

                    1 1 1 1 
      1 1 1 1 1 1 1 1 7 1 8 
  1 1 1 1 7 1       1 1 1 1 
7 1     1 1             1   
1 1     1               1   
1 1 1 1 1           1 1 1   
1 1 1     1 1 1 1 1 1 9 1   
          7 * *     1 1 1   

===============================
UP -- 6 6 6 7 LYING_ROW 0
========= CURRENT MAP =========

                    1 1 1 1 
      1 1 1 1 1 1 1 1 7 1 8 
  1 1 1 1 7 1       1 1 1 1 
7 1     1 1             1   
1 1     1               1   
1 1 1 1 1           1 1 1   
1 1 1     1 * * 1 1 1 9 1   
          7 1 1     1 1 1   

===============================
RIGHT -- 6 8 6 8 STANDING 0
========= CURRENT MAP =========

                    1 1 1 1 
      1 1 1 1 1 1 1 1 7 1 8 
  1 1 1 1 7 1       1 1 1 1 
7 1     1 1             1   
1 1     1               1   
1 1 1 1 1           1 1 1   
1 1 1     1 1 1 * 1 1 9 1   
          7 1 1     1 1 1   

===============================
RIGHT -- 6 9 6 10 LYING_ROW 0
========= CURRENT MAP =========

                    1 1 1 1 
      1 1 1 1 1 1 1 1 7 1 8 
  1 1 1 1 7 1       1 1 1 1 
7 1     1 1             1   
1 1     1               1   
1 1 1 1 1           1 1 1   
1 1 1     1 1 1 1 * * 9 1   
          7 1 1     1 1 1   

===============================
RIGHT -- 6 11 6 11 STANDING 0
========= CURRENT MAP =========

                    1 1 1 1 
      1 1 1 1 1 1 1 1 7 1 8 
  1 1 1 1 7 1       1 1 1 1 
7 1     1 1             1   
1 1     1               1   
1 1 1 1 1           1 1 1   
1 1 1     1 1 1 1 1 1 * 1   
          7 1 1     1 1 1   

===============================

=========== STAT 24 ============
STATUS: SUCCESS
PROCESS TIME: 0:00:00.086973
PROCESS MEMORY: 933888
REAL STEP: 179
VIRTUAL STEP: 1545
===============================

PRESS KEY: DDRRUURURRRRDRULDDDDLLURDDLURRDLURUUURULLDRURDLRDLURDDDDLLURDDLURRDLURUUURULDLLLLDLDDLLULDRDLUUDDRULURDRRUURURRRRDRULDDDDLLURDDLURRDLURUUURULLDRURDLLLLLLDRLURDLURRRRRRw-D-D-U-R-DLRURRR

