START -- 4 1 4 1 STANDING 0
========= CURRENT MAP =========

            1 1 1 1     1 1 1 
1 1 1 1     1 1 6 1     1 9 1 
1 1 3 1     1 1 1 1     1 1 1 
1 1 1 1     1 1 1 1     1 1 1 
1 * 1 1     1 1 1 1     1 1 1 
1 1 1 1     1 1 1 1           

===============================
UP -- 2 1 3 1 LYING_COL 0
========= CURRENT MAP =========

            1 1 1 1     1 1 1 
1 1 1 1     1 1 6 1     1 9 1 
1 * 3 1     1 1 1 1     1 1 1 
1 * 1 1     1 1 1 1     1 1 1 
1 1 1 1     1 1 1 1     1 1 1 
1 1 1 1     1 1 1 1           

===============================
UP -- 1 1 1 1 STANDING 0
========= CURRENT MAP =========

            1 1 1 1     1 1 1 
1 * 1 1     1 1 6 1     1 9 1 
1 1 3 1     1 1 1 1     1 1 1 
1 1 1 1     1 1 1 1     1 1 1 
1 1 1 1     1 1 1 1     1 1 1 
1 1 1 1     1 1 1 1           

===============================
RIGHT -- 1 2 1 3 LYING_ROW 0
========= CURRENT MAP =========

            1 1 1 1     1 1 1 
1 1 * *     1 1 6 1     1 9 1 
1 1 3 1     1 1 1 1     1 1 1 
1 1 1 1     1 1 1 1     1 1 1 
1 1 1 1     1 1 1 1     1 1 1 
1 1 1 1     1 1 1 1           

===============================
DOWN -- 2 2 2 3 LYING_ROW 0
========= CURRENT MAP =========

            1 1 1 1     1 1 1 
1 1 1 1     1 1 6 1     1 9 1 
1 1 * *     1 1 1 1     1 1 1 
1 1 1 1     1 1 1 1     1 1 1 
1 1 1 1 1 1 1 1 1 1     1 1 1 
1 1 1 1     1 1 1 1           

===============================
DOWN -- 3 2 3 3 LYING_ROW 0
========= CURRENT MAP =========

            1 1 1 1     1 1 1 
1 1 1 1     1 1 6 1     1 9 1 
1 1 3 1     1 1 1 1     1 1 1 
1 1 * *     1 1 1 1     1 1 1 
1 1 1 1 1 1 1 1 1 1     1 1 1 
1 1 1 1     1 1 1 1           

===============================
DOWN -- 4 2 4 3 LYING_ROW 0
========= CURRENT MAP =========

            1 1 1 1     1 1 1 
1 1 1 1     1 1 6 1     1 9 1 
1 1 3 1     1 1 1 1     1 1 1 
1 1 1 1     1 1 1 1     1 1 1 
1 1 * * 1 1 1 1 1 1     1 1 1 
1 1 1 1     1 1 1 1           

===============================
DOWN -- 5 2 5 3 LYING_ROW 0
========= CURRENT MAP =========

            1 1 1 1     1 1 1 
1 1 1 1     1 1 6 1     1 9 1 
1 1 3 1     1 1 1 1     1 1 1 
1 1 1 1     1 1 1 1     1 1 1 
1 1 1 1 1 1 1 1 1 1     1 1 1 
1 1 * *     1 1 1 1           

===============================
LEFT -- 5 1 5 1 STANDING 0
========= CURRENT MAP =========

            1 1 1 1     1 1 1 
1 1 1 1     1 1 6 1     1 9 1 
1 1 3 1     1 1 1 1     1 1 1 
1 1 1 1     1 1 1 1     1 1 1 
1 1 1 1 1 1 1 1 1 1     1 1 1 
1 * 1 1     1 1 1 1           

===============================
UP -- 3 1 4 1 LYING_COL 0
========= CURRENT MAP =========

            1 1 1 1     1 1 1 
1 1 1 1     1 1 6 1     1 9 1 
1 1 3 1     1 1 1 1     1 1 1 
1 * 1 1     1 1 1 1     1 1 1 
1 * 1 1 1 1 1 1 1 1     1 1 1 
1 1 1 1     1 1 1 1           

===============================
UP -- 2 1 2 1 STANDING 0
========= CURRENT MAP =========

            1 1 1 1     1 1 1 
1 1 1 1     1 1 6 1     1 9 1 
1 * 3 1     1 1 1 1     1 1 1 
1 1 1 1     1 1 1 1     1 1 1 
1 1 1 1 1 1 1 1 1 1     1 1 1 
1 1 1 1     1 1 1 1           

===============================
RIGHT -- 2 2 2 3 LYING_ROW 0
========= CURRENT MAP =========

            1 1 1 1     1 1 1 
1 1 1 1     1 1 6 1     1 9 1 
1 1 * *     1 1 1 1     1 1 1 
1 1 1 1     1 1 1 1     1 1 1 
1 1 1 1     1 1 1 1     1 1 1 
1 1 1 1     1 1 1 1           

===============================
DOWN -- 3 2 3 3 LYING_ROW 0
========= CURRENT MAP =========

            1 1 1 1     1 1 1 
1 1 1 1     1 1 6 1     1 9 1 
1 1 3 1     1 1 1 1     1 1 1 
1 1 * *     1 1 1 1     1 1 1 
1 1 1 1     1 1 1 1     1 1 1 
1 1 1 1     1 1 1 1           

===============================
DOWN -- 4 2 4 3 LYING_ROW 0
========= CURRENT MAP =========

            1 1 1 1     1 1 1 
1 1 1 1     1 1 6 1     1 9 1 
1 1 3 1     1 1 1 1     1 1 1 
1 1 1 1     1 1 1 1     1 1 1 
1 1 * *     1 1 1 1     1 1 1 
1 1 1 1     1 1 1 1           

===============================
DOWN -- 5 2 5 3 LYING_ROW 0
========= CURRENT MAP =========

            1 1 1 1     1 1 1 
1 1 1 1     1 1 6 1     1 9 1 
1 1 3 1     1 1 1 1     1 1 1 
1 1 1 1     1 1 1 1     1 1 1 
1 1 1 1     1 1 1 1     1 1 1 
1 1 * *     1 1 1 1           

===============================
LEFT -- 5 1 5 1 STANDING 0
========= CURRENT MAP =========

            1 1 1 1     1 1 1 
1 1 1 1     1 1 6 1     1 9 1 
1 1 3 1     1 1 1 1     1 1 1 
1 1 1 1     1 1 1 1     1 1 1 
1 1 1 1     1 1 1 1     1 1 1 
1 * 1 1     1 1 1 1           

===============================
UP -- 3 1 4 1 LYING_COL 0
========= CURRENT MAP =========

            1 1 1 1     1 1 1 
1 1 1 1     1 1 6 1     1 9 1 
1 1 3 1     1 1 1 1     1 1 1 
1 * 1 1     1 1 1 1     1 1 1 
1 * 1 1     1 1 1 1     1 1 1 
1 1 1 1     1 1 1 1           

===============================
RIGHT -- 3 2 4 2 LYING_COL 0
========= CURRENT MAP =========

            1 1 1 1     1 1 1 
1 1 1 1     1 1 6 1     1 9 1 
1 1 3 1     1 1 1 1     1 1 1 
1 1 * 1     1 1 1 1     1 1 1 
1 1 * 1     1 1 1 1     1 1 1 
1 1 1 1     1 1 1 1           

===============================
DOWN -- 5 2 5 2 STANDING 0
========= CURRENT MAP =========

            1 1 1 1     1 1 1 
1 1 1 1     1 1 6 1     1 9 1 
1 1 3 1     1 1 1 1     1 1 1 
1 1 1 1     1 1 1 1     1 1 1 
1 1 1 1     1 1 1 1     1 1 1 
1 1 * 1     1 1 1 1           

===============================
LEFT -- 5 0 5 1 LYING_ROW 0
========= CURRENT MAP =========

            1 1 1 1     1 1 1 
1 1 1 1     1 1 6 1     1 9 1 
1 1 3 1     1 1 1 1     1 1 1 
1 1 1 1     1 1 1 1     1 1 1 
1 1 1 1     1 1 1 1     1 1 1 
* * 1 1     1 1 1 1           

===============================
UP -- 4 0 4 1 LYING_ROW 0
========= CURRENT MAP =========

            1 1 1 1     1 1 1 
1 1 1 1     1 1 6 1     1 9 1 
1 1 3 1     1 1 1 1     1 1 1 
1 1 1 1     1 1 1 1     1 1 1 
* * 1 1     1 1 1 1     1 1 1 
1 1 1 1     1 1 1 1           

===============================
UP -- 3 0 3 1 LYING_ROW 0
========= CURRENT MAP =========

            1 1 1 1     1 1 1 
1 1 1 1     1 1 6 1     1 9 1 
1 1 3 1     1 1 1 1     1 1 1 
* * 1 1     1 1 1 1     1 1 1 
1 1 1 1     1 1 1 1     1 1 1 
1 1 1 1     1 1 1 1           

===============================
UP -- 2 0 2 1 LYING_ROW 0
========= CURRENT MAP =========

            1 1 1 1     1 1 1 
1 1 1 1     1 1 6 1     1 9 1 
* * 3 1     1 1 1 1     1 1 1 
1 1 1 1     1 1 1 1     1 1 1 
1 1 1 1     1 1 1 1     1 1 1 
1 1 1 1     1 1 1 1           

===============================
UP -- 1 0 1 1 LYING_ROW 0
========= CURRENT MAP =========

            1 1 1 1     1 1 1 
* * 1 1     1 1 6 1     1 9 1 
1 1 3 1     1 1 1 1     1 1 1 
1 1 1 1     1 1 1 1     1 1 1 
1 1 1 1     1 1 1 1     1 1 1 
1 1 1 1     1 1 1 1           

===============================
RIGHT -- 1 2 1 2 STANDING 0
========= CURRENT MAP =========

            1 1 1 1     1 1 1 
1 1 * 1     1 1 6 1     1 9 1 
1 1 3 1     1 1 1 1     1 1 1 
1 1 1 1     1 1 1 1     1 1 1 
1 1 1 1     1 1 1 1     1 1 1 
1 1 1 1     1 1 1 1           

===============================
DOWN -- 2 2 3 2 LYING_COL 0
========= CURRENT MAP =========

            1 1 1 1     1 1 1 
1 1 1 1     1 1 6 1     1 9 1 
1 1 * 1     1 1 1 1     1 1 1 
1 1 * 1     1 1 1 1     1 1 1 
1 1 1 1 1 1 1 1 1 1     1 1 1 
1 1 1 1     1 1 1 1           

===============================
DOWN -- 4 2 4 2 STANDING 0
========= CURRENT MAP =========

            1 1 1 1     1 1 1 
1 1 1 1     1 1 6 1     1 9 1 
1 1 3 1     1 1 1 1     1 1 1 
1 1 1 1     1 1 1 1     1 1 1 
1 1 * 1 1 1 1 1 1 1     1 1 1 
1 1 1 1     1 1 1 1           

===============================
UP -- 2 2 3 2 LYING_COL 0
========= CURRENT MAP =========

            1 1 1 1     1 1 1 
1 1 1 1     1 1 6 1     1 9 1 
1 1 * 1     1 1 1 1     1 1 1 
1 1 * 1     1 1 1 1     1 1 1 
1 1 1 1     1 1 1 1     1 1 1 
1 1 1 1     1 1 1 1           

===============================
RIGHT -- 2 3 3 3 LYING_COL 0
========= CURRENT MAP =========

            1 1 1 1     1 1 1 
1 1 1 1     1 1 6 1     1 9 1 
1 1 3 *     1 1 1 1     1 1 1 
1 1 1 *     1 1 1 1     1 1 1 
1 1 1 1     1 1 1 1     1 1 1 
1 1 1 1     1 1 1 1           

===============================
DOWN -- 4 3 4 3 STANDING 0
========= CURRENT MAP =========

            1 1 1 1     1 1 1 
1 1 1 1     1 1 6 1     1 9 1 
1 1 3 1     1 1 1 1     1 1 1 
1 1 1 1     1 1 1 1     1 1 1 
1 1 1 *     1 1 1 1     1 1 1 
1 1 1 1     1 1 1 1           

===============================
LEFT -- 4 1 4 2 LYING_ROW 0
========= CURRENT MAP =========

            1 1 1 1     1 1 1 
1 1 1 1     1 1 6 1     1 9 1 
1 1 3 1     1 1 1 1     1 1 1 
1 1 1 1     1 1 1 1     1 1 1 
1 * * 1     1 1 1 1     1 1 1 
1 1 1 1     1 1 1 1           

===============================
DOWN -- 5 1 5 2 LYING_ROW 0
========= CURRENT MAP =========

            1 1 1 1     1 1 1 
1 1 1 1     1 1 6 1     1 9 1 
1 1 3 1     1 1 1 1     1 1 1 
1 1 1 1     1 1 1 1     1 1 1 
1 1 1 1     1 1 1 1     1 1 1 
1 * * 1     1 1 1 1           

===============================
RIGHT -- 5 3 5 3 STANDING 0
========= CURRENT MAP =========

            1 1 1 1     1 1 1 
1 1 1 1     1 1 6 1     1 9 1 
1 1 3 1     1 1 1 1     1 1 1 
1 1 1 1     1 1 1 1     1 1 1 
1 1 1 1     1 1 1 1     1 1 1 
1 1 1 *     1 1 1 1           

===============================
UP -- 3 3 4 3 LYING_COL 0
========= CURRENT MAP =========

            1 1 1 1     1 1 1 
1 1 1 1     1 1 6 1     1 9 1 
1 1 3 1     1 1 1 1     1 1 1 
1 1 1 *     1 1 1 1     1 1 1 
1 1 1 *     1 1 1 1     1 1 1 
1 1 1 1     1 1 1 1           

===============================
UP -- 2 3 2 3 STANDING 0
========= CURRENT MAP =========

            1 1 1 1     1 1 1 
1 1 1 1     1 1 6 1     1 9 1 
1 1 3 *     1 1 1 1     1 1 1 
1 1 1 1     1 1 1 1     1 1 1 
1 1 1 1     1 1 1 1     1 1 1 
1 1 1 1     1 1 1 1           

===============================
LEFT -- 2 1 2 2 LYING_ROW 0
========= CURRENT MAP =========

            1 1 1 1     1 1 1 
1 1 1 1     1 1 6 1     1 9 1 
1 * * 1     1 1 1 1     1 1 1 
1 1 1 1     1 1 1 1     1 1 1 
1 1 1 1 1 1 1 1 1 1     1 1 1 
1 1 1 1     1 1 1 1           

===============================
DOWN -- 3 1 3 2 LYING_ROW 0
========= CURRENT MAP =========

            1 1 1 1     1 1 1 
1 1 1 1     1 1 6 1     1 9 1 
1 1 3 1     1 1 1 1     1 1 1 
1 * * 1     1 1 1 1     1 1 1 
1 1 1 1 1 1 1 1 1 1     1 1 1 
1 1 1 1     1 1 1 1           

===============================
DOWN -- 4 1 4 2 LYING_ROW 0
========= CURRENT MAP =========

            1 1 1 1     1 1 1 
1 1 1 1     1 1 6 1     1 9 1 
1 1 3 1     1 1 1 1     1 1 1 
1 1 1 1     1 1 1 1     1 1 1 
1 * * 1 1 1 1 1 1 1     1 1 1 
1 1 1 1     1 1 1 1           

===============================
RIGHT -- 4 3 4 3 STANDING 0
========= CURRENT MAP =========

            1 1 1 1     1 1 1 
1 1 1 1     1 1 6 1     1 9 1 
1 1 3 1     1 1 1 1     1 1 1 
1 1 1 1     1 1 1 1     1 1 1 
1 1 1 * 1 1 1 1 1 1     1 1 1 
1 1 1 1     1 1 1 1           

===============================
RIGHT -- 4 4 4 5 LYING_ROW 0
========= CURRENT MAP =========

            1 1 1 1     1 1 1 
1 1 1 1     1 1 6 1     1 9 1 
1 1 3 1     1 1 1 1     1 1 1 
1 1 1 1     1 1 1 1     1 1 1 
1 1 1 1 * * 1 1 1 1     1 1 1 
1 1 1 1     1 1 1 1           

===============================
RIGHT -- 4 6 4 6 STANDING 0
========= CURRENT MAP =========

            1 1 1 1     1 1 1 
1 1 1 1     1 1 6 1     1 9 1 
1 1 3 1     1 1 1 1     1 1 1 
1 1 1 1     1 1 1 1     1 1 1 
1 1 1 1 1 1 * 1 1 1     1 1 1 
1 1 1 1     1 1 1 1           

===============================
UP -- 2 6 3 6 LYING_COL 0
========= CURRENT MAP =========

            1 1 1 1     1 1 1 
1 1 1 1     1 1 6 1     1 9 1 
1 1 3 1     * 1 1 1     1 1 1 
1 1 1 1     * 1 1 1     1 1 1 
1 1 1 1 1 1 1 1 1 1     1 1 1 
1 1 1 1     1 1 1 1           

===============================
UP -- 1 6 1 6 STANDING 0
========= CURRENT MAP =========

            1 1 1 1     1 1 1 
1 1 1 1     * 1 6 1     1 9 1 
1 1 3 1     1 1 1 1     1 1 1 
1 1 1 1     1 1 1 1     1 1 1 
1 1 1 1 1 1 1 1 1 1     1 1 1 
1 1 1 1     1 1 1 1           

===============================
RIGHT -- 1 7 1 8 LYING_ROW 0
========= CURRENT MAP =========

            1 1 1 1     1 1 1 
1 1 1 1     1 * * 1     1 9 1 
1 1 3 1     1 1 1 1     1 1 1 
1 1 1 1     1 1 1 1     1 1 1 
1 1 1 1 1 1 1 1 1 1     1 1 1 
1 1 1 1     1 1 1 1           

===============================
DOWN -- 2 7 2 8 LYING_ROW 0
========= CURRENT MAP =========

            1 1 1 1     1 1 1 
1 1 1 1     1 1 6 1     1 9 1 
1 1 3 1     1 * * 1     1 1 1 
1 1 1 1     1 1 1 1     1 1 1 
1 1 1 1 1 1 1 1 1 1     1 1 1 
1 1 1 1     1 1 1 1           

===============================
DOWN -- 3 7 3 8 LYING_ROW 0
========= CURRENT MAP =========

            1 1 1 1     1 1 1 
1 1 1 1     1 1 6 1     1 9 1 
1 1 3 1     1 1 1 1     1 1 1 
1 1 1 1     1 * * 1     1 1 1 
1 1 1 1 1 1 1 1 1 1     1 1 1 
1 1 1 1     1 1 1 1           

===============================
DOWN -- 4 7 4 8 LYING_ROW 0
========= CURRENT MAP =========

            1 1 1 1     1 1 1 
1 1 1 1     1 1 6 1     1 9 1 
1 1 3 1     1 1 1 1     1 1 1 
1 1 1 1     1 1 1 1     1 1 1 
1 1 1 1 1 1 1 * * 1     1 1 1 
1 1 1 1     1 1 1 1           

===============================
DOWN -- 5 7 5 8 LYING_ROW 0
========= CURRENT MAP =========

            1 1 1 1     1 1 1 
1 1 1 1     1 1 6 1     1 9 1 
1 1 3 1     1 1 1 1     1 1 1 
1 1 1 1     1 1 1 1     1 1 1 
1 1 1 1 1 1 1 1 1 1     1 1 1 
1 1 1 1     1 * * 1           

===============================
RIGHT -- 5 9 5 9 STANDING 0
========= CURRENT MAP =========

            1 1 1 1     1 1 1 
1 1 1 1     1 1 6 1     1 9 1 
1 1 3 1     1 1 1 1     1 1 1 
1 1 1 1     1 1 1 1     1 1 1 
1 1 1 1 1 1 1 1 1 1     1 1 1 
1 1 1 1     1 1 1 *           

===============================
UP -- 3 9 4 9 LYING_COL 0
========= CURRENT MAP =========

            1 1 1 1     1 1 1 
1 1 1 1     1 1 6 1     1 9 1 
1 1 3 1     1 1 1 1     1 1 1 
1 1 1 1     1 1 1 *     1 1 1 
1 1 1 1 1 1 1 1 1 *     1 1 1 
1 1 1 1     1 1 1 1           

===============================
UP -- 2 9 2 9 STANDING 0
========= CURRENT MAP =========

            1 1 1 1     1 1 1 
1 1 1 1     1 1 6 1     1 9 1 
1 1 3 1     1 1 1 *     1 1 1 
1 1 1 1     1 1 1 1     1 1 1 
1 1 1 1 1 1 1 1 1 1     1 1 1 
1 1 1 1     1 1 1 1           

===============================
UP -- 0 9 1 9 LYING_COL 0
========= CURRENT MAP =========

            1 1 1 *     1 1 1 
1 1 1 1     1 1 6 *     1 9 1 
1 1 3 1     1 1 1 1     1 1 1 
1 1 1 1     1 1 1 1     1 1 1 
1 1 1 1 1 1 1 1 1 1     1 1 1 
1 1 1 1     1 1 1 1           

===============================
LEFT -- 0 8 1 8 LYING_COL 0
========= CURRENT MAP =========

            1 1 * 1     1 1 1 
1 1 1 1     1 1 * 1     1 9 1 
1 1 3 1     1 1 1 1     1 1 1 
1 1 1 1     1 1 1 1     1 1 1 
1 1 1 1 1 1 1 1 1 1     1 1 1 
1 1 1 1     1 1 1 1           

===============================
DOWN -- 2 8 2 8 STANDING 0
========= CURRENT MAP =========

            1 1 1 1     1 1 1 
1 1 1 1     1 1 6 1     1 9 1 
1 1 3 1     1 1 * 1     1 1 1 
1 1 1 1     1 1 1 1     1 1 1 
1 1 1 1 1 1 1 1 1 1     1 1 1 
1 1 1 1     1 1 1 1           

===============================
DOWN -- 3 8 4 8 LYING_COL 0
========= CURRENT MAP =========

            1 1 1 1     1 1 1 
1 1 1 1     1 1 6 1     1 9 1 
1 1 3 1     1 1 1 1     1 1 1 
1 1 1 1     1 1 * 1     1 1 1 
1 1 1 1 1 1 1 1 * 1     1 1 1 
1 1 1 1     1 1 1 1           

===============================
DOWN -- 5 8 5 8 STANDING 0
========= CURRENT MAP =========

            1 1 1 1     1 1 1 
1 1 1 1     1 1 6 1     1 9 1 
1 1 3 1     1 1 1 1     1 1 1 
1 1 1 1     1 1 1 1     1 1 1 
1 1 1 1 1 1 1 1 1 1     1 1 1 
1 1 1 1     1 1 * 1           

===============================
LEFT -- 5 6 5 7 LYING_ROW 0
========= CURRENT MAP =========

            1 1 1 1     1 1 1 
1 1 1 1     1 1 6 1     1 9 1 
1 1 3 1     1 1 1 1     1 1 1 
1 1 1 1     1 1 1 1     1 1 1 
1 1 1 1 1 1 1 1 1 1     1 1 1 
1 1 1 1     * * 1 1           

===============================
UP -- 4 6 4 7 LYING_ROW 0
========= CURRENT MAP =========

            1 1 1 1     1 1 1 
1 1 1 1     1 1 6 1     1 9 1 
1 1 3 1     1 1 1 1     1 1 1 
1 1 1 1     1 1 1 1     1 1 1 
1 1 1 1 1 1 * * 1 1     1 1 1 
1 1 1 1     1 1 1 1           

===============================
UP -- 3 6 3 7 LYING_ROW 0
========= CURRENT MAP =========

            1 1 1 1     1 1 1 
1 1 1 1     1 1 6 1     1 9 1 
1 1 3 1     1 1 1 1     1 1 1 
1 1 1 1     * * 1 1     1 1 1 
1 1 1 1 1 1 1 1 1 1     1 1 1 
1 1 1 1     1 1 1 1           

===============================
UP -- 2 6 2 7 LYING_ROW 0
========= CURRENT MAP =========

            1 1 1 1     1 1 1 
1 1 1 1     1 1 6 1     1 9 1 
1 1 3 1     * * 1 1     1 1 1 
1 1 1 1     1 1 1 1     1 1 1 
1 1 1 1 1 1 1 1 1 1     1 1 1 
1 1 1 1     1 1 1 1           

===============================
UP -- 1 6 1 7 LYING_ROW 0
========= CURRENT MAP =========

            1 1 1 1     1 1 1 
1 1 1 1     * * 6 1     1 9 1 
1 1 3 1     1 1 1 1     1 1 1 
1 1 1 1     1 1 1 1     1 1 1 
1 1 1 1 1 1 1 1 1 1     1 1 1 
1 1 1 1     1 1 1 1           

===============================
UP -- 0 6 0 7 LYING_ROW 0
========= CURRENT MAP =========

            * * 1 1     1 1 1 
1 1 1 1     1 1 6 1     1 9 1 
1 1 3 1     1 1 1 1     1 1 1 
1 1 1 1     1 1 1 1     1 1 1 
1 1 1 1 1 1 1 1 1 1     1 1 1 
1 1 1 1     1 1 1 1           

===============================
RIGHT -- 0 8 0 8 STANDING 0
========= CURRENT MAP =========

            1 1 * 1     1 1 1 
1 1 1 1     1 1 6 1     1 9 1 
1 1 3 1     1 1 1 1     1 1 1 
1 1 1 1     1 1 1 1     1 1 1 
1 1 1 1 1 1 1 1 1 1     1 1 1 
1 1 1 1     1 1 1 1           

===============================
DOWN -- 1 8 2 8 LYING_COL 0
========= CURRENT MAP =========

            1 1 1 1     1 1 1 
1 1 1 1     1 1 * 1     1 9 1 
1 1 3 1     1 1 * 1     1 1 1 
1 1 1 1     1 1 1 1     1 1 1 
1 1 1 1 1 1 1 1 1 1     1 1 1 
1 1 1 1     1 1 1 1           

===============================
DOWN -- 3 8 3 8 STANDING 0
========= CURRENT MAP =========

            1 1 1 1     1 1 1 
1 1 1 1     1 1 6 1     1 9 1 
1 1 3 1     1 1 1 1     1 1 1 
1 1 1 1     1 1 * 1     1 1 1 
1 1 1 1 1 1 1 1 1 1     1 1 1 
1 1 1 1     1 1 1 1           

===============================
DOWN -- 4 8 5 8 LYING_COL 0
========= CURRENT MAP =========

            1 1 1 1     1 1 1 
1 1 1 1     1 1 6 1     1 9 1 
1 1 3 1     1 1 1 1     1 1 1 
1 1 1 1     1 1 1 1     1 1 1 
1 1 1 1 1 1 1 1 * 1     1 1 1 
1 1 1 1     1 1 * 1           

===============================
RIGHT -- 4 9 5 9 LYING_COL 0
========= CURRENT MAP =========

            1 1 1 1     1 1 1 
1 1 1 1     1 1 6 1     1 9 1 
1 1 3 1     1 1 1 1     1 1 1 
1 1 1 1     1 1 1 1     1 1 1 
1 1 1 1 1 1 1 1 1 *     1 1 1 
1 1 1 1     1 1 1 *           

===============================
UP -- 3 9 3 9 STANDING 0
========= CURRENT MAP =========

            1 1 1 1     1 1 1 
1 1 1 1     1 1 6 1     1 9 1 
1 1 3 1     1 1 1 1     1 1 1 
1 1 1 1     1 1 1 *     1 1 1 
1 1 1 1 1 1 1 1 1 1     1 1 1 
1 1 1 1     1 1 1 1           

===============================
UP -- 1 9 2 9 LYING_COL 0
========= CURRENT MAP =========

            1 1 1 1     1 1 1 
1 1 1 1     1 1 6 *     1 9 1 
1 1 3 1     1 1 1 *     1 1 1 
1 1 1 1     1 1 1 1     1 1 1 
1 1 1 1 1 1 1 1 1 1     1 1 1 
1 1 1 1     1 1 1 1           

===============================
UP -- 0 9 0 9 STANDING 0
========= CURRENT MAP =========

            1 1 1 *     1 1 1 
1 1 1 1     1 1 6 1     1 9 1 
1 1 3 1     1 1 1 1     1 1 1 
1 1 1 1     1 1 1 1     1 1 1 
1 1 1 1 1 1 1 1 1 1     1 1 1 
1 1 1 1     1 1 1 1           

===============================
LEFT -- 0 7 0 8 LYING_ROW 0
========= CURRENT MAP =========

            1 * * 1     1 1 1 
1 1 1 1     1 1 6 1     1 9 1 
1 1 3 1     1 1 1 1     1 1 1 
1 1 1 1     1 1 1 1     1 1 1 
1 1 1 1 1 1 1 1 1 1     1 1 1 
1 1 1 1     1 1 1 1           

===============================
LEFT -- 0 6 0 6 STANDING 0
========= CURRENT MAP =========

            * 1 1 1     1 1 1 
1 1 1 1     1 1 6 1     1 9 1 
1 1 3 1     1 1 1 1     1 1 1 
1 1 1 1     1 1 1 1     1 1 1 
1 1 1 1 1 1 1 1 1 1     1 1 1 
1 1 1 1     1 1 1 1           

===============================
DOWN -- 1 6 2 6 LYING_COL 0
========= CURRENT MAP =========

            1 1 1 1     1 1 1 
1 1 1 1     * 1 6 1     1 9 1 
1 1 3 1     * 1 1 1     1 1 1 
1 1 1 1     1 1 1 1     1 1 1 
1 1 1 1 1 1 1 1 1 1     1 1 1 
1 1 1 1     1 1 1 1           

===============================
DOWN -- 3 6 3 6 STANDING 0
========= CURRENT MAP =========

            1 1 1 1     1 1 1 
1 1 1 1     1 1 6 1     1 9 1 
1 1 3 1     1 1 1 1     1 1 1 
1 1 1 1     * 1 1 1     1 1 1 
1 1 1 1 1 1 1 1 1 1     1 1 1 
1 1 1 1     1 1 1 1           

===============================
DOWN -- 4 6 5 6 LYING_COL 0
========= CURRENT MAP =========

            1 1 1 1     1 1 1 
1 1 1 1     1 1 6 1     1 9 1 
1 1 3 1     1 1 1 1     1 1 1 
1 1 1 1     1 1 1 1     1 1 1 
1 1 1 1 1 1 * 1 1 1     1 1 1 
1 1 1 1     * 1 1 1           

===============================
RIGHT -- 4 7 5 7 LYING_COL 0
========= CURRENT MAP =========

            1 1 1 1     1 1 1 
1 1 1 1     1 1 6 1     1 9 1 
1 1 3 1     1 1 1 1     1 1 1 
1 1 1 1     1 1 1 1     1 1 1 
1 1 1 1 1 1 1 * 1 1     1 1 1 
1 1 1 1     1 * 1 1           

===============================
UP -- 3 7 3 7 STANDING 0
========= CURRENT MAP =========

            1 1 1 1     1 1 1 
1 1 1 1     1 1 6 1     1 9 1 
1 1 3 1     1 1 1 1     1 1 1 
1 1 1 1     1 * 1 1     1 1 1 
1 1 1 1 1 1 1 1 1 1     1 1 1 
1 1 1 1     1 1 1 1           

===============================
UP -- 1 7 2 7 LYING_COL 0
========= CURRENT MAP =========

            1 1 1 1     1 1 1 
1 1 1 1     1 * 6 1     1 9 1 
1 1 3 1     1 * 1 1     1 1 1 
1 1 1 1     1 1 1 1     1 1 1 
1 1 1 1 1 1 1 1 1 1     1 1 1 
1 1 1 1     1 1 1 1           

===============================
UP -- 0 7 0 7 STANDING 0
========= CURRENT MAP =========

            1 * 1 1     1 1 1 
1 1 1 1     1 1 6 1     1 9 1 
1 1 3 1     1 1 1 1     1 1 1 
1 1 1 1     1 1 1 1     1 1 1 
1 1 1 1 1 1 1 1 1 1     1 1 1 
1 1 1 1     1 1 1 1           

===============================
RIGHT -- 0 8 0 9 LYING_ROW 0
========= CURRENT MAP =========

            1 1 * *     1 1 1 
1 1 1 1     1 1 6 1     1 9 1 
1 1 3 1     1 1 1 1     1 1 1 
1 1 1 1     1 1 1 1     1 1 1 
1 1 1 1 1 1 1 1 1 1     1 1 1 
1 1 1 1     1 1 1 1           

===============================
DOWN -- 1 8 1 9 LYING_ROW 0
========= CURRENT MAP =========

            1 1 1 1     1 1 1 
1 1 1 1     1 1 * *     1 9 1 
1 1 3 1     1 1 1 1     1 1 1 
1 1 1 1     1 1 1 1     1 1 1 
1 1 1 1 1 1 1 1 1 1     1 1 1 
1 1 1 1     1 1 1 1           

===============================
DOWN -- 2 8 2 9 LYING_ROW 0
========= CURRENT MAP =========

            1 1 1 1     1 1 1 
1 1 1 1     1 1 6 1     1 9 1 
1 1 3 1     1 1 * *     1 1 1 
1 1 1 1     1 1 1 1     1 1 1 
1 1 1 1 1 1 1 1 1 1     1 1 1 
1 1 1 1     1 1 1 1           

===============================
DOWN -- 3 8 3 9 LYING_ROW 0
========= CURRENT MAP =========

            1 1 1 1     1 1 1 
1 1 1 1     1 1 6 1     1 9 1 
1 1 3 1     1 1 1 1     1 1 1 
1 1 1 1     1 1 * *     1 1 1 
1 1 1 1 1 1 1 1 1 1     1 1 1 
1 1 1 1     1 1 1 1           

===============================
DOWN -- 4 8 4 9 LYING_ROW 0
========= CURRENT MAP =========

            1 1 1 1     1 1 1 
1 1 1 1     1 1 6 1     1 9 1 
1 1 3 1     1 1 1 1     1 1 1 
1 1 1 1     1 1 1 1     1 1 1 
1 1 1 1 1 1 1 1 * *     1 1 1 
1 1 1 1     1 1 1 1           

===============================
LEFT -- 4 7 4 7 STANDING 0
========= CURRENT MAP =========

            1 1 1 1     1 1 1 
1 1 1 1     1 1 6 1     1 9 1 
1 1 3 1     1 1 1 1     1 1 1 
1 1 1 1     1 1 1 1     1 1 1 
1 1 1 1 1 1 1 * 1 1     1 1 1 
1 1 1 1     1 1 1 1           

===============================
UP -- 2 7 3 7 LYING_COL 0
========= CURRENT MAP =========

            1 1 1 1     1 1 1 
1 1 1 1     1 1 6 1     1 9 1 
1 1 3 1     1 * 1 1     1 1 1 
1 1 1 1     1 * 1 1     1 1 1 
1 1 1 1 1 1 1 1 1 1     1 1 1 
1 1 1 1     1 1 1 1           

===============================
RIGHT -- 2 8 3 8 LYING_COL 0
========= CURRENT MAP =========

            1 1 1 1     1 1 1 
1 1 1 1     1 1 6 1     1 9 1 
1 1 3 1     1 1 * 1     1 1 1 
1 1 1 1     1 1 * 1     1 1 1 
1 1 1 1 1 1 1 1 1 1     1 1 1 
1 1 1 1     1 1 1 1           

===============================
UP -- 1 8 1 8 STANDING 0
========= CURRENT MAP =========

            1 1 1 1     1 1 1 
1 1 1 1     1 1 * 1     1 9 1 
1 1 3 1     1 1 1 1     1 1 1 
1 1 1 1     1 1 1 1     1 1 1 
1 1 1 1 1 1 1 1 1 1 1 1 1 1 1 
1 1 1 1     1 1 1 1           

===============================
DOWN -- 2 8 3 8 LYING_COL 0
========= CURRENT MAP =========

            1 1 1 1     1 1 1 
1 1 1 1     1 1 6 1     1 9 1 
1 1 3 1     1 1 * 1     1 1 1 
1 1 1 1     1 1 * 1     1 1 1 
1 1 1 1 1 1 1 1 1 1 1 1 1 1 1 
1 1 1 1     1 1 1 1           

===============================
DOWN -- 4 8 4 8 STANDING 0
========= CURRENT MAP =========

            1 1 1 1     1 1 1 
1 1 1 1     1 1 6 1     1 9 1 
1 1 3 1     1 1 1 1     1 1 1 
1 1 1 1     1 1 1 1     1 1 1 
1 1 1 1 1 1 1 1 * 1 1 1 1 1 1 
1 1 1 1     1 1 1 1           

===============================
RIGHT -- 4 9 4 10 LYING_ROW 0
========= CURRENT MAP =========

            1 1 1 1     1 1 1 
1 1 1 1     1 1 6 1     1 9 1 
1 1 3 1     1 1 1 1     1 1 1 
1 1 1 1     1 1 1 1     1 1 1 
1 1 1 1 1 1 1 1 1 * * 1 1 1 1 
1 1 1 1     1 1 1 1           

===============================
RIGHT -- 4 11 4 11 STANDING 0
========= CURRENT MAP =========

            1 1 1 1     1 1 1 
1 1 1 1     1 1 6 1     1 9 1 
1 1 3 1     1 1 1 1     1 1 1 
1 1 1 1     1 1 1 1     1 1 1 
1 1 1 1 1 1 1 1 1 1 1 * 1 1 1 
1 1 1 1     1 1 1 1           

===============================
RIGHT -- 4 12 4 13 LYING_ROW 0
========= CURRENT MAP =========

            1 1 1 1     1 1 1 
1 1 1 1     1 1 6 1     1 9 1 
1 1 3 1     1 1 1 1     1 1 1 
1 1 1 1     1 1 1 1     1 1 1 
1 1 1 1 1 1 1 1 1 1 1 1 * * 1 
1 1 1 1     1 1 1 1           

===============================
UP -- 3 12 3 13 LYING_ROW 0
========= CURRENT MAP =========

            1 1 1 1     1 1 1 
1 1 1 1     1 1 6 1     1 9 1 
1 1 3 1     1 1 1 1     1 1 1 
1 1 1 1     1 1 1 1     * * 1 
1 1 1 1 1 1 1 1 1 1 1 1 1 1 1 
1 1 1 1     1 1 1 1           

===============================
UP -- 2 12 2 13 LYING_ROW 0
========= CURRENT MAP =========

            1 1 1 1     1 1 1 
1 1 1 1     1 1 6 1     1 9 1 
1 1 3 1     1 1 1 1     * * 1 
1 1 1 1     1 1 1 1     1 1 1 
1 1 1 1 1 1 1 1 1 1 1 1 1 1 1 
1 1 1 1     1 1 1 1           

===============================
UP -- 1 12 1 13 LYING_ROW 0
========= CURRENT MAP =========

            1 1 1 1     1 1 1 
1 1 1 1     1 1 6 1     * * 1 
1 1 3 1     1 1 1 1     1 1 1 
1 1 1 1     1 1 1 1     1 1 1 
1 1 1 1 1 1 1 1 1 1 1 1 1 1 1 
1 1 1 1     1 1 1 1           

===============================
UP -- 0 12 0 13 LYING_ROW 0
========= CURRENT MAP =========

            1 1 1 1     * * 1 
1 1 1 1     1 1 6 1     1 9 1 
1 1 3 1     1 1 1 1     1 1 1 
1 1 1 1     1 1 1 1     1 1 1 
1 1 1 1 1 1 1 1 1 1 1 1 1 1 1 
1 1 1 1     1 1 1 1           

===============================
RIGHT -- 0 14 0 14 STANDING 0
========= CURRENT MAP =========

            1 1 1 1     1 1 * 
1 1 1 1     1 1 6 1     1 9 1 
1 1 3 1     1 1 1 1     1 1 1 
1 1 1 1     1 1 1 1     1 1 1 
1 1 1 1 1 1 1 1 1 1 1 1 1 1 1 
1 1 1 1     1 1 1 1           

===============================
DOWN -- 1 14 2 14 LYING_COL 0
========= CURRENT MAP =========

            1 1 1 1     1 1 1 
1 1 1 1     1 1 6 1     1 9 * 
1 1 3 1     1 1 1 1     1 1 * 
1 1 1 1     1 1 1 1     1 1 1 
1 1 1 1 1 1 1 1 1 1 1 1 1 1 1 
1 1 1 1     1 1 1 1           

===============================
LEFT -- 1 13 2 13 LYING_COL 0
========= CURRENT MAP =========

            1 1 1 1     1 1 1 
1 1 1 1     1 1 6 1     1 * 1 
1 1 3 1     1 1 1 1     1 * 1 
1 1 1 1     1 1 1 1     1 1 1 
1 1 1 1 1 1 1 1 1 1 1 1 1 1 1 
1 1 1 1     1 1 1 1           

===============================
LEFT -- 1 12 2 12 LYING_COL 0
========= CURRENT MAP =========

            1 1 1 1     1 1 1 
1 1 1 1     1 1 6 1     * 9 1 
1 1 3 1     1 1 1 1     * 1 1 
1 1 1 1     1 1 1 1     1 1 1 
1 1 1 1 1 1 1 1 1 1 1 1 1 1 1 
1 1 1 1     1 1 1 1           

===============================
DOWN -- 3 12 3 12 STANDING 0
========= CURRENT MAP =========

            1 1 1 1     1 1 1 
1 1 1 1     1 1 6 1     1 9 1 
1 1 3 1     1 1 1 1     1 1 1 
1 1 1 1     1 1 1 1     * 1 1 
1 1 1 1 1 1 1 1 1 1 1 1 1 1 1 
1 1 1 1     1 1 1 1           

===============================
RIGHT -- 3 13 3 14 LYING_ROW 0
========= CURRENT MAP =========

            1 1 1 1     1 1 1 
1 1 1 1     1 1 6 1     1 9 1 
1 1 3 1     1 1 1 1     1 1 1 
1 1 1 1     1 1 1 1     1 * * 
1 1 1 1 1 1 1 1 1 1 1 1 1 1 1 
1 1 1 1     1 1 1 1           

===============================
DOWN -- 4 13 4 14 LYING_ROW 0
========= CURRENT MAP =========

            1 1 1 1     1 1 1 
1 1 1 1     1 1 6 1     1 9 1 
1 1 3 1     1 1 1 1     1 1 1 
1 1 1 1     1 1 1 1     1 1 1 
1 1 1 1 1 1 1 1 1 1 1 1 1 * * 
1 1 1 1     1 1 1 1           

===============================
LEFT -- 4 12 4 12 STANDING 0
========= CURRENT MAP =========

            1 1 1 1     1 1 1 
1 1 1 1     1 1 6 1     1 9 1 
1 1 3 1     1 1 1 1     1 1 1 
1 1 1 1     1 1 1 1     1 1 1 
1 1 1 1 1 1 1 1 1 1 1 1 * 1 1 
1 1 1 1     1 1 1 1           

===============================
UP -- 2 12 3 12 LYING_COL 0
========= CURRENT MAP =========

            1 1 1 1     1 1 1 
1 1 1 1     1 1 6 1     1 9 1 
1 1 3 1     1 1 1 1     * 1 1 
1 1 1 1     1 1 1 1     * 1 1 
1 1 1 1 1 1 1 1 1 1 1 1 1 1 1 
1 1 1 1     1 1 1 1           

===============================
RIGHT -- 2 13 3 13 LYING_COL 0
========= CURRENT MAP =========

            1 1 1 1     1 1 1 
1 1 1 1     1 1 6 1     1 9 1 
1 1 3 1     1 1 1 1     1 * 1 
1 1 1 1     1 1 1 1     1 * 1 
1 1 1 1 1 1 1 1 1 1 1 1 1 1 1 
1 1 1 1     1 1 1 1           

===============================
UP -- 1 13 1 13 STANDING 0
========= CURRENT MAP =========

            1 1 1 1     1 1 1 
1 1 1 1     1 1 6 1     1 * 1 
1 1 3 1     1 1 1 1     1 1 1 
1 1 1 1     1 1 1 1     1 1 1 
1 1 1 1 1 1 1 1 1 1 1 1 1 1 1 
1 1 1 1     1 1 1 1           

===============================

=========== STAT 02 ============
STATUS: SUCCESS
PROCESS TIME: 0:00:00.081418
PROCESS MEMORY: 933888
REAL STEP: 108
VIRTUAL STEP: 1793
===============================

PRESS KEY: UURDDDDLUURDDDLURDLUUUURDDURDLDRUULDDRRRUURDDDDRUUULDDDLUUUUURDDDRUUULLDDDRUUURDDDDLURUDDRRRUUUURDLLDRDLURU

