START -- 5 1 5 1 STANDING 0
========= CURRENT MAP =========

      2 2 2 2 2 2 2         
      2 2 2 2 2 2 2         
1 1 1 1           1 1 1     
1 1 1               1 1     
1 1 1               1 1     
1 * 1     1 1 1 1 2 2 2 2 2 
1 1 1     1 1 1 1 2 2 2 2 2 
          1 9 1     2 2 1 2 
          1 1 1     2 2 2 2 

===============================
UP -- 3 1 4 1 LYING_COL 0
========= CURRENT MAP =========

      2 2 2 2 2 2 2         
      2 2 2 2 2 2 2         
1 1 1 1           1 1 1     
1 * 1               1 1     
1 * 1               1 1     
1 1 1     1 1 1 1 2 2 2 2 2 
1 1 1     1 1 1 1 2 2 2 2 2 
          1 9 1     2 2 1 2 
          1 1 1     2 2 2 2 

===============================
RIGHT -- 3 2 4 2 LYING_COL 0
========= CURRENT MAP =========

      2 2 2 2 2 2 2         
      2 2 2 2 2 2 2         
1 1 1 1           1 1 1     
1 1 *               1 1     
1 1 *               1 1     
1 1 1     1 1 1 1 2 2 2 2 2 
1 1 1     1 1 1 1 2 2 2 2 2 
          1 9 1     2 2 1 2 
          1 1 1     2 2 2 2 

===============================
DOWN -- 5 2 5 2 STANDING 0
========= CURRENT MAP =========

      2 2 2 2 2 2 2         
      2 2 2 2 2 2 2         
1 1 1 1           1 1 1     
1 1 1               1 1     
1 1 1               1 1     
1 1 *     1 1 1 1 2 2 2 2 2 
1 1 1     1 1 1 1 2 2 2 2 2 
          1 9 1     2 2 1 2 
          1 1 1     2 2 2 2 

===============================
LEFT -- 5 0 5 1 LYING_ROW 0
========= CURRENT MAP =========

      2 2 2 2 2 2 2         
      2 2 2 2 2 2 2         
1 1 1 1           1 1 1     
1 1 1               1 1     
1 1 1               1 1     
* * 1     1 1 1 1 2 2 2 2 2 
1 1 1     1 1 1 1 2 2 2 2 2 
          1 9 1     2 2 1 2 
          1 1 1     2 2 2 2 

===============================
DOWN -- 6 0 6 1 LYING_ROW 0
========= CURRENT MAP =========

      2 2 2 2 2 2 2         
      2 2 2 2 2 2 2         
1 1 1 1           1 1 1     
1 1 1               1 1     
1 1 1               1 1     
1 1 1     1 1 1 1 2 2 2 2 2 
* * 1     1 1 1 1 2 2 2 2 2 
          1 9 1     2 2 1 2 
          1 1 1     2 2 2 2 

===============================
RIGHT -- 6 2 6 2 STANDING 0
========= CURRENT MAP =========

      2 2 2 2 2 2 2         
      2 2 2 2 2 2 2         
1 1 1 1           1 1 1     
1 1 1               1 1     
1 1 1               1 1     
1 1 1     1 1 1 1 2 2 2 2 2 
1 1 *     1 1 1 1 2 2 2 2 2 
          1 9 1     2 2 1 2 
          1 1 1     2 2 2 2 

===============================
UP -- 4 2 5 2 LYING_COL 0
========= CURRENT MAP =========

      2 2 2 2 2 2 2         
      2 2 2 2 2 2 2         
1 1 1 1           1 1 1     
1 1 1               1 1     
1 1 *               1 1     
1 1 *     1 1 1 1 2 2 2 2 2 
1 1 1     1 1 1 1 2 2 2 2 2 
          1 9 1     2 2 1 2 
          1 1 1     2 2 2 2 

===============================
UP -- 3 2 3 2 STANDING 0
========= CURRENT MAP =========

      2 2 2 2 2 2 2         
      2 2 2 2 2 2 2         
1 1 1 1           1 1 1     
1 1 *               1 1     
1 1 1               1 1     
1 1 1     1 1 1 1 2 2 2 2 2 
1 1 1     1 1 1 1 2 2 2 2 2 
          1 9 1     2 2 1 2 
          1 1 1     2 2 2 2 

===============================
LEFT -- 3 0 3 1 LYING_ROW 0
========= CURRENT MAP =========

      2 2 2 2 2 2 2         
      2 2 2 2 2 2 2         
1 1 1 1           1 1 1     
* * 1               1 1     
1 1 1               1 1     
1 1 1     1 1 1 1 2 2 2 2 2 
1 1 1     1 1 1 1 2 2 2 2 2 
          1 9 1     2 2 1 2 
          1 1 1     2 2 2 2 

===============================
DOWN -- 4 0 4 1 LYING_ROW 0
========= CURRENT MAP =========

      2 2 2 2 2 2 2         
      2 2 2 2 2 2 2         
1 1 1 1           1 1 1     
1 1 1               1 1     
* * 1               1 1     
1 1 1     1 1 1 1 2 2 2 2 2 
1 1 1     1 1 1 1 2 2 2 2 2 
          1 9 1     2 2 1 2 
          1 1 1     2 2 2 2 

===============================
RIGHT -- 4 2 4 2 STANDING 0
========= CURRENT MAP =========

      2 2 2 2 2 2 2         
      2 2 2 2 2 2 2         
1 1 1 1           1 1 1     
1 1 1               1 1     
1 1 *               1 1     
1 1 1     1 1 1 1 2 2 2 2 2 
1 1 1     1 1 1 1 2 2 2 2 2 
          1 9 1     2 2 1 2 
          1 1 1     2 2 2 2 

===============================
DOWN -- 5 2 6 2 LYING_COL 0
========= CURRENT MAP =========

      2 2 2 2 2 2 2         
      2 2 2 2 2 2 2         
1 1 1 1           1 1 1     
1 1 1               1 1     
1 1 1               1 1     
1 1 *     1 1 1 1 2 2 2 2 2 
1 1 *     1 1 1 1 2 2 2 2 2 
          1 9 1     2 2 1 2 
          1 1 1     2 2 2 2 

===============================
LEFT -- 5 1 6 1 LYING_COL 0
========= CURRENT MAP =========

      2 2 2 2 2 2 2         
      2 2 2 2 2 2 2         
1 1 1 1           1 1 1     
1 1 1               1 1     
1 1 1               1 1     
1 * 1     1 1 1 1 2 2 2 2 2 
1 * 1     1 1 1 1 2 2 2 2 2 
          1 9 1     2 2 1 2 
          1 1 1     2 2 2 2 

===============================
UP -- 4 1 4 1 STANDING 0
========= CURRENT MAP =========

      2 2 2 2 2 2 2         
      2 2 2 2 2 2 2         
1 1 1 1           1 1 1     
1 1 1               1 1     
1 * 1               1 1     
1 1 1     1 1 1 1 2 2 2 2 2 
1 1 1     1 1 1 1 2 2 2 2 2 
          1 9 1     2 2 1 2 
          1 1 1     2 2 2 2 

===============================
UP -- 2 1 3 1 LYING_COL 0
========= CURRENT MAP =========

      2 2 2 2 2 2 2         
      2 2 2 2 2 2 2         
1 * 1 1           1 1 1     
1 * 1               1 1     
1 1 1               1 1     
1 1 1     1 1 1 1 2 2 2 2 2 
1 1 1     1 1 1 1 2 2 2 2 2 
          1 9 1     2 2 1 2 
          1 1 1     2 2 2 2 

===============================
LEFT -- 2 0 3 0 LYING_COL 0
========= CURRENT MAP =========

      2 2 2 2 2 2 2         
      2 2 2 2 2 2 2         
* 1 1 1           1 1 1     
* 1 1               1 1     
1 1 1               1 1     
1 1 1     1 1 1 1 2 2 2 2 2 
1 1 1     1 1 1 1 2 2 2 2 2 
          1 9 1     2 2 1 2 
          1 1 1     2 2 2 2 

===============================
DOWN -- 4 0 4 0 STANDING 0
========= CURRENT MAP =========

      2 2 2 2 2 2 2         
      2 2 2 2 2 2 2         
1 1 1 1           1 1 1     
1 1 1               1 1     
* 1 1               1 1     
1 1 1     1 1 1 1 2 2 2 2 2 
1 1 1     1 1 1 1 2 2 2 2 2 
          1 9 1     2 2 1 2 
          1 1 1     2 2 2 2 

===============================
RIGHT -- 4 1 4 2 LYING_ROW 0
========= CURRENT MAP =========

      2 2 2 2 2 2 2         
      2 2 2 2 2 2 2         
1 1 1 1           1 1 1     
1 1 1               1 1     
1 * *               1 1     
1 1 1     1 1 1 1 2 2 2 2 2 
1 1 1     1 1 1 1 2 2 2 2 2 
          1 9 1     2 2 1 2 
          1 1 1     2 2 2 2 

===============================
DOWN -- 5 1 5 2 LYING_ROW 0
========= CURRENT MAP =========

      2 2 2 2 2 2 2         
      2 2 2 2 2 2 2         
1 1 1 1           1 1 1     
1 1 1               1 1     
1 1 1               1 1     
1 * *     1 1 1 1 2 2 2 2 2 
1 1 1     1 1 1 1 2 2 2 2 2 
          1 9 1     2 2 1 2 
          1 1 1     2 2 2 2 

===============================
DOWN -- 6 1 6 2 LYING_ROW 0
========= CURRENT MAP =========

      2 2 2 2 2 2 2         
      2 2 2 2 2 2 2         
1 1 1 1           1 1 1     
1 1 1               1 1     
1 1 1               1 1     
1 1 1     1 1 1 1 2 2 2 2 2 
1 * *     1 1 1 1 2 2 2 2 2 
          1 9 1     2 2 1 2 
          1 1 1     2 2 2 2 

===============================
LEFT -- 6 0 6 0 STANDING 0
========= CURRENT MAP =========

      2 2 2 2 2 2 2         
      2 2 2 2 2 2 2         
1 1 1 1           1 1 1     
1 1 1               1 1     
1 1 1               1 1     
1 1 1     1 1 1 1 2 2 2 2 2 
* 1 1     1 1 1 1 2 2 2 2 2 
          1 9 1     2 2 1 2 
          1 1 1     2 2 2 2 

===============================
UP -- 4 0 5 0 LYING_COL 0
========= CURRENT MAP =========

      2 2 2 2 2 2 2         
      2 2 2 2 2 2 2         
1 1 1 1           1 1 1     
1 1 1               1 1     
* 1 1               1 1     
* 1 1     1 1 1 1 2 2 2 2 2 
1 1 1     1 1 1 1 2 2 2 2 2 
          1 9 1     2 2 1 2 
          1 1 1     2 2 2 2 

===============================
UP -- 3 0 3 0 STANDING 0
========= CURRENT MAP =========

      2 2 2 2 2 2 2         
      2 2 2 2 2 2 2         
1 1 1 1           1 1 1     
* 1 1               1 1     
1 1 1               1 1     
1 1 1     1 1 1 1 2 2 2 2 2 
1 1 1     1 1 1 1 2 2 2 2 2 
          1 9 1     2 2 1 2 
          1 1 1     2 2 2 2 

===============================
RIGHT -- 3 1 3 2 LYING_ROW 0
========= CURRENT MAP =========

      2 2 2 2 2 2 2         
      2 2 2 2 2 2 2         
1 1 1 1           1 1 1     
1 * *               1 1     
1 1 1               1 1     
1 1 1     1 1 1 1 2 2 2 2 2 
1 1 1     1 1 1 1 2 2 2 2 2 
          1 9 1     2 2 1 2 
          1 1 1     2 2 2 2 

===============================
UP -- 2 1 2 2 LYING_ROW 0
========= CURRENT MAP =========

      2 2 2 2 2 2 2         
      2 2 2 2 2 2 2         
1 * * 1           1 1 1     
1 1 1               1 1     
1 1 1               1 1     
1 1 1     1 1 1 1 2 2 2 2 2 
1 1 1     1 1 1 1 2 2 2 2 2 
          1 9 1     2 2 1 2 
          1 1 1     2 2 2 2 

===============================
RIGHT -- 2 3 2 3 STANDING 0
========= CURRENT MAP =========

      2 2 2 2 2 2 2         
      2 2 2 2 2 2 2         
1 1 1 *           1 1 1     
1 1 1               1 1     
1 1 1               1 1     
1 1 1     1 1 1 1 2 2 2 2 2 
1 1 1     1 1 1 1 2 2 2 2 2 
          1 9 1     2 2 1 2 
          1 1 1     2 2 2 2 

===============================
UP -- 0 3 1 3 LYING_COL 0
========= CURRENT MAP =========

      * 2 2 2 2 2 2         
      * 2 2 2 2 2 2         
1 1 1 1           1 1 1     
1 1 1               1 1     
1 1 1               1 1     
1 1 1     1 1 1 1 2 2 2 2 2 
1 1 1     1 1 1 1 2 2 2 2 2 
          1 9 1     2 2 1 2 
          1 1 1     2 2 2 2 

===============================
RIGHT -- 0 4 1 4 LYING_COL 0
========= CURRENT MAP =========

      2 * 2 2 2 2 2         
      2 * 2 2 2 2 2         
1 1 1 1           1 1 1     
1 1 1               1 1     
1 1 1               1 1     
1 1 1     1 1 1 1 2 2 2 2 2 
1 1 1     1 1 1 1 2 2 2 2 2 
          1 9 1     2 2 1 2 
          1 1 1     2 2 2 2 

===============================
RIGHT -- 0 5 1 5 LYING_COL 0
========= CURRENT MAP =========

      2 2 * 2 2 2 2         
      2 2 * 2 2 2 2         
1 1 1 1           1 1 1     
1 1 1               1 1     
1 1 1               1 1     
1 1 1     1 1 1 1 2 2 2 2 2 
1 1 1     1 1 1 1 2 2 2 2 2 
          1 9 1     2 2 1 2 
          1 1 1     2 2 2 2 

===============================
RIGHT -- 0 6 1 6 LYING_COL 0
========= CURRENT MAP =========

      2 2 2 * 2 2 2         
      2 2 2 * 2 2 2         
1 1 1 1           1 1 1     
1 1 1               1 1     
1 1 1               1 1     
1 1 1     1 1 1 1 2 2 2 2 2 
1 1 1     1 1 1 1 2 2 2 2 2 
          1 9 1     2 2 1 2 
          1 1 1     2 2 2 2 

===============================
RIGHT -- 0 7 1 7 LYING_COL 0
========= CURRENT MAP =========

      2 2 2 2 * 2 2         
      2 2 2 2 * 2 2         
1 1 1 1           1 1 1     
1 1 1               1 1     
1 1 1               1 1     
1 1 1     1 1 1 1 2 2 2 2 2 
1 1 1     1 1 1 1 2 2 2 2 2 
          1 9 1     2 2 1 2 
          1 1 1     2 2 2 2 

===============================
RIGHT -- 0 8 1 8 LYING_COL 0
========= CURRENT MAP =========

      2 2 2 2 2 * 2         
      2 2 2 2 2 * 2         
1 1 1 1           1 1 1     
1 1 1               1 1     
1 1 1               1 1     
1 1 1     1 1 1 1 2 2 2 2 2 
1 1 1     1 1 1 1 2 2 2 2 2 
          1 9 1     2 2 1 2 
          1 1 1     2 2 2 2 

===============================
RIGHT -- 0 9 1 9 LYING_COL 0
========= CURRENT MAP =========

      2 2 2 2 2 2 *         
      2 2 2 2 2 2 *         
1 1 1 1           1 1 1     
1 1 1               1 1     
1 1 1               1 1     
1 1 1     1 1 1 1 2 2 2 2 2 
1 1 1     1 1 1 1 2 2 2 2 2 
          1 9 1     2 2 1 2 
          1 1 1     2 2 2 2 

===============================
DOWN -- 2 9 2 9 STANDING 0
========= CURRENT MAP =========

      2 2 2 2 2 2 2         
      2 2 2 2 2 2 2         
1 1 1 1           * 1 1     
1 1 1               1 1     
1 1 1               1 1     
1 1 1     1 1 1 1 2 2 2 2 2 
1 1 1     1 1 1 1 2 2 2 2 2 
          1 9 1     2 2 1 2 
          1 1 1     2 2 2 2 

===============================
RIGHT -- 2 10 2 11 LYING_ROW 0
========= CURRENT MAP =========

      2 2 2 2 2 2 2         
      2 2 2 2 2 2 2         
1 1 1 1           1 * *     
1 1 1               1 1     
1 1 1               1 1     
1 1 1     1 1 1 1 2 2 2 2 2 
1 1 1     1 1 1 1 2 2 2 2 2 
          1 9 1     2 2 1 2 
          1 1 1     2 2 2 2 

===============================
DOWN -- 3 10 3 11 LYING_ROW 0
========= CURRENT MAP =========

      2 2 2 2 2 2 2         
      2 2 2 2 2 2 2         
1 1 1 1           1 1 1     
1 1 1               * *     
1 1 1               1 1     
1 1 1     1 1 1 1 2 2 2 2 2 
1 1 1     1 1 1 1 2 2 2 2 2 
          1 9 1     2 2 1 2 
          1 1 1     2 2 2 2 

===============================
DOWN -- 4 10 4 11 LYING_ROW 0
========= CURRENT MAP =========

      2 2 2 2 2 2 2         
      2 2 2 2 2 2 2         
1 1 1 1           1 1 1     
1 1 1               1 1     
1 1 1               * *     
1 1 1     1 1 1 1 2 2 2 2 2 
1 1 1     1 1 1 1 2 2 2 2 2 
          1 9 1     2 2 1 2 
          1 1 1     2 2 2 2 

===============================
DOWN -- 5 10 5 11 LYING_ROW 0
========= CURRENT MAP =========

      2 2 2 2 2 2 2         
      2 2 2 2 2 2 2         
1 1 1 1           1 1 1     
1 1 1               1 1     
1 1 1               1 1     
1 1 1     1 1 1 1 2 * * 2 2 
1 1 1     1 1 1 1 2 2 2 2 2 
          1 9 1     2 2 1 2 
          1 1 1     2 2 2 2 

===============================
DOWN -- 6 10 6 11 LYING_ROW 0
========= CURRENT MAP =========

      2 2 2 2 2 2 2         
      2 2 2 2 2 2 2         
1 1 1 1           1 1 1     
1 1 1               1 1     
1 1 1               1 1     
1 1 1     1 1 1 1 2 2 2 2 2 
1 1 1     1 1 1 1 2 * * 2 2 
          1 9 1     2 2 1 2 
          1 1 1     2 2 2 2 

===============================
DOWN -- 7 10 7 11 LYING_ROW 0
========= CURRENT MAP =========

      2 2 2 2 2 2 2         
      2 2 2 2 2 2 2         
1 1 1 1           1 1 1     
1 1 1               1 1     
1 1 1               1 1     
1 1 1     1 1 1 1 2 2 2 2 2 
1 1 1     1 1 1 1 2 2 2 2 2 
          1 9 1     * * 1 2 
          1 1 1     2 2 2 2 

===============================
RIGHT -- 7 12 7 12 STANDING 0
========= CURRENT MAP =========

      2 2 2 2 2 2 2         
      2 2 2 2 2 2 2         
1 1 1 1           1 1 1     
1 1 1               1 1     
1 1 1               1 1     
1 1 1     1 1 1 1 2 2 2 2 2 
1 1 1     1 1 1 1 2 2 2 2 2 
          1 9 1     2 2 * 2 
          1 1 1     2 2 2 2 

===============================
UP -- 5 12 6 12 LYING_COL 0
========= CURRENT MAP =========

      2 2 2 2 2 2 2         
      2 2 2 2 2 2 2         
1 1 1 1           1 1 1     
1 1 1               1 1     
1 1 1               1 1     
1 1 1     1 1 1 1 2 2 2 * 2 
1 1 1     1 1 1 1 2 2 2 * 2 
          1 9 1     2 2 1 2 
          1 1 1     2 2 2 2 

===============================
LEFT -- 5 11 6 11 LYING_COL 0
========= CURRENT MAP =========

      2 2 2 2 2 2 2         
      2 2 2 2 2 2 2         
1 1 1 1           1 1 1     
1 1 1               1 1     
1 1 1               1 1     
1 1 1     1 1 1 1 2 2 * 2 2 
1 1 1     1 1 1 1 2 2 * 2 2 
          1 9 1     2 2 1 2 
          1 1 1     2 2 2 2 

===============================
UP -- 4 11 4 11 STANDING 0
========= CURRENT MAP =========

      2 2 2 2 2 2 2         
      2 2 2 2 2 2 2         
1 1 1 1           1 1 1     
1 1 1               1 1     
1 1 1               1 *     
1 1 1     1 1 1 1 2 2 2 2 2 
1 1 1     1 1 1 1 2 2 2 2 2 
          1 9 1     2 2 1 2 
          1 1 1     2 2 2 2 

===============================
UP -- 2 11 3 11 LYING_COL 0
========= CURRENT MAP =========

      2 2 2 2 2 2 2         
      2 2 2 2 2 2 2         
1 1 1 1           1 1 *     
1 1 1               1 *     
1 1 1               1 1     
1 1 1     1 1 1 1 2 2 2 2 2 
1 1 1     1 1 1 1 2 2 2 2 2 
          1 9 1     2 2 1 2 
          1 1 1     2 2 2 2 

===============================
LEFT -- 2 10 3 10 LYING_COL 0
========= CURRENT MAP =========

      2 2 2 2 2 2 2         
      2 2 2 2 2 2 2         
1 1 1 1           1 * 1     
1 1 1               * 1     
1 1 1               1 1     
1 1 1     1 1 1 1 2 2 2 2 2 
1 1 1     1 1 1 1 2 2 2 2 2 
          1 9 1     2 2 1 2 
          1 1 1     2 2 2 2 

===============================
DOWN -- 4 10 4 10 STANDING 0
========= CURRENT MAP =========

      2 2 2 2 2 2 2         
      2 2 2 2 2 2 2         
1 1 1 1           1 1 1     
1 1 1               1 1     
1 1 1               * 1     
1 1 1     1 1 1 1 2 2 2 2 2 
1 1 1     1 1 1 1 2 2 2 2 2 
          1 9 1     2 2 1 2 
          1 1 1     2 2 2 2 

===============================
DOWN -- 5 10 6 10 LYING_COL 0
========= CURRENT MAP =========

      2 2 2 2 2 2 2         
      2 2 2 2 2 2 2         
1 1 1 1           1 1 1     
1 1 1               1 1     
1 1 1               1 1     
1 1 1     1 1 1 1 2 * 2 2 2 
1 1 1     1 1 1 1 2 * 2 2 2 
          1 9 1     2 2 1 2 
          1 1 1     2 2 2 2 

===============================
LEFT -- 5 9 6 9 LYING_COL 0
========= CURRENT MAP =========

      2 2 2 2 2 2 2         
      2 2 2 2 2 2 2         
1 1 1 1           1 1 1     
1 1 1               1 1     
1 1 1               1 1     
1 1 1     1 1 1 1 * 2 2 2 2 
1 1 1     1 1 1 1 * 2 2 2 2 
          1 9 1     2 2 1 2 
          1 1 1     2 2 2 2 

===============================
LEFT -- 5 8 6 8 LYING_COL 0
========= CURRENT MAP =========

      2 2 2 2 2 2 2         
      2 2 2 2 2 2 2         
1 1 1 1           1 1 1     
1 1 1               1 1     
1 1 1               1 1     
1 1 1     1 1 1 * 2 2 2 2 2 
1 1 1     1 1 1 * 2 2 2 2 2 
          1 9 1     2 2 1 2 
          1 1 1     2 2 2 2 

===============================
LEFT -- 5 7 6 7 LYING_COL 0
========= CURRENT MAP =========

      2 2 2 2 2 2 2         
      2 2 2 2 2 2 2         
1 1 1 1           1 1 1     
1 1 1               1 1     
1 1 1               1 1     
1 1 1     1 1 * 1 2 2 2 2 2 
1 1 1     1 1 * 1 2 2 2 2 2 
          1 9 1     2 2 1 2 
          1 1 1     2 2 2 2 

===============================
DOWN -- 7 7 7 7 STANDING 0
========= CURRENT MAP =========

      2 2 2 2 2 2 2         
      2 2 2 2 2 2 2         
1 1 1 1           1 1 1     
1 1 1               1 1     
1 1 1               1 1     
1 1 1     1 1 1 1 2 2 2 2 2 
1 1 1     1 1 1 1 2 2 2 2 2 
          1 9 *     2 2 1 2 
          1 1 1     2 2 2 2 

===============================
LEFT -- 7 5 7 6 LYING_ROW 0
========= CURRENT MAP =========

      2 2 2 2 2 2 2         
      2 2 2 2 2 2 2         
1 1 1 1           1 1 1     
1 1 1               1 1     
1 1 1               1 1     
1 1 1     1 1 1 1 2 2 2 2 2 
1 1 1     1 1 1 1 2 2 2 2 2 
          * * 1     2 2 1 2 
          1 1 1     2 2 2 2 

===============================
DOWN -- 8 5 8 6 LYING_ROW 0
========= CURRENT MAP =========

      2 2 2 2 2 2 2         
      2 2 2 2 2 2 2         
1 1 1 1           1 1 1     
1 1 1               1 1     
1 1 1               1 1     
1 1 1     1 1 1 1 2 2 2 2 2 
1 1 1     1 1 1 1 2 2 2 2 2 
          1 9 1     2 2 1 2 
          * * 1     2 2 2 2 

===============================
RIGHT -- 8 7 8 7 STANDING 0
========= CURRENT MAP =========

      2 2 2 2 2 2 2         
      2 2 2 2 2 2 2         
1 1 1 1           1 1 1     
1 1 1               1 1     
1 1 1               1 1     
1 1 1     1 1 1 1 2 2 2 2 2 
1 1 1     1 1 1 1 2 2 2 2 2 
          1 9 1     2 2 1 2 
          1 1 *     2 2 2 2 

===============================
UP -- 6 7 7 7 LYING_COL 0
========= CURRENT MAP =========

      2 2 2 2 2 2 2         
      2 2 2 2 2 2 2         
1 1 1 1           1 1 1     
1 1 1               1 1     
1 1 1               1 1     
1 1 1     1 1 1 1 2 2 2 2 2 
1 1 1     1 1 * 1 2 2 2 2 2 
          1 9 *     2 2 1 2 
          1 1 1     2 2 2 2 

===============================
UP -- 5 7 5 7 STANDING 0
========= CURRENT MAP =========

      2 2 2 2 2 2 2         
      2 2 2 2 2 2 2         
1 1 1 1           1 1 1     
1 1 1               1 1     
1 1 1               1 1     
1 1 1     1 1 * 1 2 2 2 2 2 
1 1 1     1 1 1 1 2 2 2 2 2 
          1 9 1     2 2 1 2 
          1 1 1     2 2 2 2 

===============================
RIGHT -- 5 8 5 9 LYING_ROW 0
========= CURRENT MAP =========

      2 2 2 2 2 2 2         
      2 2 2 2 2 2 2         
1 1 1 1           1 1 1     
1 1 1               1 1     
1 1 1               1 1     
1 1 1     1 1 1 * * 2 2 2 2 
1 1 1     1 1 1 1 2 2 2 2 2 
          1 9 1     2 2 1 2 
          1 1 1     2 2 2 2 

===============================
DOWN -- 6 8 6 9 LYING_ROW 0
========= CURRENT MAP =========

      2 2 2 2 2 2 2         
      2 2 2 2 2 2 2         
1 1 1 1           1 1 1     
1 1 1               1 1     
1 1 1               1 1     
1 1 1     1 1 1 1 2 2 2 2 2 
1 1 1     1 1 1 * * 2 2 2 2 
          1 9 1     2 2 1 2 
          1 1 1     2 2 2 2 

===============================
LEFT -- 6 7 6 7 STANDING 0
========= CURRENT MAP =========

      2 2 2 2 2 2 2         
      2 2 2 2 2 2 2         
1 1 1 1           1 1 1     
1 1 1               1 1     
1 1 1               1 1     
1 1 1     1 1 1 1 2 2 2 2 2 
1 1 1     1 1 * 1 2 2 2 2 2 
          1 9 1     2 2 1 2 
          1 1 1     2 2 2 2 

===============================
DOWN -- 7 7 8 7 LYING_COL 0
========= CURRENT MAP =========

      2 2 2 2 2 2 2         
      2 2 2 2 2 2 2         
1 1 1 1           1 1 1     
1 1 1               1 1     
1 1 1               1 1     
1 1 1     1 1 1 1 2 2 2 2 2 
1 1 1     1 1 1 1 2 2 2 2 2 
          1 9 *     2 2 1 2 
          1 1 *     2 2 2 2 

===============================
LEFT -- 7 6 8 6 LYING_COL 0
========= CURRENT MAP =========

      2 2 2 2 2 2 2         
      2 2 2 2 2 2 2         
1 1 1 1           1 1 1     
1 1 1               1 1     
1 1 1               1 1     
1 1 1     1 1 1 1 2 2 2 2 2 
1 1 1     1 1 1 1 2 2 2 2 2 
          1 * 1     2 2 1 2 
          1 * 1     2 2 2 2 

===============================
UP -- 6 6 6 6 STANDING 0
========= CURRENT MAP =========

      2 2 2 2 2 2 2         
      2 2 2 2 2 2 2         
1 1 1 1           1 1 1     
1 1 1               1 1     
1 1 1               1 1     
1 1 1     1 1 1 1 2 2 2 2 2 
1 1 1     1 * 1 1 2 2 2 2 2 
          1 9 1     2 2 1 2 
          1 1 1     2 2 2 2 

===============================
RIGHT -- 6 7 6 8 LYING_ROW 0
========= CURRENT MAP =========

      2 2 2 2 2 2 2         
      2 2 2 2 2 2 2         
1 1 1 1           1 1 1     
1 1 1               1 1     
1 1 1               1 1     
1 1 1     1 1 1 1 2 2 2 2 2 
1 1 1     1 1 * * 2 2 2 2 2 
          1 9 1     2 2 1 2 
          1 1 1     2 2 2 2 

===============================
UP -- 5 7 5 8 LYING_ROW 0
========= CURRENT MAP =========

      2 2 2 2 2 2 2         
      2 2 2 2 2 2 2         
1 1 1 1           1 1 1     
1 1 1               1 1     
1 1 1               1 1     
1 1 1     1 1 * * 2 2 2 2 2 
1 1 1     1 1 1 1 2 2 2 2 2 
          1 9 1     2 2 1 2 
          1 1 1     2 2 2 2 

===============================
LEFT -- 5 6 5 6 STANDING 0
========= CURRENT MAP =========

      2 2 2 2 2 2 2         
      2 2 2 2 2 2 2         
1 1 1 1           1 1 1     
1 1 1               1 1     
1 1 1               1 1     
1 1 1     1 * 1 1 2 2 2 2 2 
1 1 1     1 1 1 1 2 2 2 2 2 
          1 9 1     2 2 1 2 
          1 1 1     2 2 2 2 

===============================
DOWN -- 6 6 7 6 LYING_COL 0
========= CURRENT MAP =========

      2 2 2 2 2 2 2         
      2 2 2 2 2 2 2         
1 1 1 1           1 1 1     
1 1 1               1 1     
1 1 1               1 1     
1 1 1     1 1 1 1 2 2 2 2 2 
1 1 1     1 * 1 1 2 2 2 2 2 
          1 * 1     2 2 1 2 
          1 1 1     2 2 2 2 

===============================
LEFT -- 6 5 7 5 LYING_COL 0
========= CURRENT MAP =========

      2 2 2 2 2 2 2         
      2 2 2 2 2 2 2         
1 1 1 1           1 1 1     
1 1 1               1 1     
1 1 1               1 1     
1 1 1     1 1 1 1 2 2 2 2 2 
1 1 1     * 1 1 1 2 2 2 2 2 
          * 9 1     2 2 1 2 
          1 1 1     2 2 2 2 

===============================
DOWN -- 8 5 8 5 STANDING 0
========= CURRENT MAP =========

      2 2 2 2 2 2 2         
      2 2 2 2 2 2 2         
1 1 1 1           1 1 1     
1 1 1               1 1     
1 1 1               1 1     
1 1 1     1 1 1 1 2 2 2 2 2 
1 1 1     1 1 1 1 2 2 2 2 2 
          1 9 1     2 2 1 2 
          * 1 1     2 2 2 2 

===============================
RIGHT -- 8 6 8 7 LYING_ROW 0
========= CURRENT MAP =========

      2 2 2 2 2 2 2         
      2 2 2 2 2 2 2         
1 1 1 1           1 1 1     
1 1 1               1 1     
1 1 1               1 1     
1 1 1     1 1 1 1 2 2 2 2 2 
1 1 1     1 1 1 1 2 2 2 2 2 
          1 9 1     2 2 1 2 
          1 * *     2 2 2 2 

===============================
UP -- 7 6 7 7 LYING_ROW 0
========= CURRENT MAP =========

      2 2 2 2 2 2 2         
      2 2 2 2 2 2 2         
1 1 1 1           1 1 1     
1 1 1               1 1     
1 1 1               1 1     
1 1 1     1 1 1 1 2 2 2 2 2 
1 1 1     1 1 1 1 2 2 2 2 2 
          1 * *     2 2 1 2 
          1 1 1     2 2 2 2 

===============================
LEFT -- 7 5 7 5 STANDING 0
========= CURRENT MAP =========

      2 2 2 2 2 2 2         
      2 2 2 2 2 2 2         
1 1 1 1           1 1 1     
1 1 1               1 1     
1 1 1               1 1     
1 1 1     1 1 1 1 2 2 2 2 2 
1 1 1     1 1 1 1 2 2 2 2 2 
          * 9 1     2 2 1 2 
          1 1 1     2 2 2 2 

===============================
UP -- 5 5 6 5 LYING_COL 0
========= CURRENT MAP =========

      2 2 2 2 2 2 2         
      2 2 2 2 2 2 2         
1 1 1 1           1 1 1     
1 1 1               1 1     
1 1 1               1 1     
1 1 1     * 1 1 1 2 2 2 2 2 
1 1 1     * 1 1 1 2 2 2 2 2 
          1 9 1     2 2 1 2 
          1 1 1     2 2 2 2 

===============================
RIGHT -- 5 6 6 6 LYING_COL 0
========= CURRENT MAP =========

      2 2 2 2 2 2 2         
      2 2 2 2 2 2 2         
1 1 1 1           1 1 1     
1 1 1               1 1     
1 1 1               1 1     
1 1 1     1 * 1 1 2 2 2 2 2 
1 1 1     1 * 1 1 2 2 2 2 2 
          1 9 1     2 2 1 2 
          1 1 1     2 2 2 2 

===============================
DOWN -- 7 6 7 6 STANDING 0
========= CURRENT MAP =========

      2 2 2 2 2 2 2         
      2 2 2 2 2 2 2         
1 1 1 1           1 1 1     
1 1 1               1 1     
1 1 1               1 1     
1 1 1     1 1 1 1 2 2 2 2 2 
1 1 1     1 1 1 1 2 2 2 2 2 
          1 * 1     2 2 1 2 
          1 1 1     2 2 2 2 

===============================

=========== STAT 04 ============
STATUS: SUCCESS
PROCESS TIME: 0:00:00.018147
PROCESS MEMORY: 278528
REAL STEP: 76
VIRTUAL STEP: 369
===============================

PRESS KEY: URDLDRUULDRDLUULDRDDLUURURURRRRRRDRDDDDDRULUULDDLLLDLDRUURDLDLURULDLDRULURD

