START -- 0 1 0 1 STANDING 0
========= CURRENT MAP =========

  * 1 1 1 1 1 1 1 1 3 1 1 1 1 
          1 1             1 1 
          1 1             1 1 
                          1 1 
                          1 1 
1 1 1     1 1     1 5 1 1 1 1 
1 9 1     1 1                 
1 1 1     1 1                 
  1 1     1 1                 
  1 1 1 1 1 1 1 1 1 4 1 1 1   

===============================
RIGHT -- 0 2 0 3 LYING_ROW 0
========= CURRENT MAP =========

  1 * * 1 1 1 1 1 1 3 1 1 1 1 
          1 1             1 1 
          1 1             1 1 
                          1 1 
                          1 1 
1 1 1     1 1     1 5 1 1 1 1 
1 9 1     1 1                 
1 1 1     1 1                 
  1 1     1 1                 
  1 1 1 1 1 1 1 1 1 4 1 1 1   

===============================
RIGHT -- 0 4 0 4 STANDING 0
========= CURRENT MAP =========

  1 1 1 * 1 1 1 1 1 3 1 1 1 1 
          1 1             1 1 
          1 1             1 1 
                          1 1 
                          1 1 
1 1 1     1 1     1 5 1 1 1 1 
1 9 1     1 1                 
1 1 1     1 1                 
  1 1     1 1                 
  1 1 1 1 1 1 1 1 1 4 1 1 1   

===============================
RIGHT -- 0 5 0 6 LYING_ROW 0
========= CURRENT MAP =========

  1 1 1 1 * * 1 1 1 3 1 1 1 1 
          1 1             1 1 
          1 1             1 1 
                          1 1 
                          1 1 
1 1 1     1 1     1 5 1 1 1 1 
1 9 1     1 1                 
1 1 1     1 1                 
  1 1     1 1                 
  1 1 1 1 1 1 1 1 1 4 1 1 1   

===============================
RIGHT -- 0 7 0 7 STANDING 0
========= CURRENT MAP =========

  1 1 1 1 1 1 * 1 1 3 1 1 1 1 
          1 1             1 1 
          1 1             1 1 
                          1 1 
                          1 1 
1 1 1     1 1     1 5 1 1 1 1 
1 9 1     1 1                 
1 1 1     1 1                 
  1 1     1 1                 
  1 1 1 1 1 1 1 1 1 4 1 1 1   

===============================
RIGHT -- 0 8 0 9 LYING_ROW 0
========= CURRENT MAP =========

  1 1 1 1 1 1 1 * * 3 1 1 1 1 
          1 1             1 1 
          1 1             1 1 
                          1 1 
                          1 1 
1 1 1     1 1     1 5 1 1 1 1 
1 9 1     1 1                 
1 1 1     1 1                 
  1 1     1 1                 
  1 1 1 1 1 1 1 1 1 4 1 1 1   

===============================
RIGHT -- 0 10 0 10 STANDING 0
========= CURRENT MAP =========

  1 1 1 1 1 1 1 1 1 * 1 1 1 1 
          1 1             1 1 
          1 1             1 1 
                          1 1 
                          1 1 
1 1 1     1 1 1 1 1 5 1 1 1 1 
1 9 1     1 1                 
1 1 1     1 1                 
  1 1     1 1                 
  1 1 1 1 1 1 1 1 1 4 1 1 1   

===============================
RIGHT -- 0 11 0 12 LYING_ROW 0
========= CURRENT MAP =========

  1 1 1 1 1 1 1 1 1 3 * * 1 1 
          1 1             1 1 
          1 1             1 1 
                          1 1 
                          1 1 
1 1 1     1 1 1 1 1 5 1 1 1 1 
1 9 1     1 1                 
1 1 1     1 1                 
  1 1     1 1                 
  1 1 1 1 1 1 1 1 1 4 1 1 1   

===============================
RIGHT -- 0 13 0 13 STANDING 0
========= CURRENT MAP =========

  1 1 1 1 1 1 1 1 1 3 1 1 * 1 
          1 1             1 1 
          1 1             1 1 
                          1 1 
                          1 1 
1 1 1     1 1 1 1 1 5 1 1 1 1 
1 9 1     1 1                 
1 1 1     1 1                 
  1 1     1 1                 
  1 1 1 1 1 1 1 1 1 4 1 1 1   

===============================
DOWN -- 1 13 2 13 LYING_COL 0
========= CURRENT MAP =========

  1 1 1 1 1 1 1 1 1 3 1 1 1 1 
          1 1             * 1 
          1 1             * 1 
                          1 1 
                          1 1 
1 1 1     1 1 1 1 1 5 1 1 1 1 
1 9 1     1 1                 
1 1 1     1 1                 
  1 1     1 1                 
  1 1 1 1 1 1 1 1 1 4 1 1 1   

===============================
DOWN -- 3 13 3 13 STANDING 0
========= CURRENT MAP =========

  1 1 1 1 1 1 1 1 1 3 1 1 1 1 
          1 1             1 1 
          1 1             1 1 
                          * 1 
                          1 1 
1 1 1     1 1 1 1 1 5 1 1 1 1 
1 9 1     1 1                 
1 1 1     1 1                 
  1 1     1 1                 
  1 1 1 1 1 1 1 1 1 4 1 1 1   

===============================
DOWN -- 4 13 5 13 LYING_COL 0
========= CURRENT MAP =========

  1 1 1 1 1 1 1 1 1 3 1 1 1 1 
          1 1             1 1 
          1 1             1 1 
                          1 1 
                          * 1 
1 1 1     1 1 1 1 1 5 1 1 * 1 
1 9 1     1 1                 
1 1 1     1 1                 
  1 1     1 1                 
  1 1 1 1 1 1 1 1 1 4 1 1 1   

===============================
RIGHT -- 4 14 5 14 LYING_COL 0
========= CURRENT MAP =========

  1 1 1 1 1 1 1 1 1 3 1 1 1 1 
          1 1             1 1 
          1 1             1 1 
                          1 1 
                          1 * 
1 1 1     1 1 1 1 1 5 1 1 1 * 
1 9 1     1 1                 
1 1 1     1 1                 
  1 1     1 1                 
  1 1 1 1 1 1 1 1 1 4 1 1 1   

===============================
UP -- 3 14 3 14 STANDING 0
========= CURRENT MAP =========

  1 1 1 1 1 1 1 1 1 3 1 1 1 1 
          1 1             1 1 
          1 1             1 1 
                          1 * 
                          1 1 
1 1 1     1 1 1 1 1 5 1 1 1 1 
1 9 1     1 1                 
1 1 1     1 1                 
  1 1     1 1                 
  1 1 1 1 1 1 1 1 1 4 1 1 1   

===============================
UP -- 1 14 2 14 LYING_COL 0
========= CURRENT MAP =========

  1 1 1 1 1 1 1 1 1 3 1 1 1 1 
          1 1             1 * 
          1 1             1 * 
                          1 1 
                          1 1 
1 1 1     1 1 1 1 1 5 1 1 1 1 
1 9 1     1 1                 
1 1 1     1 1                 
  1 1     1 1                 
  1 1 1 1 1 1 1 1 1 4 1 1 1   

===============================
UP -- 0 14 0 14 STANDING 0
========= CURRENT MAP =========

  1 1 1 1 1 1 1 1 1 3 1 1 1 * 
          1 1             1 1 
          1 1             1 1 
                          1 1 
                          1 1 
1 1 1     1 1 1 1 1 5 1 1 1 1 
1 9 1     1 1                 
1 1 1     1 1                 
  1 1     1 1                 
  1 1 1 1 1 1 1 1 1 4 1 1 1   

===============================
LEFT -- 0 12 0 13 LYING_ROW 0
========= CURRENT MAP =========

  1 1 1 1 1 1 1 1 1 3 1 * * 1 
          1 1             1 1 
          1 1             1 1 
                          1 1 
                          1 1 
1 1 1     1 1 1 1 1 5 1 1 1 1 
1 9 1     1 1                 
1 1 1     1 1                 
  1 1     1 1                 
  1 1 1 1 1 1 1 1 1 4 1 1 1   

===============================
LEFT -- 0 11 0 11 STANDING 0
========= CURRENT MAP =========

  1 1 1 1 1 1 1 1 1 3 * 1 1 1 
          1 1             1 1 
          1 1             1 1 
                          1 1 
                          1 1 
1 1 1     1 1 1 1 1 5 1 1 1 1 
1 9 1     1 1                 
1 1 1     1 1                 
  1 1     1 1                 
  1 1 1 1 1 1 1 1 1 4 1 1 1   

===============================
LEFT -- 0 9 0 10 LYING_ROW 0
========= CURRENT MAP =========

  1 1 1 1 1 1 1 1 * * 1 1 1 1 
          1 1             1 1 
          1 1             1 1 
                          1 1 
                          1 1 
1 1 1     1 1     1 5 1 1 1 1 
1 9 1     1 1                 
1 1 1     1 1                 
  1 1     1 1                 
  1 1 1 1 1 1 1 1 1 4 1 1 1   

===============================
RIGHT -- 0 11 0 11 STANDING 0
========= CURRENT MAP =========

  1 1 1 1 1 1 1 1 1 3 * 1 1 1 
          1 1             1 1 
          1 1             1 1 
                          1 1 
                          1 1 
1 1 1     1 1     1 5 1 1 1 1 
1 9 1     1 1                 
1 1 1     1 1                 
  1 1     1 1                 
  1 1 1 1 1 1 1 1 1 4 1 1 1   

===============================
LEFT -- 0 9 0 10 LYING_ROW 0
========= CURRENT MAP =========

  1 1 1 1 1 1 1 1 * * 1 1 1 1 
          1 1             1 1 
          1 1             1 1 
                          1 1 
                          1 1 
1 1 1     1 1 1 1 1 5 1 1 1 1 
1 9 1     1 1                 
1 1 1     1 1                 
  1 1     1 1                 
  1 1 1 1 1 1 1 1 1 4 1 1 1   

===============================
LEFT -- 0 8 0 8 STANDING 0
========= CURRENT MAP =========

  1 1 1 1 1 1 1 * 1 3 1 1 1 1 
          1 1             1 1 
          1 1             1 1 
                          1 1 
                          1 1 
1 1 1     1 1 1 1 1 5 1 1 1 1 
1 9 1     1 1                 
1 1 1     1 1                 
  1 1     1 1                 
  1 1 1 1 1 1 1 1 1 4 1 1 1   

===============================
LEFT -- 0 6 0 7 LYING_ROW 0
========= CURRENT MAP =========

  1 1 1 1 1 * * 1 1 3 1 1 1 1 
          1 1             1 1 
          1 1             1 1 
                          1 1 
                          1 1 
1 1 1     1 1 1 1 1 5 1 1 1 1 
1 9 1     1 1                 
1 1 1     1 1                 
  1 1     1 1                 
  1 1 1 1 1 1 1 1 1 4 1 1 1   

===============================
LEFT -- 0 5 0 5 STANDING 0
========= CURRENT MAP =========

  1 1 1 1 * 1 1 1 1 3 1 1 1 1 
          1 1             1 1 
          1 1             1 1 
                          1 1 
                          1 1 
1 1 1     1 1 1 1 1 5 1 1 1 1 
1 9 1     1 1                 
1 1 1     1 1                 
  1 1     1 1                 
  1 1 1 1 1 1 1 1 1 4 1 1 1   

===============================
DOWN -- 1 5 2 5 LYING_COL 0
========= CURRENT MAP =========

  1 1 1 1 1 1 1 1 1 3 1 1 1 1 
          * 1             1 1 
          * 1             1 1 
                          1 1 
                          1 1 
1 1 1     1 1 1 1 1 5 1 1 1 1 
1 9 1     1 1                 
1 1 1     1 1                 
  1 1     1 1                 
  1 1 1 1 1 1 1 1 1 4 1 1 1   

===============================
RIGHT -- 1 6 2 6 LYING_COL 0
========= CURRENT MAP =========

  1 1 1 1 1 1 1 1 1 3 1 1 1 1 
          1 *             1 1 
          1 *             1 1 
                          1 1 
                          1 1 
1 1 1     1 1 1 1 1 5 1 1 1 1 
1 9 1     1 1                 
1 1 1     1 1                 
  1 1     1 1                 
  1 1 1 1 1 1 1 1 1 4 1 1 1   

===============================
UP -- 0 6 0 6 STANDING 0
========= CURRENT MAP =========

  1 1 1 1 1 * 1 1 1 3 1 1 1 1 
          1 1             1 1 
          1 1             1 1 
                          1 1 
                          1 1 
1 1 1     1 1 1 1 1 5 1 1 1 1 
1 9 1     1 1                 
1 1 1     1 1                 
  1 1     1 1                 
  1 1 1 1 1 1 1 1 1 4 1 1 1   

===============================
RIGHT -- 0 7 0 8 LYING_ROW 0
========= CURRENT MAP =========

  1 1 1 1 1 1 * * 1 3 1 1 1 1 
          1 1             1 1 
          1 1             1 1 
                          1 1 
                          1 1 
1 1 1     1 1 1 1 1 5 1 1 1 1 
1 9 1     1 1                 
1 1 1     1 1                 
  1 1     1 1                 
  1 1 1 1 1 1 1 1 1 4 1 1 1   

===============================
RIGHT -- 0 9 0 9 STANDING 0
========= CURRENT MAP =========

  1 1 1 1 1 1 1 1 * 3 1 1 1 1 
          1 1             1 1 
          1 1             1 1 
                          1 1 
                          1 1 
1 1 1     1 1 1 1 1 5 1 1 1 1 
1 9 1     1 1                 
1 1 1     1 1                 
  1 1     1 1                 
  1 1 1 1 1 1 1 1 1 4 1 1 1   

===============================
RIGHT -- 0 10 0 11 LYING_ROW 0
========= CURRENT MAP =========

  1 1 1 1 1 1 1 1 1 * * 1 1 1 
          1 1             1 1 
          1 1             1 1 
                          1 1 
                          1 1 
1 1 1     1 1     1 5 1 1 1 1 
1 9 1     1 1                 
1 1 1     1 1                 
  1 1     1 1                 
  1 1 1 1 1 1 1 1 1 4 1 1 1   

===============================
RIGHT -- 0 12 0 12 STANDING 0
========= CURRENT MAP =========

  1 1 1 1 1 1 1 1 1 3 1 * 1 1 
          1 1             1 1 
          1 1             1 1 
                          1 1 
                          1 1 
1 1 1     1 1     1 5 1 1 1 1 
1 9 1     1 1                 
1 1 1     1 1                 
  1 1     1 1                 
  1 1 1 1 1 1 1 1 1 4 1 1 1   

===============================
RIGHT -- 0 13 0 14 LYING_ROW 0
========= CURRENT MAP =========

  1 1 1 1 1 1 1 1 1 3 1 1 * * 
          1 1             1 1 
          1 1             1 1 
                          1 1 
                          1 1 
1 1 1     1 1     1 5 1 1 1 1 
1 9 1     1 1                 
1 1 1     1 1                 
  1 1     1 1                 
  1 1 1 1 1 1 1 1 1 4 1 1 1   

===============================
DOWN -- 1 13 1 14 LYING_ROW 0
========= CURRENT MAP =========

  1 1 1 1 1 1 1 1 1 3 1 1 1 1 
          1 1             * * 
          1 1             1 1 
                          1 1 
                          1 1 
1 1 1     1 1     1 5 1 1 1 1 
1 9 1     1 1                 
1 1 1     1 1                 
  1 1     1 1                 
  1 1 1 1 1 1 1 1 1 4 1 1 1   

===============================
DOWN -- 2 13 2 14 LYING_ROW 0
========= CURRENT MAP =========

  1 1 1 1 1 1 1 1 1 3 1 1 1 1 
          1 1             1 1 
          1 1             * * 
                          1 1 
                          1 1 
1 1 1     1 1     1 5 1 1 1 1 
1 9 1     1 1                 
1 1 1     1 1                 
  1 1     1 1                 
  1 1 1 1 1 1 1 1 1 4 1 1 1   

===============================
DOWN -- 3 13 3 14 LYING_ROW 0
========= CURRENT MAP =========

  1 1 1 1 1 1 1 1 1 3 1 1 1 1 
          1 1             1 1 
          1 1             1 1 
                          * * 
                          1 1 
1 1 1     1 1     1 5 1 1 1 1 
1 9 1     1 1                 
1 1 1     1 1                 
  1 1     1 1                 
  1 1 1 1 1 1 1 1 1 4 1 1 1   

===============================
DOWN -- 4 13 4 14 LYING_ROW 0
========= CURRENT MAP =========

  1 1 1 1 1 1 1 1 1 3 1 1 1 1 
          1 1             1 1 
          1 1             1 1 
                          1 1 
                          * * 
1 1 1     1 1     1 5 1 1 1 1 
1 9 1     1 1                 
1 1 1     1 1                 
  1 1     1 1                 
  1 1 1 1 1 1 1 1 1 4 1 1 1   

===============================
DOWN -- 5 13 5 14 LYING_ROW 0
========= CURRENT MAP =========

  1 1 1 1 1 1 1 1 1 3 1 1 1 1 
          1 1             1 1 
          1 1             1 1 
                          1 1 
                          1 1 
1 1 1     1 1     1 5 1 1 * * 
1 9 1     1 1                 
1 1 1     1 1                 
  1 1     1 1                 
  1 1 1 1 1 1 1 1 1 4 1 1 1   

===============================
LEFT -- 5 12 5 12 STANDING 0
========= CURRENT MAP =========

  1 1 1 1 1 1 1 1 1 3 1 1 1 1 
          1 1             1 1 
          1 1             1 1 
                          1 1 
                          1 1 
1 1 1     1 1     1 5 1 * 1 1 
1 9 1     1 1                 
1 1 1     1 1                 
  1 1     1 1                 
  1 1 1 1 1 1 1 1 1 4 1 1 1   

===============================
LEFT -- 5 10 5 11 LYING_ROW 0
========= CURRENT MAP =========

  1 1 1 1 1 1 1 1 1 3 1 1 1 1 
          1 1             1 1 
          1 1             1 1 
                          1 1 
                          1 1 
1 1 1     1 1     1 * * 1 1 1 
1 9 1     1 1                 
1 1 1     1 1                 
  1 1     1 1                 
  1     1 1 1 1 1 1 4 1 1 1   

===============================
RIGHT -- 5 12 5 12 STANDING 0
========= CURRENT MAP =========

  1 1 1 1 1 1 1 1 1 3 1 1 1 1 
          1 1             1 1 
          1 1             1 1 
                          1 1 
                          1 1 
1 1 1     1 1     1 5 1 * 1 1 
1 9 1     1 1                 
1 1 1     1 1                 
  1 1     1 1                 
  1     1 1 1 1 1 1 4 1 1 1   

===============================
RIGHT -- 5 13 5 14 LYING_ROW 0
========= CURRENT MAP =========

  1 1 1 1 1 1 1 1 1 3 1 1 1 1 
          1 1             1 1 
          1 1             1 1 
                          1 1 
                          1 1 
1 1 1     1 1     1 5 1 1 * * 
1 9 1     1 1                 
1 1 1     1 1                 
  1 1     1 1                 
  1     1 1 1 1 1 1 4 1 1 1   

===============================
UP -- 4 13 4 14 LYING_ROW 0
========= CURRENT MAP =========

  1 1 1 1 1 1 1 1 1 3 1 1 1 1 
          1 1             1 1 
          1 1             1 1 
                          1 1 
                          * * 
1 1 1     1 1     1 5 1 1 1 1 
1 9 1     1 1                 
1 1 1     1 1                 
  1 1     1 1                 
  1     1 1 1 1 1 1 4 1 1 1   

===============================
UP -- 3 13 3 14 LYING_ROW 0
========= CURRENT MAP =========

  1 1 1 1 1 1 1 1 1 3 1 1 1 1 
          1 1             1 1 
          1 1             1 1 
                          * * 
                          1 1 
1 1 1     1 1     1 5 1 1 1 1 
1 9 1     1 1                 
1 1 1     1 1                 
  1 1     1 1                 
  1     1 1 1 1 1 1 4 1 1 1   

===============================
UP -- 2 13 2 14 LYING_ROW 0
========= CURRENT MAP =========

  1 1 1 1 1 1 1 1 1 3 1 1 1 1 
          1 1             1 1 
          1 1             * * 
                          1 1 
                          1 1 
1 1 1     1 1     1 5 1 1 1 1 
1 9 1     1 1                 
1 1 1     1 1                 
  1 1     1 1                 
  1     1 1 1 1 1 1 4 1 1 1   

===============================
UP -- 1 13 1 14 LYING_ROW 0
========= CURRENT MAP =========

  1 1 1 1 1 1 1 1 1 3 1 1 1 1 
          1 1             * * 
          1 1             1 1 
                          1 1 
                          1 1 
1 1 1     1 1     1 5 1 1 1 1 
1 9 1     1 1                 
1 1 1     1 1                 
  1 1     1 1                 
  1     1 1 1 1 1 1 4 1 1 1   

===============================
UP -- 0 13 0 14 LYING_ROW 0
========= CURRENT MAP =========

  1 1 1 1 1 1 1 1 1 3 1 1 * * 
          1 1             1 1 
          1 1             1 1 
                          1 1 
                          1 1 
1 1 1     1 1     1 5 1 1 1 1 
1 9 1     1 1                 
1 1 1     1 1                 
  1 1     1 1                 
  1     1 1 1 1 1 1 4 1 1 1   

===============================
LEFT -- 0 12 0 12 STANDING 0
========= CURRENT MAP =========

  1 1 1 1 1 1 1 1 1 3 1 * 1 1 
          1 1             1 1 
          1 1             1 1 
                          1 1 
                          1 1 
1 1 1     1 1     1 5 1 1 1 1 
1 9 1     1 1                 
1 1 1     1 1                 
  1 1     1 1                 
  1     1 1 1 1 1 1 4 1 1 1   

===============================
LEFT -- 0 10 0 11 LYING_ROW 0
========= CURRENT MAP =========

  1 1 1 1 1 1 1 1 1 * * 1 1 1 
          1 1             1 1 
          1 1             1 1 
                          1 1 
                          1 1 
1 1 1     1 1 1 1 1 5 1 1 1 1 
1 9 1     1 1                 
1 1 1     1 1                 
  1 1     1 1                 
  1     1 1 1 1 1 1 4 1 1 1   

===============================
RIGHT -- 0 12 0 12 STANDING 0
========= CURRENT MAP =========

  1 1 1 1 1 1 1 1 1 3 1 * 1 1 
          1 1             1 1 
          1 1             1 1 
                          1 1 
                          1 1 
1 1 1     1 1 1 1 1 5 1 1 1 1 
1 9 1     1 1                 
1 1 1     1 1                 
  1 1     1 1                 
  1     1 1 1 1 1 1 4 1 1 1   

===============================
RIGHT -- 0 13 0 14 LYING_ROW 0
========= CURRENT MAP =========

  1 1 1 1 1 1 1 1 1 3 1 1 * * 
          1 1             1 1 
          1 1             1 1 
                          1 1 
                          1 1 
1 1 1     1 1 1 1 1 5 1 1 1 1 
1 9 1     1 1                 
1 1 1     1 1                 
  1 1     1 1                 
  1     1 1 1 1 1 1 4 1 1 1   

===============================
DOWN -- 1 13 1 14 LYING_ROW 0
========= CURRENT MAP =========

  1 1 1 1 1 1 1 1 1 3 1 1 1 1 
          1 1             * * 
          1 1             1 1 
                          1 1 
                          1 1 
1 1 1     1 1 1 1 1 5 1 1 1 1 
1 9 1     1 1                 
1 1 1     1 1                 
  1 1     1 1                 
  1     1 1 1 1 1 1 4 1 1 1   

===============================
DOWN -- 2 13 2 14 LYING_ROW 0
========= CURRENT MAP =========

  1 1 1 1 1 1 1 1 1 3 1 1 1 1 
          1 1             1 1 
          1 1             * * 
                          1 1 
                          1 1 
1 1 1     1 1 1 1 1 5 1 1 1 1 
1 9 1     1 1                 
1 1 1     1 1                 
  1 1     1 1                 
  1     1 1 1 1 1 1 4 1 1 1   

===============================
DOWN -- 3 13 3 14 LYING_ROW 0
========= CURRENT MAP =========

  1 1 1 1 1 1 1 1 1 3 1 1 1 1 
          1 1             1 1 
          1 1             1 1 
                          * * 
                          1 1 
1 1 1     1 1 1 1 1 5 1 1 1 1 
1 9 1     1 1                 
1 1 1     1 1                 
  1 1     1 1                 
  1     1 1 1 1 1 1 4 1 1 1   

===============================
DOWN -- 4 13 4 14 LYING_ROW 0
========= CURRENT MAP =========

  1 1 1 1 1 1 1 1 1 3 1 1 1 1 
          1 1             1 1 
          1 1             1 1 
                          1 1 
                          * * 
1 1 1     1 1 1 1 1 5 1 1 1 1 
1 9 1     1 1                 
1 1 1     1 1                 
  1 1     1 1                 
  1     1 1 1 1 1 1 4 1 1 1   

===============================
DOWN -- 5 13 5 14 LYING_ROW 0
========= CURRENT MAP =========

  1 1 1 1 1 1 1 1 1 3 1 1 1 1 
          1 1             1 1 
          1 1             1 1 
                          1 1 
                          1 1 
1 1 1     1 1 1 1 1 5 1 1 * * 
1 9 1     1 1                 
1 1 1     1 1                 
  1 1     1 1                 
  1     1 1 1 1 1 1 4 1 1 1   

===============================
LEFT -- 5 12 5 12 STANDING 0
========= CURRENT MAP =========

  1 1 1 1 1 1 1 1 1 3 1 1 1 1 
          1 1             1 1 
          1 1             1 1 
                          1 1 
                          1 1 
1 1 1     1 1 1 1 1 5 1 * 1 1 
1 9 1     1 1                 
1 1 1     1 1                 
  1 1     1 1                 
  1     1 1 1 1 1 1 4 1 1 1   

===============================
LEFT -- 5 10 5 11 LYING_ROW 0
========= CURRENT MAP =========

  1 1 1 1 1 1 1 1 1 3 1 1 1 1 
          1 1             1 1 
          1 1             1 1 
                          1 1 
                          1 1 
1 1 1     1 1 1 1 1 * * 1 1 1 
1 9 1     1 1                 
1 1 1     1 1                 
  1 1     1 1                 
  1     1 1 1 1 1 1 4 1 1 1   

===============================
LEFT -- 5 9 5 9 STANDING 0
========= CURRENT MAP =========

  1 1 1 1 1 1 1 1 1 3 1 1 1 1 
          1 1             1 1 
          1 1             1 1 
                          1 1 
                          1 1 
1 1 1     1 1 1 1 * 5 1 1 1 1 
1 9 1     1 1                 
1 1 1     1 1                 
  1 1     1 1                 
  1     1 1 1 1 1 1 4 1 1 1   

===============================
LEFT -- 5 7 5 8 LYING_ROW 0
========= CURRENT MAP =========

  1 1 1 1 1 1 1 1 1 3 1 1 1 1 
          1 1             1 1 
          1 1             1 1 
                          1 1 
                          1 1 
1 1 1     1 1 * * 1 5 1 1 1 1 
1 9 1     1 1                 
1 1 1     1 1                 
  1 1     1 1                 
  1     1 1 1 1 1 1 4 1 1 1   

===============================
LEFT -- 5 6 5 6 STANDING 0
========= CURRENT MAP =========

  1 1 1 1 1 1 1 1 1 3 1 1 1 1 
          1 1             1 1 
          1 1             1 1 
                          1 1 
                          1 1 
1 1 1     1 * 1 1 1 5 1 1 1 1 
1 9 1     1 1                 
1 1 1     1 1                 
  1 1     1 1                 
  1     1 1 1 1 1 1 4 1 1 1   

===============================
DOWN -- 6 6 7 6 LYING_COL 0
========= CURRENT MAP =========

  1 1 1 1 1 1 1 1 1 3 1 1 1 1 
          1 1             1 1 
          1 1             1 1 
                          1 1 
                          1 1 
1 1 1     1 1 1 1 1 5 1 1 1 1 
1 9 1     1 *                 
1 1 1     1 *                 
  1 1     1 1                 
  1     1 1 1 1 1 1 4 1 1 1   

===============================
LEFT -- 6 5 7 5 LYING_COL 0
========= CURRENT MAP =========

  1 1 1 1 1 1 1 1 1 3 1 1 1 1 
          1 1             1 1 
          1 1             1 1 
                          1 1 
                          1 1 
1 1 1     1 1 1 1 1 5 1 1 1 1 
1 9 1     * 1                 
1 1 1     * 1                 
  1 1     1 1                 
  1     1 1 1 1 1 1 4 1 1 1   

===============================
UP -- 5 5 5 5 STANDING 0
========= CURRENT MAP =========

  1 1 1 1 1 1 1 1 1 3 1 1 1 1 
          1 1             1 1 
          1 1             1 1 
                          1 1 
                          1 1 
1 1 1     * 1 1 1 1 5 1 1 1 1 
1 9 1     1 1                 
1 1 1     1 1                 
  1 1     1 1                 
  1     1 1 1 1 1 1 4 1 1 1   

===============================
RIGHT -- 5 6 5 7 LYING_ROW 0
========= CURRENT MAP =========

  1 1 1 1 1 1 1 1 1 3 1 1 1 1 
          1 1             1 1 
          1 1             1 1 
                          1 1 
                          1 1 
1 1 1     1 * * 1 1 5 1 1 1 1 
1 9 1     1 1                 
1 1 1     1 1                 
  1 1     1 1                 
  1     1 1 1 1 1 1 4 1 1 1   

===============================
RIGHT -- 5 8 5 8 STANDING 0
========= CURRENT MAP =========

  1 1 1 1 1 1 1 1 1 3 1 1 1 1 
          1 1             1 1 
          1 1             1 1 
                          1 1 
                          1 1 
1 1 1     1 1 1 * 1 5 1 1 1 1 
1 9 1     1 1                 
1 1 1     1 1                 
  1 1     1 1                 
  1     1 1 1 1 1 1 4 1 1 1   

===============================
RIGHT -- 5 9 5 10 LYING_ROW 0
========= CURRENT MAP =========

  1 1 1 1 1 1 1 1 1 3 1 1 1 1 
          1 1             1 1 
          1 1             1 1 
                          1 1 
                          1 1 
1 1 1     1 1 1 1 * * 1 1 1 1 
1 9 1     1 1                 
1 1 1     1 1                 
  1 1     1 1                 
  1     1 1 1 1 1 1 4 1 1 1   

===============================
RIGHT -- 5 11 5 11 STANDING 0
========= CURRENT MAP =========

  1 1 1 1 1 1 1 1 1 3 1 1 1 1 
          1 1             1 1 
          1 1             1 1 
                          1 1 
                          1 1 
1 1 1     1 1 1 1 1 5 * 1 1 1 
1 9 1     1 1                 
1 1 1     1 1                 
  1 1     1 1                 
  1     1 1 1 1 1 1 4 1 1 1   

===============================
RIGHT -- 5 12 5 13 LYING_ROW 0
========= CURRENT MAP =========

  1 1 1 1 1 1 1 1 1 3 1 1 1 1 
          1 1             1 1 
          1 1             1 1 
                          1 1 
                          1 1 
1 1 1     1 1 1 1 1 5 1 * * 1 
1 9 1     1 1                 
1 1 1     1 1                 
  1 1     1 1                 
  1     1 1 1 1 1 1 4 1 1 1   

===============================
RIGHT -- 5 14 5 14 STANDING 0
========= CURRENT MAP =========

  1 1 1 1 1 1 1 1 1 3 1 1 1 1 
          1 1             1 1 
          1 1             1 1 
                          1 1 
                          1 1 
1 1 1     1 1 1 1 1 5 1 1 1 * 
1 9 1     1 1                 
1 1 1     1 1                 
  1 1     1 1                 
  1     1 1 1 1 1 1 4 1 1 1   

===============================
UP -- 3 14 4 14 LYING_COL 0
========= CURRENT MAP =========

  1 1 1 1 1 1 1 1 1 3 1 1 1 1 
          1 1             1 1 
          1 1             1 1 
                          1 * 
                          1 * 
1 1 1     1 1 1 1 1 5 1 1 1 1 
1 9 1     1 1                 
1 1 1     1 1                 
  1 1     1 1                 
  1     1 1 1 1 1 1 4 1 1 1   

===============================
UP -- 2 14 2 14 STANDING 0
========= CURRENT MAP =========

  1 1 1 1 1 1 1 1 1 3 1 1 1 1 
          1 1             1 1 
          1 1             1 * 
                          1 1 
                          1 1 
1 1 1     1 1 1 1 1 5 1 1 1 1 
1 9 1     1 1                 
1 1 1     1 1                 
  1 1     1 1                 
  1     1 1 1 1 1 1 4 1 1 1   

===============================
UP -- 0 14 1 14 LYING_COL 0
========= CURRENT MAP =========

  1 1 1 1 1 1 1 1 1 3 1 1 1 * 
          1 1             1 * 
          1 1             1 1 
                          1 1 
                          1 1 
1 1 1     1 1 1 1 1 5 1 1 1 1 
1 9 1     1 1                 
1 1 1     1 1                 
  1 1     1 1                 
  1     1 1 1 1 1 1 4 1 1 1   

===============================
LEFT -- 0 13 1 13 LYING_COL 0
========= CURRENT MAP =========

  1 1 1 1 1 1 1 1 1 3 1 1 * 1 
          1 1             * 1 
          1 1             1 1 
                          1 1 
                          1 1 
1 1 1     1 1 1 1 1 5 1 1 1 1 
1 9 1     1 1                 
1 1 1     1 1                 
  1 1     1 1                 
  1     1 1 1 1 1 1 4 1 1 1   

===============================
DOWN -- 2 13 2 13 STANDING 0
========= CURRENT MAP =========

  1 1 1 1 1 1 1 1 1 3 1 1 1 1 
          1 1             1 1 
          1 1             * 1 
                          1 1 
                          1 1 
1 1 1     1 1 1 1 1 5 1 1 1 1 
1 9 1     1 1                 
1 1 1     1 1                 
  1 1     1 1                 
  1     1 1 1 1 1 1 4 1 1 1   

===============================
DOWN -- 3 13 4 13 LYING_COL 0
========= CURRENT MAP =========

  1 1 1 1 1 1 1 1 1 3 1 1 1 1 
          1 1             1 1 
          1 1             1 1 
                          * 1 
                          * 1 
1 1 1     1 1 1 1 1 5 1 1 1 1 
1 9 1     1 1                 
1 1 1     1 1                 
  1 1     1 1                 
  1     1 1 1 1 1 1 4 1 1 1   

===============================
DOWN -- 5 13 5 13 STANDING 0
========= CURRENT MAP =========

  1 1 1 1 1 1 1 1 1 3 1 1 1 1 
          1 1             1 1 
          1 1             1 1 
                          1 1 
                          1 1 
1 1 1     1 1 1 1 1 5 1 1 * 1 
1 9 1     1 1                 
1 1 1     1 1                 
  1 1     1 1                 
  1     1 1 1 1 1 1 4 1 1 1   

===============================
LEFT -- 5 11 5 12 LYING_ROW 0
========= CURRENT MAP =========

  1 1 1 1 1 1 1 1 1 3 1 1 1 1 
          1 1             1 1 
          1 1             1 1 
                          1 1 
                          1 1 
1 1 1     1 1 1 1 1 5 * * 1 1 
1 9 1     1 1                 
1 1 1     1 1                 
  1 1     1 1                 
  1     1 1 1 1 1 1 4 1 1 1   

===============================
LEFT -- 5 10 5 10 STANDING 0
========= CURRENT MAP =========

  1 1 1 1 1 1 1 1 1 3 1 1 1 1 
          1 1             1 1 
          1 1             1 1 
                          1 1 
                          1 1 
1 1 1     1 1 1 1 1 * 1 1 1 1 
1 9 1     1 1                 
1 1 1     1 1                 
  1 1     1 1                 
  1     1 1 1 1 1 1 4 1 1 1   

===============================
LEFT -- 5 8 5 9 LYING_ROW 0
========= CURRENT MAP =========

  1 1 1 1 1 1 1 1 1 3 1 1 1 1 
          1 1             1 1 
          1 1             1 1 
                          1 1 
                          1 1 
1 1 1     1 1 1 * * 5 1 1 1 1 
1 9 1     1 1                 
1 1 1     1 1                 
  1 1     1 1                 
  1     1 1 1 1 1 1 4 1 1 1   

===============================
LEFT -- 5 7 5 7 STANDING 0
========= CURRENT MAP =========

  1 1 1 1 1 1 1 1 1 3 1 1 1 1 
          1 1             1 1 
          1 1             1 1 
                          1 1 
                          1 1 
1 1 1     1 1 * 1 1 5 1 1 1 1 
1 9 1     1 1                 
1 1 1     1 1                 
  1 1     1 1                 
  1     1 1 1 1 1 1 4 1 1 1   

===============================
LEFT -- 5 5 5 6 LYING_ROW 0
========= CURRENT MAP =========

  1 1 1 1 1 1 1 1 1 3 1 1 1 1 
          1 1             1 1 
          1 1             1 1 
                          1 1 
                          1 1 
1 1 1     * * 1 1 1 5 1 1 1 1 
1 9 1     1 1                 
1 1 1     1 1                 
  1 1     1 1                 
  1     1 1 1 1 1 1 4 1 1 1   

===============================
DOWN -- 6 5 6 6 LYING_ROW 0
========= CURRENT MAP =========

  1 1 1 1 1 1 1 1 1 3 1 1 1 1 
          1 1             1 1 
          1 1             1 1 
                          1 1 
                          1 1 
1 1 1     1 1 1 1 1 5 1 1 1 1 
1 9 1     * *                 
1 1 1     1 1                 
  1 1     1 1                 
  1     1 1 1 1 1 1 4 1 1 1   

===============================
DOWN -- 7 5 7 6 LYING_ROW 0
========= CURRENT MAP =========

  1 1 1 1 1 1 1 1 1 3 1 1 1 1 
          1 1             1 1 
          1 1             1 1 
                          1 1 
                          1 1 
1 1 1     1 1 1 1 1 5 1 1 1 1 
1 9 1     1 1                 
1 1 1     * *                 
  1 1     1 1                 
  1     1 1 1 1 1 1 4 1 1 1   

===============================
DOWN -- 8 5 8 6 LYING_ROW 0
========= CURRENT MAP =========

  1 1 1 1 1 1 1 1 1 3 1 1 1 1 
          1 1             1 1 
          1 1             1 1 
                          1 1 
                          1 1 
1 1 1     1 1 1 1 1 5 1 1 1 1 
1 9 1     1 1                 
1 1 1     1 1                 
  1 1     * *                 
  1     1 1 1 1 1 1 4 1 1 1   

===============================
DOWN -- 9 5 9 6 LYING_ROW 0
========= CURRENT MAP =========

  1 1 1 1 1 1 1 1 1 3 1 1 1 1 
          1 1             1 1 
          1 1             1 1 
                          1 1 
                          1 1 
1 1 1     1 1 1 1 1 5 1 1 1 1 
1 9 1     1 1                 
1 1 1     1 1                 
  1 1     1 1                 
  1     1 * * 1 1 1 4 1 1 1   

===============================
RIGHT -- 9 7 9 7 STANDING 0
========= CURRENT MAP =========

  1 1 1 1 1 1 1 1 1 3 1 1 1 1 
          1 1             1 1 
          1 1             1 1 
                          1 1 
                          1 1 
1 1 1     1 1 1 1 1 5 1 1 1 1 
1 9 1     1 1                 
1 1 1     1 1                 
  1 1     1 1                 
  1     1 1 1 * 1 1 4 1 1 1   

===============================
RIGHT -- 9 8 9 9 LYING_ROW 0
========= CURRENT MAP =========

  1 1 1 1 1 1 1 1 1 3 1 1 1 1 
          1 1             1 1 
          1 1             1 1 
                          1 1 
                          1 1 
1 1 1     1 1 1 1 1 5 1 1 1 1 
1 9 1     1 1                 
1 1 1     1 1                 
  1 1     1 1                 
  1     1 1 1 1 * * 4 1 1 1   

===============================
RIGHT -- 9 10 9 10 STANDING 0
========= CURRENT MAP =========

  1 1 1 1 1 1 1 1 1 3 1 1 1 1 
          1 1             1 1 
          1 1             1 1 
                          1 1 
                          1 1 
1 1 1     1 1 1 1 1 5 1 1 1 1 
1 9 1     1 1                 
1 1 1     1 1                 
  1 1     1 1                 
  1 1 1 1 1 1 1 1 1 * 1 1 1   

===============================
LEFT -- 9 8 9 9 LYING_ROW 0
========= CURRENT MAP =========

  1 1 1 1 1 1 1 1 1 3 1 1 1 1 
          1 1             1 1 
          1 1             1 1 
                          1 1 
                          1 1 
1 1 1     1 1 1 1 1 5 1 1 1 1 
1 9 1     1 1                 
1 1 1     1 1                 
  1 1     1 1                 
  1 1 1 1 1 1 1 * * 4 1 1 1   

===============================
LEFT -- 9 7 9 7 STANDING 0
========= CURRENT MAP =========

  1 1 1 1 1 1 1 1 1 3 1 1 1 1 
          1 1             1 1 
          1 1             1 1 
                          1 1 
                          1 1 
1 1 1     1 1 1 1 1 5 1 1 1 1 
1 9 1     1 1                 
1 1 1     1 1                 
  1 1     1 1                 
  1 1 1 1 1 1 * 1 1 4 1 1 1   

===============================
LEFT -- 9 5 9 6 LYING_ROW 0
========= CURRENT MAP =========

  1 1 1 1 1 1 1 1 1 3 1 1 1 1 
          1 1             1 1 
          1 1             1 1 
                          1 1 
                          1 1 
1 1 1     1 1 1 1 1 5 1 1 1 1 
1 9 1     1 1                 
1 1 1     1 1                 
  1 1     1 1                 
  1 1 1 1 * * 1 1 1 4 1 1 1   

===============================
LEFT -- 9 4 9 4 STANDING 0
========= CURRENT MAP =========

  1 1 1 1 1 1 1 1 1 3 1 1 1 1 
          1 1             1 1 
          1 1             1 1 
                          1 1 
                          1 1 
1 1 1     1 1 1 1 1 5 1 1 1 1 
1 9 1     1 1                 
1 1 1     1 1                 
  1 1     1 1                 
  1 1 1 * 1 1 1 1 1 4 1 1 1   

===============================
LEFT -- 9 2 9 3 LYING_ROW 0
========= CURRENT MAP =========

  1 1 1 1 1 1 1 1 1 3 1 1 1 1 
          1 1             1 1 
          1 1             1 1 
                          1 1 
                          1 1 
1 1 1     1 1 1 1 1 5 1 1 1 1 
1 9 1     1 1                 
1 1 1     1 1                 
  1 1     1 1                 
  1 * * 1 1 1 1 1 1 4 1 1 1   

===============================
LEFT -- 9 1 9 1 STANDING 0
========= CURRENT MAP =========

  1 1 1 1 1 1 1 1 1 3 1 1 1 1 
          1 1             1 1 
          1 1             1 1 
                          1 1 
                          1 1 
1 1 1     1 1 1 1 1 5 1 1 1 1 
1 9 1     1 1                 
1 1 1     1 1                 
  1 1     1 1                 
  * 1 1 1 1 1 1 1 1 4 1 1 1   

===============================
UP -- 7 1 8 1 LYING_COL 0
========= CURRENT MAP =========

  1 1 1 1 1 1 1 1 1 3 1 1 1 1 
          1 1             1 1 
          1 1             1 1 
                          1 1 
                          1 1 
1 1 1     1 1 1 1 1 5 1 1 1 1 
1 9 1     1 1                 
1 * 1     1 1                 
  * 1     1 1                 
  1 1 1 1 1 1 1 1 1 4 1 1 1   

===============================
UP -- 6 1 6 1 STANDING 0
========= CURRENT MAP =========

  1 1 1 1 1 1 1 1 1 3 1 1 1 1 
          1 1             1 1 
          1 1             1 1 
                          1 1 
                          1 1 
1 1 1     1 1 1 1 1 5 1 1 1 1 
1 * 1     1 1                 
1 1 1     1 1                 
  1 1     1 1                 
  1 1 1 1 1 1 1 1 1 4 1 1 1   

===============================

=========== STAT 19 ============
STATUS: SUCCESS
PROCESS TIME: 0:00:00.026432
PROCESS MEMORY: 344064
REAL STEP: 96
VIRTUAL STEP: 473
===============================

PRESS KEY: RRRRRRRRDDDRUUULLLRLLLLDRURRRRRDDDDDLLRRUUUUULLRRDDDDDLLLLLDLURRRRRRUUULDDDLLLLLDDDDRRRLLLLLLUU

