START -- 1 13 1 13 STANDING 0
========= CURRENT MAP =========

                      1 1 1 1 
  1 1 1 1 1 1 1 3 1 1 1 1 * 1 
  1 1 1 1               1 1 1 
  1 1 4 1                     
  1 1 1 1                     
      1 1 1 5 1 1 1 1 1 1     
                    1 1 1 1 3 
1 1 1               1 1 1 1 1 
1 9 1 1 1 1 1 1 1 1 1 1 1     
1 1 1 1                       

===============================
LEFT -- 1 11 1 12 LYING_ROW 0
========= CURRENT MAP =========

                      1 1 1 1 
  1 1 1 1 1 1 1 3 1 1 * * 1 1 
  1 1 1 1               1 1 1 
  1 1 4 1                     
  1 1 1 1                     
      1 1 1 5 1 1 1 1 1 1     
                    1 1 1 1 3 
1 1 1               1 1 1 1 1 
1 9 1 1 1 1 1 1 1 1 1 1 1     
1 1 1 1                       

===============================
UP -- 0 11 0 12 LYING_ROW 0
========= CURRENT MAP =========

                      * * 1 1 
  1 1 1 1 1 1 1 3 1 1 1 1 1 1 
  1 1 1 1               1 1 1 
  1 1 4 1                     
  1 1 1 1                     
      1 1 1 5 1 1 1 1 1 1     
                    1 1 1 1 3 
1 1 1               1 1 1 1 1 
1 9 1 1 1 1 1 1 1 1 1 1 1     
1 1 1 1                       

===============================
RIGHT -- 0 13 0 13 STANDING 0
========= CURRENT MAP =========

                      1 1 * 1 
  1 1 1 1 1 1 1 3 1 1 1 1 1 1 
  1 1 1 1               1 1 1 
  1 1 4 1                     
  1 1 1 1                     
      1 1 1 5 1 1 1 1 1 1     
                    1 1 1 1 3 
1 1 1               1 1 1 1 1 
1 9 1 1 1 1 1 1 1 1 1 1 1     
1 1 1 1                       

===============================
DOWN -- 1 13 2 13 LYING_COL 0
========= CURRENT MAP =========

                      1 1 1 1 
  1 1 1 1 1 1 1 3 1 1 1 1 * 1 
  1 1 1 1               1 * 1 
  1 1 4 1                     
  1 1 1 1                     
      1 1 1 5 1 1 1 1 1 1     
                    1 1 1 1 3 
1 1 1               1 1 1 1 1 
1 9 1 1 1 1 1 1 1 1 1 1 1     
1 1 1 1                       

===============================
RIGHT -- 1 14 2 14 LYING_COL 0
========= CURRENT MAP =========

                      1 1 1 1 
  1 1 1 1 1 1 1 3 1 1 1 1 1 * 
  1 1 1 1               1 1 * 
  1 1 4 1                     
  1 1 1 1                     
      1 1 1 5 1 1 1 1 1 1     
                    1 1 1 1 3 
1 1 1               1 1 1 1 1 
1 9 1 1 1 1 1 1 1 1 1 1 1     
1 1 1 1                       

===============================
UP -- 0 14 0 14 STANDING 0
========= CURRENT MAP =========

                      1 1 1 * 
  1 1 1 1 1 1 1 3 1 1 1 1 1 1 
  1 1 1 1               1 1 1 
  1 1 4 1                     
  1 1 1 1                     
      1 1 1 5 1 1 1 1 1 1     
                    1 1 1 1 3 
1 1 1               1 1 1 1 1 
1 9 1 1 1 1 1 1 1 1 1 1 1     
1 1 1 1                       

===============================
LEFT -- 0 12 0 13 LYING_ROW 0
========= CURRENT MAP =========

                      1 * * 1 
  1 1 1 1 1 1 1 3 1 1 1 1 1 1 
  1 1 1 1               1 1 1 
  1 1 4 1                     
  1 1 1 1                     
      1 1 1 5 1 1 1 1 1 1     
                    1 1 1 1 3 
1 1 1               1 1 1 1 1 
1 9 1 1 1 1 1 1 1 1 1 1 1     
1 1 1 1                       

===============================
DOWN -- 1 12 1 13 LYING_ROW 0
========= CURRENT MAP =========

                      1 1 1 1 
  1 1 1 1 1 1 1 3 1 1 1 * * 1 
  1 1 1 1               1 1 1 
  1 1 4 1                     
  1 1 1 1                     
      1 1 1 5 1 1 1 1 1 1     
                    1 1 1 1 3 
1 1 1               1 1 1 1 1 
1 9 1 1 1 1 1 1 1 1 1 1 1     
1 1 1 1                       

===============================
DOWN -- 2 12 2 13 LYING_ROW 0
========= CURRENT MAP =========

                      1 1 1 1 
  1 1 1 1 1 1 1 3 1 1 1 1 1 1 
  1 1 1 1               * * 1 
  1 1 4 1                     
  1 1 1 1                     
      1 1 1 5 1 1 1 1 1 1     
                    1 1 1 1 3 
1 1 1               1 1 1 1 1 
1 9 1 1 1 1 1 1 1 1 1 1 1     
1 1 1 1                       

===============================
RIGHT -- 2 14 2 14 STANDING 0
========= CURRENT MAP =========

                      1 1 1 1 
  1 1 1 1 1 1 1 3 1 1 1 1 1 1 
  1 1 1 1               1 1 * 
  1 1 4 1                     
  1 1 1 1                     
      1 1 1 5 1 1 1 1 1 1     
                    1 1 1 1 3 
1 1 1               1 1 1 1 1 
1 9 1 1 1 1 1 1 1 1 1 1 1     
1 1 1 1                       

===============================
UP -- 0 14 1 14 LYING_COL 0
========= CURRENT MAP =========

                      1 1 1 * 
  1 1 1 1 1 1 1 3 1 1 1 1 1 * 
  1 1 1 1               1 1 1 
  1 1 4 1                     
  1 1 1 1                     
      1 1 1 5 1 1 1 1 1 1     
                    1 1 1 1 3 
1 1 1               1 1 1 1 1 
1 9 1 1 1 1 1 1 1 1 1 1 1     
1 1 1 1                       

===============================
LEFT -- 0 13 1 13 LYING_COL 0
========= CURRENT MAP =========

                      1 1 * 1 
  1 1 1 1 1 1 1 3 1 1 1 1 * 1 
  1 1 1 1               1 1 1 
  1 1 4 1                     
  1 1 1 1                     
      1 1 1 5 1 1 1 1 1 1     
                    1 1 1 1 3 
1 1 1               1 1 1 1 1 
1 9 1 1 1 1 1 1 1 1 1 1 1     
1 1 1 1                       

===============================
LEFT -- 0 12 1 12 LYING_COL 0
========= CURRENT MAP =========

                      1 * 1 1 
  1 1 1 1 1 1 1 3 1 1 1 * 1 1 
  1 1 1 1               1 1 1 
  1 1 4 1                     
  1 1 1 1                     
      1 1 1 5 1 1 1 1 1 1     
                    1 1 1 1 3 
1 1 1               1 1 1 1 1 
1 9 1 1 1 1 1 1 1 1 1 1 1     
1 1 1 1                       

===============================
DOWN -- 2 12 2 12 STANDING 0
========= CURRENT MAP =========

                      1 1 1 1 
  1 1 1 1 1 1 1 3 1 1 1 1 1 1 
  1 1 1 1               * 1 1 
  1 1 4 1                     
  1 1 1 1                     
      1 1 1 5 1 1 1 1 1 1     
                    1 1 1 1 3 
1 1 1               1 1 1 1 1 
1 9 1 1 1 1 1 1 1 1 1 1 1     
1 1 1 1                       

===============================
RIGHT -- 2 13 2 14 LYING_ROW 0
========= CURRENT MAP =========

                      1 1 1 1 
  1 1 1 1 1 1 1 3 1 1 1 1 1 1 
  1 1 1 1               1 * * 
  1 1 4 1                     
  1 1 1 1                     
      1 1 1 5 1 1 1 1 1 1     
                    1 1 1 1 3 
1 1 1               1 1 1 1 1 
1 9 1 1 1 1 1 1 1 1 1 1 1     
1 1 1 1                       

===============================
UP -- 1 13 1 14 LYING_ROW 0
========= CURRENT MAP =========

                      1 1 1 1 
  1 1 1 1 1 1 1 3 1 1 1 1 * * 
  1 1 1 1               1 1 1 
  1 1 4 1                     
  1 1 1 1                     
      1 1 1 5 1 1 1 1 1 1     
                    1 1 1 1 3 
1 1 1               1 1 1 1 1 
1 9 1 1 1 1 1 1 1 1 1 1 1     
1 1 1 1                       

===============================
LEFT -- 1 12 1 12 STANDING 0
========= CURRENT MAP =========

                      1 1 1 1 
  1 1 1 1 1 1 1 3 1 1 1 * 1 1 
  1 1 1 1               1 1 1 
  1 1 4 1                     
  1 1 1 1                     
      1 1 1 5 1 1 1 1 1 1     
                    1 1 1 1 3 
1 1 1               1 1 1 1 1 
1 9 1 1 1 1 1 1 1 1 1 1 1     
1 1 1 1                       

===============================
LEFT -- 1 10 1 11 LYING_ROW 0
========= CURRENT MAP =========

                      1 1 1 1 
  1 1 1 1 1 1 1 3 1 * * 1 1 1 
  1 1 1 1               1 1 1 
  1 1 4 1                     
  1 1 1 1                     
      1 1 1 5 1 1 1 1 1 1     
                    1 1 1 1 3 
1 1 1               1 1 1 1 1 
1 9 1 1 1 1 1 1 1 1 1 1 1     
1 1 1 1                       

===============================
LEFT -- 1 9 1 9 STANDING 0
========= CURRENT MAP =========

                      1 1 1 1 
  1 1 1 1 1 1 1 3 * 1 1 1 1 1 
  1 1 1 1               1 1 1 
  1 1 4 1                     
  1 1 1 1                     
      1 1 1 5 1 1 1 1 1 1     
                    1 1 1 1 3 
1 1 1               1 1 1 1 1 
1 9 1 1 1 1 1 1 1 1 1 1 1     
1 1 1 1                       

===============================
LEFT -- 1 7 1 8 LYING_ROW 0
========= CURRENT MAP =========

                      1 1 1 1 
  1 1 1 1     * * 1 1 1 1 1 1 
  1 1 1 1               1 1 1 
  1 1 4 1                     
  1 1 1 1                     
      1 1 1 5 1 1 1 1 1 1     
                    1 1 1 1 3 
1 1 1               1 1 1 1 1 
1 9 1 1 1 1 1 1 1 1 1 1 1     
1 1 1 1                       

===============================
RIGHT -- 1 9 1 9 STANDING 0
========= CURRENT MAP =========

                      1 1 1 1 
  1 1 1 1     1 3 * 1 1 1 1 1 
  1 1 1 1               1 1 1 
  1 1 4 1                     
  1 1 1 1                     
      1 1 1 5 1 1 1 1 1 1     
                    1 1 1 1 3 
1 1 1               1 1 1 1 1 
1 9 1 1 1 1 1 1 1 1 1 1 1     
1 1 1 1                       

===============================
RIGHT -- 1 10 1 11 LYING_ROW 0
========= CURRENT MAP =========

                      1 1 1 1 
  1 1 1 1     1 3 1 * * 1 1 1 
  1 1 1 1               1 1 1 
  1 1 4 1                     
  1 1 1 1                     
      1 1 1 5 1 1 1 1 1 1     
                    1 1 1 1 3 
1 1 1               1 1 1 1 1 
1 9 1 1 1 1 1 1 1 1 1 1 1     
1 1 1 1                       

===============================
RIGHT -- 1 12 1 12 STANDING 0
========= CURRENT MAP =========

                      1 1 1 1 
  1 1 1 1     1 3 1 1 1 * 1 1 
  1 1 1 1               1 1 1 
  1 1 4 1                     
  1 1 1 1                     
      1 1 1 5 1 1 1 1 1 1     
                    1 1 1 1 3 
1 1 1               1 1 1 1 1 
1 9 1 1 1 1 1 1 1 1 1 1 1     
1 1 1 1                       

===============================
RIGHT -- 1 13 1 14 LYING_ROW 0
========= CURRENT MAP =========

                      1 1 1 1 
  1 1 1 1     1 3 1 1 1 1 * * 
  1 1 1 1               1 1 1 
  1 1 4 1                     
  1 1 1 1                     
      1 1 1 5 1 1 1 1 1 1     
                    1 1 1 1 3 
1 1 1               1 1 1 1 1 
1 9 1 1 1 1 1 1 1 1 1 1 1     
1 1 1 1                       

===============================
DOWN -- 2 13 2 14 LYING_ROW 0
========= CURRENT MAP =========

                      1 1 1 1 
  1 1 1 1     1 3 1 1 1 1 1 1 
  1 1 1 1               1 * * 
  1 1 4 1                     
  1 1 1 1                     
      1 1 1 5 1 1 1 1 1 1     
                    1 1 1 1 3 
1 1 1               1 1 1 1 1 
1 9 1 1 1 1 1 1 1 1 1 1 1     
1 1 1 1                       

===============================
LEFT -- 2 12 2 12 STANDING 0
========= CURRENT MAP =========

                      1 1 1 1 
  1 1 1 1     1 3 1 1 1 1 1 1 
  1 1 1 1               * 1 1 
  1 1 4 1                     
  1 1 1 1                     
      1 1 1 5 1 1 1 1 1 1     
                    1 1 1 1 3 
1 1 1               1 1 1 1 1 
1 9 1 1 1 1 1 1 1 1 1 1 1     
1 1 1 1                       

===============================
UP -- 0 12 1 12 LYING_COL 0
========= CURRENT MAP =========

                      1 * 1 1 
  1 1 1 1     1 3 1 1 1 * 1 1 
  1 1 1 1               1 1 1 
  1 1 4 1                     
  1 1 1 1                     
      1 1 1 5 1 1 1 1 1 1     
                    1 1 1 1 3 
1 1 1               1 1 1 1 1 
1 9 1 1 1 1 1 1 1 1 1 1 1     
1 1 1 1                       

===============================
RIGHT -- 0 13 1 13 LYING_COL 0
========= CURRENT MAP =========

                      1 1 * 1 
  1 1 1 1     1 3 1 1 1 1 * 1 
  1 1 1 1               1 1 1 
  1 1 4 1                     
  1 1 1 1                     
      1 1 1 5 1 1 1 1 1 1     
                    1 1 1 1 3 
1 1 1               1 1 1 1 1 
1 9 1 1 1 1 1 1 1 1 1 1 1     
1 1 1 1                       

===============================
RIGHT -- 0 14 1 14 LYING_COL 0
========= CURRENT MAP =========

                      1 1 1 * 
  1 1 1 1     1 3 1 1 1 1 1 * 
  1 1 1 1               1 1 1 
  1 1 4 1                     
  1 1 1 1                     
      1 1 1 5 1 1 1 1 1 1     
                    1 1 1 1 3 
1 1 1               1 1 1 1 1 
1 9 1 1 1 1 1 1 1 1 1 1 1     
1 1 1 1                       

===============================
DOWN -- 2 14 2 14 STANDING 0
========= CURRENT MAP =========

                      1 1 1 1 
  1 1 1 1     1 3 1 1 1 1 1 1 
  1 1 1 1               1 1 * 
  1 1 4 1                     
  1 1 1 1                     
      1 1 1 5 1 1 1 1 1 1     
                    1 1 1 1 3 
1 1 1               1 1 1 1 1 
1 9 1 1 1 1 1 1 1 1 1 1 1     
1 1 1 1                       

===============================
LEFT -- 2 12 2 13 LYING_ROW 0
========= CURRENT MAP =========

                      1 1 1 1 
  1 1 1 1     1 3 1 1 1 1 1 1 
  1 1 1 1               * * 1 
  1 1 4 1                     
  1 1 1 1                     
      1 1 1 5 1 1 1 1 1 1     
                    1 1 1 1 3 
1 1 1               1 1 1 1 1 
1 9 1 1 1 1 1 1 1 1 1 1 1     
1 1 1 1                       

===============================
UP -- 1 12 1 13 LYING_ROW 0
========= CURRENT MAP =========

                      1 1 1 1 
  1 1 1 1     1 3 1 1 1 * * 1 
  1 1 1 1               1 1 1 
  1 1 4 1                     
  1 1 1 1                     
      1 1 1 5 1 1 1 1 1 1     
                    1 1 1 1 3 
1 1 1               1 1 1 1 1 
1 9 1 1 1 1 1 1 1 1 1 1 1     
1 1 1 1                       

===============================
UP -- 0 12 0 13 LYING_ROW 0
========= CURRENT MAP =========

                      1 * * 1 
  1 1 1 1     1 3 1 1 1 1 1 1 
  1 1 1 1               1 1 1 
  1 1 4 1                     
  1 1 1 1                     
      1 1 1 5 1 1 1 1 1 1     
                    1 1 1 1 3 
1 1 1               1 1 1 1 1 
1 9 1 1 1 1 1 1 1 1 1 1 1     
1 1 1 1                       

===============================
RIGHT -- 0 14 0 14 STANDING 0
========= CURRENT MAP =========

                      1 1 1 * 
  1 1 1 1     1 3 1 1 1 1 1 1 
  1 1 1 1               1 1 1 
  1 1 4 1                     
  1 1 1 1                     
      1 1 1 5 1 1 1 1 1 1     
                    1 1 1 1 3 
1 1 1               1 1 1 1 1 
1 9 1 1 1 1 1 1 1 1 1 1 1     
1 1 1 1                       

===============================
DOWN -- 1 14 2 14 LYING_COL 0
========= CURRENT MAP =========

                      1 1 1 1 
  1 1 1 1     1 3 1 1 1 1 1 * 
  1 1 1 1               1 1 * 
  1 1 4 1                     
  1 1 1 1                     
      1 1 1 5 1 1 1 1 1 1     
                    1 1 1 1 3 
1 1 1               1 1 1 1 1 
1 9 1 1 1 1 1 1 1 1 1 1 1     
1 1 1 1                       

===============================
LEFT -- 1 13 2 13 LYING_COL 0
========= CURRENT MAP =========

                      1 1 1 1 
  1 1 1 1     1 3 1 1 1 1 * 1 
  1 1 1 1               1 * 1 
  1 1 4 1                     
  1 1 1 1                     
      1 1 1 5 1 1 1 1 1 1     
                    1 1 1 1 3 
1 1 1               1 1 1 1 1 
1 9 1 1 1 1 1 1 1 1 1 1 1     
1 1 1 1                       

===============================
UP -- 0 13 0 13 STANDING 0
========= CURRENT MAP =========

                      1 1 * 1 
  1 1 1 1     1 3 1 1 1 1 1 1 
  1 1 1 1               1 1 1 
  1 1 4 1                     
  1 1 1 1                     
      1 1 1 5 1 1 1 1 1 1     
                    1 1 1 1 3 
1 1 1               1 1 1 1 1 
1 9 1 1 1 1 1 1 1 1 1 1 1     
1 1 1 1                       

===============================
LEFT -- 0 11 0 12 LYING_ROW 0
========= CURRENT MAP =========

                      * * 1 1 
  1 1 1 1     1 3 1 1 1 1 1 1 
  1 1 1 1               1 1 1 
  1 1 4 1                     
  1 1 1 1                     
      1 1 1 5 1 1 1 1 1 1     
                    1 1 1 1 3 
1 1 1               1 1 1 1 1 
1 9 1 1 1 1 1 1 1 1 1 1 1     
1 1 1 1                       

===============================
DOWN -- 1 11 1 12 LYING_ROW 0
========= CURRENT MAP =========

                      1 1 1 1 
  1 1 1 1     1 3 1 1 * * 1 1 
  1 1 1 1               1 1 1 
  1 1 4 1                     
  1 1 1 1                     
      1 1 1 5 1 1 1 1 1 1     
                    1 1 1 1 3 
1 1 1               1 1 1 1 1 
1 9 1 1 1 1 1 1 1 1 1 1 1     
1 1 1 1                       

===============================
LEFT -- 1 10 1 10 STANDING 0
========= CURRENT MAP =========

                      1 1 1 1 
  1 1 1 1     1 3 1 * 1 1 1 1 
  1 1 1 1               1 1 1 
  1 1 4 1                     
  1 1 1 1                     
      1 1 1 5 1 1 1 1 1 1     
                    1 1 1 1 3 
1 1 1               1 1 1 1 1 
1 9 1 1 1 1 1 1 1 1 1 1 1     
1 1 1 1                       

===============================
LEFT -- 1 8 1 9 LYING_ROW 0
========= CURRENT MAP =========

                      1 1 1 1 
  1 1 1 1 1 1 1 * * 1 1 1 1 1 
  1 1 1 1               1 1 1 
  1 1 4 1                     
  1 1 1 1                     
      1 1 1 5 1 1 1 1 1 1     
                    1 1 1 1 3 
1 1 1               1 1 1 1 1 
1 9 1 1 1 1 1 1 1 1 1 1 1     
1 1 1 1                       

===============================
LEFT -- 1 7 1 7 STANDING 0
========= CURRENT MAP =========

                      1 1 1 1 
  1 1 1 1 1 1 * 3 1 1 1 1 1 1 
  1 1 1 1               1 1 1 
  1 1 4 1                     
  1 1 1 1                     
      1 1 1 5 1 1 1 1 1 1     
                    1 1 1 1 3 
1 1 1               1 1 1 1 1 
1 9 1 1 1 1 1 1 1 1 1 1 1     
1 1 1 1                       

===============================
LEFT -- 1 5 1 6 LYING_ROW 0
========= CURRENT MAP =========

                      1 1 1 1 
  1 1 1 1 * * 1 3 1 1 1 1 1 1 
  1 1 1 1               1 1 1 
  1 1 4 1                     
  1 1 1 1                     
      1 1 1 5 1 1 1 1 1 1     
                    1 1 1 1 3 
1 1 1               1 1 1 1 1 
1 9 1 1 1 1 1 1 1 1 1 1 1     
1 1 1 1                       

===============================
LEFT -- 1 4 1 4 STANDING 0
========= CURRENT MAP =========

                      1 1 1 1 
  1 1 1 * 1 1 1 3 1 1 1 1 1 1 
  1 1 1 1               1 1 1 
  1 1 4 1                     
  1 1 1 1                     
      1 1 1 5 1 1 1 1 1 1     
                    1 1 1 1 3 
1 1 1               1 1 1 1 1 
1 9 1 1 1 1 1 1 1 1 1 1 1     
1 1 1 1                       

===============================
DOWN -- 2 4 3 4 LYING_COL 0
========= CURRENT MAP =========

                      1 1 1 1 
  1 1 1 1 1 1 1 3 1 1 1 1 1 1 
  1 1 1 *               1 1 1 
  1 1 4 *                     
  1 1 1 1                     
      1 1 1 5 1 1 1 1 1 1     
                    1 1 1 1 3 
1 1 1               1 1 1 1 1 
1 9 1 1 1 1 1 1 1 1 1 1 1     
1 1 1 1                       

===============================
DOWN -- 4 4 4 4 STANDING 0
========= CURRENT MAP =========

                      1 1 1 1 
  1 1 1 1 1 1 1 3 1 1 1 1 1 1 
  1 1 1 1               1 1 1 
  1 1 4 1                     
  1 1 1 *                     
      1 1 1 5 1 1 1 1 1 1     
                    1 1 1 1 3 
1 1 1               1 1 1 1 1 
1 9 1 1 1 1 1 1 1 1 1 1 1     
1 1 1 1                       

===============================
LEFT -- 4 2 4 3 LYING_ROW 0
========= CURRENT MAP =========

                      1 1 1 1 
  1 1 1 1 1 1 1 3 1 1 1 1 1 1 
  1 1 1 1               1 1 1 
  1 1 4 1                     
  1 * * 1                     
      1 1 1 5 1 1 1 1 1 1     
                    1 1 1 1 3 
1 1 1               1 1 1 1 1 
1 9 1 1 1 1 1 1 1 1 1 1 1     
1 1 1 1                       

===============================
UP -- 3 2 3 3 LYING_ROW 0
========= CURRENT MAP =========

                      1 1 1 1 
  1 1 1 1 1 1 1 3 1 1 1 1 1 1 
  1 1 1 1               1 1 1 
  1 * * 1                     
  1 1 1 1                     
      1 1 1 5 1 1 1 1 1 1     
                    1 1 1 1 3 
1 1 1               1 1 1 1 1 
1 9 1 1 1 1 1 1 1 1 1 1 1     
1 1 1 1                       

===============================
UP -- 2 2 2 3 LYING_ROW 0
========= CURRENT MAP =========

                      1 1 1 1 
  1 1 1 1 1 1 1 3 1 1 1 1 1 1 
  1 * * 1               1 1 1 
  1 1 4 1                     
  1 1 1 1                     
      1 1 1 5 1 1 1 1 1 1     
                    1 1 1 1 3 
1 1 1               1 1 1 1 1 
1 9 1 1 1 1 1 1 1 1 1 1 1     
1 1 1 1                       

===============================
UP -- 1 2 1 3 LYING_ROW 0
========= CURRENT MAP =========

                      1 1 1 1 
  1 * * 1 1 1 1 3 1 1 1 1 1 1 
  1 1 1 1               1 1 1 
  1 1 4 1                     
  1 1 1 1                     
      1 1 1 5 1 1 1 1 1 1     
                    1 1 1 1 3 
1 1 1               1 1 1 1 1 
1 9 1 1 1 1 1 1 1 1 1 1 1     
1 1 1 1                       

===============================
LEFT -- 1 1 1 1 STANDING 0
========= CURRENT MAP =========

                      1 1 1 1 
  * 1 1 1 1 1 1 3 1 1 1 1 1 1 
  1 1 1 1               1 1 1 
  1 1 4 1                     
  1 1 1 1                     
      1 1 1 5 1 1 1 1 1 1     
                    1 1 1 1 3 
1 1 1               1 1 1 1 1 
1 9 1 1 1 1 1 1 1 1 1 1 1     
1 1 1 1                       

===============================
DOWN -- 2 1 3 1 LYING_COL 0
========= CURRENT MAP =========

                      1 1 1 1 
  1 1 1 1 1 1 1 3 1 1 1 1 1 1 
  * 1 1 1               1 1 1 
  * 1 4 1                     
  1 1 1 1                     
      1 1 1 5 1 1 1 1 1 1     
                    1 1 1 1 3 
1 1 1               1 1 1 1 1 
1 9 1 1 1 1 1 1 1 1 1 1 1     
1 1 1 1                       

===============================
RIGHT -- 2 2 3 2 LYING_COL 0
========= CURRENT MAP =========

                      1 1 1 1 
  1 1 1 1 1 1 1 3 1 1 1 1 1 1 
  1 * 1 1               1 1 1 
  1 * 4 1                     
  1 1 1 1                     
      1 1 1 5 1 1 1 1 1 1     
                    1 1 1 1 3 
1 1 1               1 1 1 1 1 
1 9 1 1 1 1 1 1 1 1 1 1 1     
1 1 1 1                       

===============================
DOWN -- 4 2 4 2 STANDING 0
========= CURRENT MAP =========

                      1 1 1 1 
  1 1 1 1 1 1 1 3 1 1 1 1 1 1 
  1 1 1 1               1 1 1 
  1 1 4 1                     
  1 * 1 1                     
      1 1 1 5 1 1 1 1 1 1     
                    1 1 1 1 3 
1 1 1               1 1 1 1 1 
1 9 1 1 1 1 1 1 1 1 1 1 1     
1 1 1 1                       

===============================
RIGHT -- 4 3 4 4 LYING_ROW 0
========= CURRENT MAP =========

                      1 1 1 1 
  1 1 1 1 1 1 1 3 1 1 1 1 1 1 
  1 1 1 1               1 1 1 
  1 1 4 1                     
  1 1 * *                     
      1 1 1 5 1 1 1 1 1 1     
                    1 1 1 1 3 
1 1 1               1 1 1 1 1 
1 9 1 1 1 1 1 1 1 1 1 1 1     
1 1 1 1                       

===============================
DOWN -- 5 3 5 4 LYING_ROW 0
========= CURRENT MAP =========

                      1 1 1 1 
  1 1 1 1 1 1 1 3 1 1 1 1 1 1 
  1 1 1 1               1 1 1 
  1 1 4 1                     
  1 1 1 1                     
      * * 1 5 1 1 1 1 1 1     
                    1 1 1 1 3 
1 1 1               1 1 1 1 1 
1 9 1 1 1 1 1 1 1 1 1 1 1     
1 1 1 1                       

===============================
RIGHT -- 5 5 5 5 STANDING 0
========= CURRENT MAP =========

                      1 1 1 1 
  1 1 1 1 1 1 1 3 1 1 1 1 1 1 
  1 1 1 1               1 1 1 
  1 1 4 1                     
  1 1 1 1                     
      1 1 * 5 1 1 1 1 1 1     
                    1 1 1 1 3 
1 1 1               1 1 1 1 1 
1 9 1 1 1 1 1 1 1 1 1 1 1     
1 1 1 1                       

===============================
RIGHT -- 5 6 5 7 LYING_ROW 0
========= CURRENT MAP =========

                      1 1 1 1 
  1 1 1 1 1 1 1 3 1 1 1 1 1 1 
  1 1 1 1               1 1 1 
  1 1 4 1                     
  1 1 1 1                     
      1 1 1 * * 1 1 1 1 1     
                    1 1 1 1 3 
1 1 1               1 1 1 1 1 
1 9 1 1 1     1 1 1 1 1 1     
1 1 1 1                       

===============================
RIGHT -- 5 8 5 8 STANDING 0
========= CURRENT MAP =========

                      1 1 1 1 
  1 1 1 1 1 1 1 3 1 1 1 1 1 1 
  1 1 1 1               1 1 1 
  1 1 4 1                     
  1 1 1 1                     
      1 1 1 5 1 * 1 1 1 1     
                    1 1 1 1 3 
1 1 1               1 1 1 1 1 
1 9 1 1 1     1 1 1 1 1 1     
1 1 1 1                       

===============================
RIGHT -- 5 9 5 10 LYING_ROW 0
========= CURRENT MAP =========

                      1 1 1 1 
  1 1 1 1 1 1 1 3 1 1 1 1 1 1 
  1 1 1 1               1 1 1 
  1 1 4 1                     
  1 1 1 1                     
      1 1 1 5 1 1 * * 1 1     
                    1 1 1 1 3 
1 1 1               1 1 1 1 1 
1 9 1 1 1     1 1 1 1 1 1     
1 1 1 1                       

===============================
RIGHT -- 5 11 5 11 STANDING 0
========= CURRENT MAP =========

                      1 1 1 1 
  1 1 1 1 1 1 1 3 1 1 1 1 1 1 
  1 1 1 1               1 1 1 
  1 1 4 1                     
  1 1 1 1                     
      1 1 1 5 1 1 1 1 * 1     
                    1 1 1 1 3 
1 1 1               1 1 1 1 1 
1 9 1 1 1     1 1 1 1 1 1     
1 1 1 1                       

===============================
DOWN -- 6 11 7 11 LYING_COL 0
========= CURRENT MAP =========

                      1 1 1 1 
  1 1 1 1 1 1 1 3 1 1 1 1 1 1 
  1 1 1 1               1 1 1 
  1 1 4 1                     
  1 1 1 1                     
      1 1 1 5 1 1 1 1 1 1     
                    1 * 1 1 3 
1 1 1               1 * 1 1 1 
1 9 1 1 1     1 1 1 1 1 1     
1 1 1 1                       

===============================
RIGHT -- 6 12 7 12 LYING_COL 0
========= CURRENT MAP =========

                      1 1 1 1 
  1 1 1 1 1 1 1 3 1 1 1 1 1 1 
  1 1 1 1               1 1 1 
  1 1 4 1                     
  1 1 1 1                     
      1 1 1 5 1 1 1 1 1 1     
                    1 1 * 1 3 
1 1 1               1 1 * 1 1 
1 9 1 1 1     1 1 1 1 1 1     
1 1 1 1                       

===============================
DOWN -- 8 12 8 12 STANDING 0
========= CURRENT MAP =========

                      1 1 1 1 
  1 1 1 1 1 1 1 3 1 1 1 1 1 1 
  1 1 1 1               1 1 1 
  1 1 4 1                     
  1 1 1 1                     
      1 1 1 5 1 1 1 1 1 1     
                    1 1 1 1 3 
1 1 1               1 1 1 1 1 
1 9 1 1 1     1 1 1 1 1 *     
1 1 1 1                       

===============================
LEFT -- 8 10 8 11 LYING_ROW 0
========= CURRENT MAP =========

                      1 1 1 1 
  1 1 1 1 1 1 1 3 1 1 1 1 1 1 
  1 1 1 1               1 1 1 
  1 1 4 1                     
  1 1 1 1                     
      1 1 1 5 1 1 1 1 1 1     
                    1 1 1 1 3 
1 1 1               1 1 1 1 1 
1 9 1 1 1     1 1 1 * * 1     
1 1 1 1                       

===============================
UP -- 7 10 7 11 LYING_ROW 0
========= CURRENT MAP =========

                      1 1 1 1 
  1 1 1 1 1 1 1 3 1 1 1 1 1 1 
  1 1 1 1               1 1 1 
  1 1 4 1                     
  1 1 1 1                     
      1 1 1 5 1 1 1 1 1 1     
                    1 1 1 1 3 
1 1 1               * * 1 1 1 
1 9 1 1 1     1 1 1 1 1 1     
1 1 1 1                       

===============================
UP -- 6 10 6 11 LYING_ROW 0
========= CURRENT MAP =========

                      1 1 1 1 
  1 1 1 1 1 1 1 3 1 1 1 1 1 1 
  1 1 1 1               1 1 1 
  1 1 4 1                     
  1 1 1 1                     
      1 1 1 5 1 1 1 1 1 1     
                    * * 1 1 3 
1 1 1               1 1 1 1 1 
1 9 1 1 1     1 1 1 1 1 1     
1 1 1 1                       

===============================
UP -- 5 10 5 11 LYING_ROW 0
========= CURRENT MAP =========

                      1 1 1 1 
  1 1 1 1 1 1 1 3 1 1 1 1 1 1 
  1 1 1 1               1 1 1 
  1 1 4 1                     
  1 1 1 1                     
      1 1 1 5 1 1 1 * * 1     
                    1 1 1 1 3 
1 1 1               1 1 1 1 1 
1 9 1 1 1     1 1 1 1 1 1     
1 1 1 1                       

===============================
LEFT -- 5 9 5 9 STANDING 0
========= CURRENT MAP =========

                      1 1 1 1 
  1 1 1 1 1 1 1 3 1 1 1 1 1 1 
  1 1 1 1               1 1 1 
  1 1 4 1                     
  1 1 1 1                     
      1 1 1 5 1 1 * 1 1 1     
                    1 1 1 1 3 
1 1 1               1 1 1 1 1 
1 9 1 1 1     1 1 1 1 1 1     
1 1 1 1                       

===============================
LEFT -- 5 7 5 8 LYING_ROW 0
========= CURRENT MAP =========

                      1 1 1 1 
  1 1 1 1 1 1 1 3 1 1 1 1 1 1 
  1 1 1 1               1 1 1 
  1 1 4 1                     
  1 1 1 1                     
      1 1 1 5 * * 1 1 1 1     
                    1 1 1 1 3 
1 1 1               1 1 1 1 1 
1 9 1 1 1     1 1 1 1 1 1     
1 1 1 1                       

===============================
LEFT -- 5 6 5 6 STANDING 0
========= CURRENT MAP =========

                      1 1 1 1 
  1 1 1 1 1 1 1 3 1 1 1 1 1 1 
  1 1 1 1               1 1 1 
  1 1 4 1                     
  1 1 1 1                     
      1 1 1 * 1 1 1 1 1 1     
                    1 1 1 1 3 
1 1 1               1 1 1 1 1 
1 9 1 1 1     1 1 1 1 1 1     
1 1 1 1                       

===============================
LEFT -- 5 4 5 5 LYING_ROW 0
========= CURRENT MAP =========

                      1 1 1 1 
  1 1 1 1 1 1 1 3 1 1 1 1 1 1 
  1 1 1 1               1 1 1 
  1 1 4 1                     
  1 1 1 1                     
      1 * * 5 1 1 1 1 1 1     
                    1 1 1 1 3 
1 1 1               1 1 1 1 1 
1 9 1 1 1     1 1 1 1 1 1     
1 1 1 1                       

===============================
LEFT -- 5 3 5 3 STANDING 0
========= CURRENT MAP =========

                      1 1 1 1 
  1 1 1 1 1 1 1 3 1 1 1 1 1 1 
  1 1 1 1               1 1 1 
  1 1 4 1                     
  1 1 1 1                     
      * 1 1 5 1 1 1 1 1 1     
                    1 1 1 1 3 
1 1 1               1 1 1 1 1 
1 9 1 1 1     1 1 1 1 1 1     
1 1 1 1                       

===============================
UP -- 3 3 4 3 LYING_COL 0
========= CURRENT MAP =========

                      1 1 1 1 
  1 1 1 1 1 1 1 3 1 1 1 1 1 1 
  1 1 1 1               1 1 1 
  1 1 * 1                     
  1 1 * 1                     
      1 1 1 5 1 1 1 1 1 1     
                    1 1 1 1 3 
1 1 1               1 1 1 1 1 
1 9 1 1 1 1 1 1 1 1 1 1 1     
1 1 1 1                       

===============================
RIGHT -- 3 4 4 4 LYING_COL 0
========= CURRENT MAP =========

                      1 1 1 1 
  1 1 1 1 1 1 1 3 1 1 1 1 1 1 
  1 1 1 1               1 1 1 
  1 1 4 *                     
  1 1 1 *                     
      1 1 1 5 1 1 1 1 1 1     
                    1 1 1 1 3 
1 1 1               1 1 1 1 1 
1 9 1 1 1 1 1 1 1 1 1 1 1     
1 1 1 1                       

===============================
DOWN -- 5 4 5 4 STANDING 0
========= CURRENT MAP =========

                      1 1 1 1 
  1 1 1 1 1 1 1 3 1 1 1 1 1 1 
  1 1 1 1               1 1 1 
  1 1 4 1                     
  1 1 1 1                     
      1 * 1 5 1 1 1 1 1 1     
                    1 1 1 1 3 
1 1 1               1 1 1 1 1 
1 9 1 1 1 1 1 1 1 1 1 1 1     
1 1 1 1                       

===============================
RIGHT -- 5 5 5 6 LYING_ROW 0
========= CURRENT MAP =========

                      1 1 1 1 
  1 1 1 1 1 1 1 3 1 1 1 1 1 1 
  1 1 1 1               1 1 1 
  1 1 4 1                     
  1 1 1 1                     
      1 1 * * 1 1 1 1 1 1     
                    1 1 1 1 3 
1 1 1               1 1 1 1 1 
1 9 1 1 1     1 1 1 1 1 1     
1 1 1 1                       

===============================
RIGHT -- 5 7 5 7 STANDING 0
========= CURRENT MAP =========

                      1 1 1 1 
  1 1 1 1 1 1 1 3 1 1 1 1 1 1 
  1 1 1 1               1 1 1 
  1 1 4 1                     
  1 1 1 1                     
      1 1 1 5 * 1 1 1 1 1     
                    1 1 1 1 3 
1 1 1               1 1 1 1 1 
1 9 1 1 1     1 1 1 1 1 1     
1 1 1 1                       

===============================
RIGHT -- 5 8 5 9 LYING_ROW 0
========= CURRENT MAP =========

                      1 1 1 1 
  1 1 1 1 1 1 1 3 1 1 1 1 1 1 
  1 1 1 1               1 1 1 
  1 1 4 1                     
  1 1 1 1                     
      1 1 1 5 1 * * 1 1 1     
                    1 1 1 1 3 
1 1 1               1 1 1 1 1 
1 9 1 1 1     1 1 1 1 1 1     
1 1 1 1                       

===============================
RIGHT -- 5 10 5 10 STANDING 0
========= CURRENT MAP =========

                      1 1 1 1 
  1 1 1 1 1 1 1 3 1 1 1 1 1 1 
  1 1 1 1               1 1 1 
  1 1 4 1                     
  1 1 1 1                     
      1 1 1 5 1 1 1 * 1 1     
                    1 1 1 1 3 
1 1 1               1 1 1 1 1 
1 9 1 1 1     1 1 1 1 1 1     
1 1 1 1                       

===============================
DOWN -- 6 10 7 10 LYING_COL 0
========= CURRENT MAP =========

                      1 1 1 1 
  1 1 1 1 1 1 1 3 1 1 1 1 1 1 
  1 1 1 1               1 1 1 
  1 1 4 1                     
  1 1 1 1                     
      1 1 1 5 1 1 1 1 1 1     
                    * 1 1 1 3 
1 1 1               * 1 1 1 1 
1 9 1 1 1     1 1 1 1 1 1     
1 1 1 1                       

===============================
DOWN -- 8 10 8 10 STANDING 0
========= CURRENT MAP =========

                      1 1 1 1 
  1 1 1 1 1 1 1 3 1 1 1 1 1 1 
  1 1 1 1               1 1 1 
  1 1 4 1                     
  1 1 1 1                     
      1 1 1 5 1 1 1 1 1 1     
                    1 1 1 1 3 
1 1 1               1 1 1 1 1 
1 9 1 1 1     1 1 1 * 1 1     
1 1 1 1                       

===============================
RIGHT -- 8 11 8 12 LYING_ROW 0
========= CURRENT MAP =========

                      1 1 1 1 
  1 1 1 1 1 1 1 3 1 1 1 1 1 1 
  1 1 1 1               1 1 1 
  1 1 4 1                     
  1 1 1 1                     
      1 1 1 5 1 1 1 1 1 1     
                    1 1 1 1 3 
1 1 1               1 1 1 1 1 
1 9 1 1 1     1 1 1 1 * *     
1 1 1 1                       

===============================
UP -- 7 11 7 12 LYING_ROW 0
========= CURRENT MAP =========

                      1 1 1 1 
  1 1 1 1 1 1 1 3 1 1 1 1 1 1 
  1 1 1 1               1 1 1 
  1 1 4 1                     
  1 1 1 1                     
      1 1 1 5 1 1 1 1 1 1     
                    1 1 1 1 3 
1 1 1               1 * * 1 1 
1 9 1 1 1     1 1 1 1 1 1     
1 1 1 1                       

===============================
UP -- 6 11 6 12 LYING_ROW 0
========= CURRENT MAP =========

                      1 1 1 1 
  1 1 1 1 1 1 1 3 1 1 1 1 1 1 
  1 1 1 1               1 1 1 
  1 1 4 1                     
  1 1 1 1                     
      1 1 1 5 1 1 1 1 1 1     
                    1 * * 1 3 
1 1 1               1 1 1 1 1 
1 9 1 1 1     1 1 1 1 1 1     
1 1 1 1                       

===============================
LEFT -- 6 10 6 10 STANDING 0
========= CURRENT MAP =========

                      1 1 1 1 
  1 1 1 1 1 1 1 3 1 1 1 1 1 1 
  1 1 1 1               1 1 1 
  1 1 4 1                     
  1 1 1 1                     
      1 1 1 5 1 1 1 1 1 1     
                    * 1 1 1 3 
1 1 1               1 1 1 1 1 
1 9 1 1 1     1 1 1 1 1 1     
1 1 1 1                       

===============================
DOWN -- 7 10 8 10 LYING_COL 0
========= CURRENT MAP =========

                      1 1 1 1 
  1 1 1 1 1 1 1 3 1 1 1 1 1 1 
  1 1 1 1               1 1 1 
  1 1 4 1                     
  1 1 1 1                     
      1 1 1 5 1 1 1 1 1 1     
                    1 1 1 1 3 
1 1 1               * 1 1 1 1 
1 9 1 1 1     1 1 1 * 1 1     
1 1 1 1                       

===============================
RIGHT -- 7 11 8 11 LYING_COL 0
========= CURRENT MAP =========

                      1 1 1 1 
  1 1 1 1 1 1 1 3 1 1 1 1 1 1 
  1 1 1 1               1 1 1 
  1 1 4 1                     
  1 1 1 1                     
      1 1 1 5 1 1 1 1 1 1     
                    1 1 1 1 3 
1 1 1               1 * 1 1 1 
1 9 1 1 1     1 1 1 1 * 1     
1 1 1 1                       

===============================
UP -- 6 11 6 11 STANDING 0
========= CURRENT MAP =========

                      1 1 1 1 
  1 1 1 1 1 1 1 3 1 1 1 1 1 1 
  1 1 1 1               1 1 1 
  1 1 4 1                     
  1 1 1 1                     
      1 1 1 5 1 1 1 1 1 1     
                    1 * 1 1 3 
1 1 1               1 1 1 1 1 
1 9 1 1 1     1 1 1 1 1 1     
1 1 1 1                       

===============================
RIGHT -- 6 12 6 13 LYING_ROW 0
========= CURRENT MAP =========

                      1 1 1 1 
  1 1 1 1 1 1 1 3 1 1 1 1 1 1 
  1 1 1 1               1 1 1 
  1 1 4 1                     
  1 1 1 1                     
      1 1 1 5 1 1 1 1 1 1     
                    1 1 * * 3 
1 1 1               1 1 1 1 1 
1 9 1 1 1     1 1 1 1 1 1     
1 1 1 1                       

===============================
DOWN -- 7 12 7 13 LYING_ROW 0
========= CURRENT MAP =========

                      1 1 1 1 
  1 1 1 1 1 1 1 3 1 1 1 1 1 1 
  1 1 1 1               1 1 1 
  1 1 4 1                     
  1 1 1 1                     
      1 1 1 5 1 1 1 1 1 1     
                    1 1 1 1 3 
1 1 1               1 1 * * 1 
1 9 1 1 1     1 1 1 1 1 1     
1 1 1 1                       

===============================
LEFT -- 7 11 7 11 STANDING 0
========= CURRENT MAP =========

                      1 1 1 1 
  1 1 1 1 1 1 1 3 1 1 1 1 1 1 
  1 1 1 1               1 1 1 
  1 1 4 1                     
  1 1 1 1                     
      1 1 1 5 1 1 1 1 1 1     
                    1 1 1 1 3 
1 1 1               1 * 1 1 1 
1 9 1 1 1     1 1 1 1 1 1     
1 1 1 1                       

===============================
UP -- 5 11 6 11 LYING_COL 0
========= CURRENT MAP =========

                      1 1 1 1 
  1 1 1 1 1 1 1 3 1 1 1 1 1 1 
  1 1 1 1               1 1 1 
  1 1 4 1                     
  1 1 1 1                     
      1 1 1 5 1 1 1 1 * 1     
                    1 * 1 1 3 
1 1 1               1 1 1 1 1 
1 9 1 1 1     1 1 1 1 1 1     
1 1 1 1                       

===============================
RIGHT -- 5 12 6 12 LYING_COL 0
========= CURRENT MAP =========

                      1 1 1 1 
  1 1 1 1 1 1 1 3 1 1 1 1 1 1 
  1 1 1 1               1 1 1 
  1 1 4 1                     
  1 1 1 1                     
      1 1 1 5 1 1 1 1 1 *     
                    1 1 * 1 3 
1 1 1               1 1 1 1 1 
1 9 1 1 1     1 1 1 1 1 1     
1 1 1 1                       

===============================
DOWN -- 7 12 7 12 STANDING 0
========= CURRENT MAP =========

                      1 1 1 1 
  1 1 1 1 1 1 1 3 1 1 1 1 1 1 
  1 1 1 1               1 1 1 
  1 1 4 1                     
  1 1 1 1                     
      1 1 1 5 1 1 1 1 1 1     
                    1 1 1 1 3 
1 1 1               1 1 * 1 1 
1 9 1 1 1     1 1 1 1 1 1     
1 1 1 1                       

===============================
RIGHT -- 7 13 7 14 LYING_ROW 0
========= CURRENT MAP =========

                      1 1 1 1 
  1 1 1 1 1 1 1 3 1 1 1 1 1 1 
  1 1 1 1               1 1 1 
  1 1 4 1                     
  1 1 1 1                     
      1 1 1 5 1 1 1 1 1 1     
                    1 1 1 1 3 
1 1 1               1 1 1 * * 
1 9 1 1 1     1 1 1 1 1 1     
1 1 1 1                       

===============================
UP -- 6 13 6 14 LYING_ROW 0
========= CURRENT MAP =========

                      1 1 1 1 
  1 1 1 1 1 1 1 3 1 1 1 1 1 1 
  1 1 1 1               1 1 1 
  1 1 4 1                     
  1 1 1 1                     
      1 1 1 5 1 1 1 1 1 1     
                    1 1 1 * * 
1 1 1               1 1 1 1 1 
1 9 1 1 1 1 1 1 1 1 1 1 1     
1 1 1 1                       

===============================
DOWN -- 7 13 7 14 LYING_ROW 0
========= CURRENT MAP =========

                      1 1 1 1 
  1 1 1 1 1 1 1 3 1 1 1 1 1 1 
  1 1 1 1               1 1 1 
  1 1 4 1                     
  1 1 1 1                     
      1 1 1 5 1 1 1 1 1 1     
                    1 1 1 1 3 
1 1 1               1 1 1 * * 
1 9 1 1 1 1 1 1 1 1 1 1 1     
1 1 1 1                       

===============================
LEFT -- 7 12 7 12 STANDING 0
========= CURRENT MAP =========

                      1 1 1 1 
  1 1 1 1 1 1 1 3 1 1 1 1 1 1 
  1 1 1 1               1 1 1 
  1 1 4 1                     
  1 1 1 1                     
      1 1 1 5 1 1 1 1 1 1     
                    1 1 1 1 3 
1 1 1               1 1 * 1 1 
1 9 1 1 1 1 1 1 1 1 1 1 1     
1 1 1 1                       

===============================
UP -- 5 12 6 12 LYING_COL 0
========= CURRENT MAP =========

                      1 1 1 1 
  1 1 1 1 1 1 1 3 1 1 1 1 1 1 
  1 1 1 1               1 1 1 
  1 1 4 1                     
  1 1 1 1                     
      1 1 1 5 1 1 1 1 1 *     
                    1 1 * 1 3 
1 1 1               1 1 1 1 1 
1 9 1 1 1 1 1 1 1 1 1 1 1     
1 1 1 1                       

===============================
LEFT -- 5 11 6 11 LYING_COL 0
========= CURRENT MAP =========

                      1 1 1 1 
  1 1 1 1 1 1 1 3 1 1 1 1 1 1 
  1 1 1 1               1 1 1 
  1 1 4 1                     
  1 1 1 1                     
      1 1 1 5 1 1 1 1 * 1     
                    1 * 1 1 3 
1 1 1               1 1 1 1 1 
1 9 1 1 1 1 1 1 1 1 1 1 1     
1 1 1 1                       

===============================
DOWN -- 7 11 7 11 STANDING 0
========= CURRENT MAP =========

                      1 1 1 1 
  1 1 1 1 1 1 1 3 1 1 1 1 1 1 
  1 1 1 1               1 1 1 
  1 1 4 1                     
  1 1 1 1                     
      1 1 1 5 1 1 1 1 1 1     
                    1 1 1 1 3 
1 1 1               1 * 1 1 1 
1 9 1 1 1 1 1 1 1 1 1 1 1     
1 1 1 1                       

===============================
RIGHT -- 7 12 7 13 LYING_ROW 0
========= CURRENT MAP =========

                      1 1 1 1 
  1 1 1 1 1 1 1 3 1 1 1 1 1 1 
  1 1 1 1               1 1 1 
  1 1 4 1                     
  1 1 1 1                     
      1 1 1 5 1 1 1 1 1 1     
                    1 1 1 1 3 
1 1 1               1 1 * * 1 
1 9 1 1 1 1 1 1 1 1 1 1 1     
1 1 1 1                       

===============================
UP -- 6 12 6 13 LYING_ROW 0
========= CURRENT MAP =========

                      1 1 1 1 
  1 1 1 1 1 1 1 3 1 1 1 1 1 1 
  1 1 1 1               1 1 1 
  1 1 4 1                     
  1 1 1 1                     
      1 1 1 5 1 1 1 1 1 1     
                    1 1 * * 3 
1 1 1               1 1 1 1 1 
1 9 1 1 1 1 1 1 1 1 1 1 1     
1 1 1 1                       

===============================
LEFT -- 6 11 6 11 STANDING 0
========= CURRENT MAP =========

                      1 1 1 1 
  1 1 1 1 1 1 1 3 1 1 1 1 1 1 
  1 1 1 1               1 1 1 
  1 1 4 1                     
  1 1 1 1                     
      1 1 1 5 1 1 1 1 1 1     
                    1 * 1 1 3 
1 1 1               1 1 1 1 1 
1 9 1 1 1 1 1 1 1 1 1 1 1     
1 1 1 1                       

===============================
DOWN -- 7 11 8 11 LYING_COL 0
========= CURRENT MAP =========

                      1 1 1 1 
  1 1 1 1 1 1 1 3 1 1 1 1 1 1 
  1 1 1 1               1 1 1 
  1 1 4 1                     
  1 1 1 1                     
      1 1 1 5 1 1 1 1 1 1     
                    1 1 1 1 3 
1 1 1               1 * 1 1 1 
1 9 1 1 1 1 1 1 1 1 1 * 1     
1 1 1 1                       

===============================
RIGHT -- 7 12 8 12 LYING_COL 0
========= CURRENT MAP =========

                      1 1 1 1 
  1 1 1 1 1 1 1 3 1 1 1 1 1 1 
  1 1 1 1               1 1 1 
  1 1 4 1                     
  1 1 1 1                     
      1 1 1 5 1 1 1 1 1 1     
                    1 1 1 1 3 
1 1 1               1 1 * 1 1 
1 9 1 1 1 1 1 1 1 1 1 1 *     
1 1 1 1                       

===============================
UP -- 6 12 6 12 STANDING 0
========= CURRENT MAP =========

                      1 1 1 1 
  1 1 1 1 1 1 1 3 1 1 1 1 1 1 
  1 1 1 1               1 1 1 
  1 1 4 1                     
  1 1 1 1                     
      1 1 1 5 1 1 1 1 1 1     
                    1 1 * 1 3 
1 1 1               1 1 1 1 1 
1 9 1 1 1 1 1 1 1 1 1 1 1     
1 1 1 1                       

===============================
LEFT -- 6 10 6 11 LYING_ROW 0
========= CURRENT MAP =========

                      1 1 1 1 
  1 1 1 1 1 1 1 3 1 1 1 1 1 1 
  1 1 1 1               1 1 1 
  1 1 4 1                     
  1 1 1 1                     
      1 1 1 5 1 1 1 1 1 1     
                    * * 1 1 3 
1 1 1               1 1 1 1 1 
1 9 1 1 1 1 1 1 1 1 1 1 1     
1 1 1 1                       

===============================
DOWN -- 7 10 7 11 LYING_ROW 0
========= CURRENT MAP =========

                      1 1 1 1 
  1 1 1 1 1 1 1 3 1 1 1 1 1 1 
  1 1 1 1               1 1 1 
  1 1 4 1                     
  1 1 1 1                     
      1 1 1 5 1 1 1 1 1 1     
                    1 1 1 1 3 
1 1 1               * * 1 1 1 
1 9 1 1 1 1 1 1 1 1 1 1 1     
1 1 1 1                       

===============================
DOWN -- 8 10 8 11 LYING_ROW 0
========= CURRENT MAP =========

                      1 1 1 1 
  1 1 1 1 1 1 1 3 1 1 1 1 1 1 
  1 1 1 1               1 1 1 
  1 1 4 1                     
  1 1 1 1                     
      1 1 1 5 1 1 1 1 1 1     
                    1 1 1 1 3 
1 1 1               1 1 1 1 1 
1 9 1 1 1 1 1 1 1 1 * * 1     
1 1 1 1                       

===============================
RIGHT -- 8 12 8 12 STANDING 0
========= CURRENT MAP =========

                      1 1 1 1 
  1 1 1 1 1 1 1 3 1 1 1 1 1 1 
  1 1 1 1               1 1 1 
  1 1 4 1                     
  1 1 1 1                     
      1 1 1 5 1 1 1 1 1 1     
                    1 1 1 1 3 
1 1 1               1 1 1 1 1 
1 9 1 1 1 1 1 1 1 1 1 1 *     
1 1 1 1                       

===============================
UP -- 6 12 7 12 LYING_COL 0
========= CURRENT MAP =========

                      1 1 1 1 
  1 1 1 1 1 1 1 3 1 1 1 1 1 1 
  1 1 1 1               1 1 1 
  1 1 4 1                     
  1 1 1 1                     
      1 1 1 5 1 1 1 1 1 1     
                    1 1 * 1 3 
1 1 1               1 1 * 1 1 
1 9 1 1 1 1 1 1 1 1 1 1 1     
1 1 1 1                       

===============================
LEFT -- 6 11 7 11 LYING_COL 0
========= CURRENT MAP =========

                      1 1 1 1 
  1 1 1 1 1 1 1 3 1 1 1 1 1 1 
  1 1 1 1               1 1 1 
  1 1 4 1                     
  1 1 1 1                     
      1 1 1 5 1 1 1 1 1 1     
                    1 * 1 1 3 
1 1 1               1 * 1 1 1 
1 9 1 1 1 1 1 1 1 1 1 1 1     
1 1 1 1                       

===============================
DOWN -- 8 11 8 11 STANDING 0
========= CURRENT MAP =========

                      1 1 1 1 
  1 1 1 1 1 1 1 3 1 1 1 1 1 1 
  1 1 1 1               1 1 1 
  1 1 4 1                     
  1 1 1 1                     
      1 1 1 5 1 1 1 1 1 1     
                    1 1 1 1 3 
1 1 1               1 1 1 1 1 
1 9 1 1 1 1 1 1 1 1 1 * 1     
1 1 1 1                       

===============================
LEFT -- 8 9 8 10 LYING_ROW 0
========= CURRENT MAP =========

                      1 1 1 1 
  1 1 1 1 1 1 1 3 1 1 1 1 1 1 
  1 1 1 1               1 1 1 
  1 1 4 1                     
  1 1 1 1                     
      1 1 1 5 1 1 1 1 1 1     
                    1 1 1 1 3 
1 1 1               1 1 1 1 1 
1 9 1 1 1 1 1 1 1 * * 1 1     
1 1 1 1                       

===============================
LEFT -- 8 8 8 8 STANDING 0
========= CURRENT MAP =========

                      1 1 1 1 
  1 1 1 1 1 1 1 3 1 1 1 1 1 1 
  1 1 1 1               1 1 1 
  1 1 4 1                     
  1 1 1 1                     
      1 1 1 5 1 1 1 1 1 1     
                    1 1 1 1 3 
1 1 1               1 1 1 1 1 
1 9 1 1 1 1 1 1 * 1 1 1 1     
1 1 1 1                       

===============================
LEFT -- 8 6 8 7 LYING_ROW 0
========= CURRENT MAP =========

                      1 1 1 1 
  1 1 1 1 1 1 1 3 1 1 1 1 1 1 
  1 1 1 1               1 1 1 
  1 1 4 1                     
  1 1 1 1                     
      1 1 1 5 1 1 1 1 1 1     
                    1 1 1 1 3 
1 1 1               1 1 1 1 1 
1 9 1 1 1 1 * * 1 1 1 1 1     
1 1 1 1                       

===============================
LEFT -- 8 5 8 5 STANDING 0
========= CURRENT MAP =========

                      1 1 1 1 
  1 1 1 1 1 1 1 3 1 1 1 1 1 1 
  1 1 1 1               1 1 1 
  1 1 4 1                     
  1 1 1 1                     
      1 1 1 5 1 1 1 1 1 1     
                    1 1 1 1 3 
1 1 1               1 1 1 1 1 
1 9 1 1 1 * 1 1 1 1 1 1 1     
1 1 1 1                       

===============================
LEFT -- 8 3 8 4 LYING_ROW 0
========= CURRENT MAP =========

                      1 1 1 1 
  1 1 1 1 1 1 1 3 1 1 1 1 1 1 
  1 1 1 1               1 1 1 
  1 1 4 1                     
  1 1 1 1                     
      1 1 1 5 1 1 1 1 1 1     
                    1 1 1 1 3 
1 1 1               1 1 1 1 1 
1 9 1 * * 1 1 1 1 1 1 1 1     
1 1 1 1                       

===============================
LEFT -- 8 2 8 2 STANDING 0
========= CURRENT MAP =========

                      1 1 1 1 
  1 1 1 1 1 1 1 3 1 1 1 1 1 1 
  1 1 1 1               1 1 1 
  1 1 4 1                     
  1 1 1 1                     
      1 1 1 5 1 1 1 1 1 1     
                    1 1 1 1 3 
1 1 1               1 1 1 1 1 
1 9 * 1 1 1 1 1 1 1 1 1 1     
1 1 1 1                       

===============================
LEFT -- 8 0 8 1 LYING_ROW 0
========= CURRENT MAP =========

                      1 1 1 1 
  1 1 1 1 1 1 1 3 1 1 1 1 1 1 
  1 1 1 1               1 1 1 
  1 1 4 1                     
  1 1 1 1                     
      1 1 1 5 1 1 1 1 1 1     
                    1 1 1 1 3 
1 1 1               1 1 1 1 1 
* * 1 1 1 1 1 1 1 1 1 1 1     
1 1 1 1                       

===============================
DOWN -- 9 0 9 1 LYING_ROW 0
========= CURRENT MAP =========

                      1 1 1 1 
  1 1 1 1 1 1 1 3 1 1 1 1 1 1 
  1 1 1 1               1 1 1 
  1 1 4 1                     
  1 1 1 1                     
      1 1 1 5 1 1 1 1 1 1     
                    1 1 1 1 3 
1 1 1               1 1 1 1 1 
1 9 1 1 1 1 1 1 1 1 1 1 1     
* * 1 1                       

===============================
RIGHT -- 9 2 9 2 STANDING 0
========= CURRENT MAP =========

                      1 1 1 1 
  1 1 1 1 1 1 1 3 1 1 1 1 1 1 
  1 1 1 1               1 1 1 
  1 1 4 1                     
  1 1 1 1                     
      1 1 1 5 1 1 1 1 1 1     
                    1 1 1 1 3 
1 1 1               1 1 1 1 1 
1 9 1 1 1 1 1 1 1 1 1 1 1     
1 1 * 1                       

===============================
UP -- 7 2 8 2 LYING_COL 0
========= CURRENT MAP =========

                      1 1 1 1 
  1 1 1 1 1 1 1 3 1 1 1 1 1 1 
  1 1 1 1               1 1 1 
  1 1 4 1                     
  1 1 1 1                     
      1 1 1 5 1 1 1 1 1 1     
                    1 1 1 1 3 
1 1 *               1 1 1 1 1 
1 9 * 1 1 1 1 1 1 1 1 1 1     
1 1 1 1                       

===============================
LEFT -- 7 1 8 1 LYING_COL 0
========= CURRENT MAP =========

                      1 1 1 1 
  1 1 1 1 1 1 1 3 1 1 1 1 1 1 
  1 1 1 1               1 1 1 
  1 1 4 1                     
  1 1 1 1                     
      1 1 1 5 1 1 1 1 1 1     
                    1 1 1 1 3 
1 * 1               1 1 1 1 1 
1 * 1 1 1 1 1 1 1 1 1 1 1     
1 1 1 1                       

===============================
DOWN -- 9 1 9 1 STANDING 0
========= CURRENT MAP =========

                      1 1 1 1 
  1 1 1 1 1 1 1 3 1 1 1 1 1 1 
  1 1 1 1               1 1 1 
  1 1 4 1                     
  1 1 1 1                     
      1 1 1 5 1 1 1 1 1 1     
                    1 1 1 1 3 
1 1 1               1 1 1 1 1 
1 9 1 1 1 1 1 1 1 1 1 1 1     
1 * 1 1                       

===============================
RIGHT -- 9 2 9 3 LYING_ROW 0
========= CURRENT MAP =========

                      1 1 1 1 
  1 1 1 1 1 1 1 3 1 1 1 1 1 1 
  1 1 1 1               1 1 1 
  1 1 4 1                     
  1 1 1 1                     
      1 1 1 5 1 1 1 1 1 1     
                    1 1 1 1 3 
1 1 1               1 1 1 1 1 
1 9 1 1 1 1 1 1 1 1 1 1 1     
1 1 * *                       

===============================
UP -- 8 2 8 3 LYING_ROW 0
========= CURRENT MAP =========

                      1 1 1 1 
  1 1 1 1 1 1 1 3 1 1 1 1 1 1 
  1 1 1 1               1 1 1 
  1 1 4 1                     
  1 1 1 1                     
      1 1 1 5 1 1 1 1 1 1     
                    1 1 1 1 3 
1 1 1               1 1 1 1 1 
1 9 * * 1 1 1 1 1 1 1 1 1     
1 1 1 1                       

===============================
LEFT -- 8 1 8 1 STANDING 0
========= CURRENT MAP =========

                      1 1 1 1 
  1 1 1 1 1 1 1 3 1 1 1 1 1 1 
  1 1 1 1               1 1 1 
  1 1 4 1                     
  1 1 1 1                     
      1 1 1 5 1 1 1 1 1 1     
                    1 1 1 1 3 
1 1 1               1 1 1 1 1 
1 * 1 1 1 1 1 1 1 1 1 1 1     
1 1 1 1                       

===============================

=========== STAT 05 ============
STATUS: SUCCESS
PROCESS TIME: 0:00:00.053453
PROCESS MEMORY: 704512
REAL STEP: 131
VIRTUAL STEP: 877
===============================

PRESS KEY: LURDRULDDRULLDRULLLLRRRRDLURRDLUURDLULDLLLLLDDLUUULDRDRDRRRRRDRDLUUULLLLLURDRRRRDDRUULDRURDLURDRUDLULDRULDRULDDRULDLLLLLLLDRULDRUL

