START -- 3 1 3 1 STANDING 0
========= CURRENT MAP =========

          1 1 5 1 1 1         
          1 1 1 1 1 1         
1 1 1     5 1 1 5 1 1 1 1 1   
1 * 1 1 1 1 1 1 1 5 5 1 1 5   
          1 1 5 1 1 5 1 1 1   
          1 1 1 1 1 1 5 1 1   
1 1 1     1 1 1 1 1 1 5 1 1 1 
1 9 1 1 1 1 5 1     1 1 1 5 7 
1 1 1     1 1 1       1 1 1 1 
1 1 1                   1 1 1 

===============================
RIGHT -- 3 2 3 3 LYING_ROW 0
========= CURRENT MAP =========

          1 1 5 1 1 1         
          1 1 1 1 1 1         
1 1 1     5 1 1 5 1 1 1 1 1   
1 1 * * 1 1 1 1 1 5 5 1 1 5   
          1 1 5 1 1 5 1 1 1   
          1 1 1 1 1 1 5 1 1   
1 1 1     1 1 1 1 1 1 5 1 1 1 
1 9 1 1 1 1 5 1     1 1 1 5 7 
1 1 1     1 1 1       1 1 1 1 
1 1 1                   1 1 1 

===============================
RIGHT -- 3 4 3 4 STANDING 0
========= CURRENT MAP =========

          1 1 5 1 1 1         
          1 1 1 1 1 1         
1 1 1     5 1 1 5 1 1 1 1 1   
1 1 1 1 * 1 1 1 1 5 5 1 1 5   
          1 1 5 1 1 5 1 1 1   
          1 1 1 1 1 1 5 1 1   
1 1 1     1 1 1 1 1 1 5 1 1 1 
1 9 1 1 1 1 5 1     1 1 1 5 7 
1 1 1     1 1 1       1 1 1 1 
1 1 1                   1 1 1 

===============================
RIGHT -- 3 5 3 6 LYING_ROW 0
========= CURRENT MAP =========

          1 1 5 1 1 1         
          1 1 1 1 1 1         
1 1 1     5 1 1 5 1 1 1 1 1   
1 1 1 1 1 * * 1 1 5 5 1 1 5   
          1 1 5 1 1 5 1 1 1   
          1 1 1 1 1 1 5 1 1   
1 1 1     1 1 1 1 1 1 5 1 1 1 
1 9 1 1 1 1 5 1     1 1 1 5 7 
1 1 1     1 1 1       1 1 1 1 
1 1 1                   1 1 1 

===============================
RIGHT -- 3 7 3 7 STANDING 0
========= CURRENT MAP =========

          1 1 5 1 1 1         
          1 1 1 1 1 1         
1 1 1     5 1 1 5 1 1 1 1 1   
1 1 1 1 1 1 1 * 1 5 5 1 1 5   
          1 1 5 1 1 5 1 1 1   
          1 1 1 1 1 1 5 1 1   
1 1 1     1 1 1 1 1 1 5 1 1 1 
1 9 1 1 1 1 5 1     1 1 1 5 7 
1 1 1     1 1 1       1 1 1 1 
1 1 1                   1 1 1 

===============================
UP -- 1 7 2 7 LYING_COL 0
========= CURRENT MAP =========

          1 1 5 1 1 1         
          1 1 * 1 1 1         
1 1 1     5 1 * 5 1 1 1 1 1   
1 1 1 1 1 1 1 1 1 5 5 1 1 5   
          1 1 5 1 1 5 1 1 1   
          1 1 1 1 1 1 5 1 1   
1 1 1     1 1 1 1 1 1 5 1 1 1 
1 9 1 1 1 1 5 1     1 1 1 5 7 
1 1 1     1 1 1       1 1 1 1 
1 1 1                   1 1 1 

===============================
LEFT -- 1 6 2 6 LYING_COL 0
========= CURRENT MAP =========

          1 1 5 1 1 1         
          1 * 1 1 1 1         
1 1 1     5 * 1 5 1 1 1 1 1   
1 1 1 1 1 1 1 1 1 5 5 1 1 5   
          1 1 5 1 1 5 1 1 1   
          1 1 1 1 1 1 5 1 1   
1 1 1     1 1 1 1 1 1 5 1 1 1 
1 9 1 1 1 1 5 1     1 1 1 5 7 
1 1 1     1 1 1       1 1 1 1 
1 1 1                   1 1 1 

===============================
DOWN -- 3 6 3 6 STANDING 0
========= CURRENT MAP =========

          1 1 5 1 1 1         
          1 1 1 1 1 1         
1 1 1     5 1 1 5 1 1 1 1 1   
1 1 1 1 1 1 * 1 1 5 5 1 1 5   
          1 1 5 1 1 5 1 1 1   
          1 1 1 1 1 1 5 1 1   
1 1 1     1 1 1 1 1 1 5 1 1 1 
1 9 1 1 1 1 5 1     1 1 1 5 7 
1 1 1     1 1 1       1 1 1 1 
1 1 1                   1 1 1 

===============================
DOWN -- 4 6 5 6 LYING_COL 0
========= CURRENT MAP =========

          1 1 5 1 1 1         
          1 1 1 1 1 1         
1 1 1     5 1 1 5 1 1 1 1 1   
1 1 1 1 1 1 1 1 1 5 5 1 1 5   
          1 * 5 1 1 5 1 1 1   
          1 * 1 1 1 1 5 1 1   
1 1 1     1 1 1 1 1 1 5 1 1 1 
1 9 1 1 1 1 5 1     1 1 1 5 7 
1 1 1     1 1 1       1 1 1 1 
1 1 1                   1 1 1 

===============================
DOWN -- 6 6 6 6 STANDING 0
========= CURRENT MAP =========

          1 1 5 1 1 1         
          1 1 1 1 1 1         
1 1 1     5 1 1 5 1 1 1 1 1   
1 1 1 1 1 1 1 1 1 5 5 1 1 5   
          1 1 5 1 1 5 1 1 1   
          1 1 1 1 1 1 5 1 1   
1 1 1     1 * 1 1 1 1 5 1 1 1 
1 9 1 1 1 1 5 1     1 1 1 5 7 
1 1 1     1 1 1       1 1 1 1 
1 1 1                   1 1 1 

===============================
RIGHT -- 6 7 6 8 LYING_ROW 0
========= CURRENT MAP =========

          1 1 5 1 1 1         
          1 1 1 1 1 1         
1 1 1     5 1 1 5 1 1 1 1 1   
1 1 1 1 1 1 1 1 1 5 5 1 1 5   
          1 1 5 1 1 5 1 1 1   
          1 1 1 1 1 1 5 1 1   
1 1 1     1 1 * * 1 1 5 1 1 1 
1 9 1 1 1 1 5 1     1 1 1 5 7 
1 1 1     1 1 1       1 1 1 1 
1 1 1                   1 1 1 

===============================
UP -- 5 7 5 8 LYING_ROW 0
========= CURRENT MAP =========

          1 1 5 1 1 1         
          1 1 1 1 1 1         
1 1 1     5 1 1 5 1 1 1 1 1   
1 1 1 1 1 1 1 1 1 5 5 1 1 5   
          1 1 5 1 1 5 1 1 1   
          1 1 * * 1 1 5 1 1   
1 1 1     1 1 1 1 1 1 5 1 1 1 
1 9 1 1 1 1 5 1     1 1 1 5 7 
1 1 1     1 1 1       1 1 1 1 
1 1 1                   1 1 1 

===============================
LEFT -- 5 6 5 6 STANDING 0
========= CURRENT MAP =========

          1 1 5 1 1 1         
          1 1 1 1 1 1         
1 1 1     5 1 1 5 1 1 1 1 1   
1 1 1 1 1 1 1 1 1 5 5 1 1 5   
          1 1 5 1 1 5 1 1 1   
          1 * 1 1 1 1 5 1 1   
1 1 1     1 1 1 1 1 1 5 1 1 1 
1 9 1 1 1 1 5 1     1 1 1 5 7 
1 1 1     1 1 1       1 1 1 1 
1 1 1                   1 1 1 

===============================
UP -- 3 6 4 6 LYING_COL 0
========= CURRENT MAP =========

          1 1 5 1 1 1         
          1 1 1 1 1 1         
1 1 1     5 1 1 5 1 1 1 1 1   
1 1 1 1 1 1 * 1 1 5 5 1 1 5   
          1 * 5 1 1 5 1 1 1   
          1 1 1 1 1 1 5 1 1   
1 1 1     1 1 1 1 1 1 5 1 1 1 
1 9 1 1 1 1 5 1     1 1 1 5 7 
1 1 1     1 1 1       1 1 1 1 
1 1 1                   1 1 1 

===============================
LEFT -- 3 5 4 5 LYING_COL 0
========= CURRENT MAP =========

          1 1 5 1 1 1         
          1 1 1 1 1 1         
1 1 1     5 1 1 5 1 1 1 1 1   
1 1 1 1 1 * 1 1 1 5 5 1 1 5   
          * 1 5 1 1 5 1 1 1   
          1 1 1 1 1 1 5 1 1   
1 1 1     1 1 1 1 1 1 5 1 1 1 
1 9 1 1 1 1 5 1     1 1 1 5 7 
1 1 1     1 1 1       1 1 1 1 
1 1 1                   1 1 1 

===============================
DOWN -- 5 5 5 5 STANDING 0
========= CURRENT MAP =========

          1 1 5 1 1 1         
          1 1 1 1 1 1         
1 1 1     5 1 1 5 1 1 1 1 1   
1 1 1 1 1 1 1 1 1 5 5 1 1 5   
          1 1 5 1 1 5 1 1 1   
          * 1 1 1 1 1 5 1 1   
1 1 1     1 1 1 1 1 1 5 1 1 1 
1 9 1 1 1 1 5 1     1 1 1 5 7 
1 1 1     1 1 1       1 1 1 1 
1 1 1                   1 1 1 

===============================
RIGHT -- 5 6 5 7 LYING_ROW 0
========= CURRENT MAP =========

          1 1 5 1 1 1         
          1 1 1 1 1 1         
1 1 1     5 1 1 5 1 1 1 1 1   
1 1 1 1 1 1 1 1 1 5 5 1 1 5   
          1 1 5 1 1 5 1 1 1   
          1 * * 1 1 1 5 1 1   
1 1 1     1 1 1 1 1 1 5 1 1 1 
1 9 1 1 1 1 5 1     1 1 1 5 7 
1 1 1     1 1 1       1 1 1 1 
1 1 1                   1 1 1 

===============================
DOWN -- 6 6 6 7 LYING_ROW 0
========= CURRENT MAP =========

          1 1 5 1 1 1         
          1 1 1 1 1 1         
1 1 1     5 1 1 5 1 1 1 1 1   
1 1 1 1 1 1 1 1 1 5 5 1 1 5   
          1 1 5 1 1 5 1 1 1   
          1 1 1 1 1 1 5 1 1   
1 1 1     1 * * 1 1 1 5 1 1 1 
1 9 1 1 1 1 5 1     1 1 1 5 7 
1 1 1     1 1 1       1 1 1 1 
1 1 1                   1 1 1 

===============================
RIGHT -- 6 8 6 8 STANDING 0
========= CURRENT MAP =========

          1 1 5 1 1 1         
          1 1 1 1 1 1         
1 1 1     5 1 1 5 1 1 1 1 1   
1 1 1 1 1 1 1 1 1 5 5 1 1 5   
          1 1 5 1 1 5 1 1 1   
          1 1 1 1 1 1 5 1 1   
1 1 1     1 1 1 * 1 1 5 1 1 1 
1 9 1 1 1 1 5 1     1 1 1 5 7 
1 1 1     1 1 1       1 1 1 1 
1 1 1                   1 1 1 

===============================
UP -- 4 8 5 8 LYING_COL 0
========= CURRENT MAP =========

          1 1 5 1 1 1         
          1 1 1 1 1 1         
1 1 1     5 1 1 5 1 1 1 1 1   
1 1 1 1 1 1 1 1 1 5 5 1 1 5   
          1 1 5 * 1 5 1 1 1   
          1 1 1 * 1 1 5 1 1   
1 1 1     1 1 1 1 1 1 5 1 1 1 
1 9 1 1 1 1 5 1     1 1 1 5 7 
1 1 1     1 1 1       1 1 1 1 
1 1 1                   1 1 1 

===============================
UP -- 3 8 3 8 STANDING 0
========= CURRENT MAP =========

          1 1 5 1 1 1         
          1 1 1 1 1 1         
1 1 1     5 1 1 5 1 1 1 1 1   
1 1 1 1 1 1 1 1 * 5 5 1 1 5   
          1 1 5 1 1 5 1 1 1   
          1 1 1 1 1 1 5 1 1   
1 1 1     1 1 1 1 1 1 5 1 1 1 
1 9 1 1 1 1 5 1     1 1 1 5 7 
1 1 1     1 1 1       1 1 1 1 
1 1 1                   1 1 1 

===============================
LEFT -- 3 6 3 7 LYING_ROW 0
========= CURRENT MAP =========

          1 1 5 1 1 1         
          1 1 1 1 1 1         
1 1 1     5 1 1 5 1 1 1 1 1   
1 1 1 1 1 1 * * 1 5 5 1 1 5   
          1 1 5 1 1 5 1 1 1   
          1 1 1 1 1 1 5 1 1   
1 1 1     1 1 1 1 1 1 5 1 1 1 
1 9 1 1 1 1 5 1     1 1 1 5 7 
1 1 1     1 1 1       1 1 1 1 
1 1 1                   1 1 1 

===============================
UP -- 2 6 2 7 LYING_ROW 0
========= CURRENT MAP =========

          1 1 5 1 1 1         
          1 1 1 1 1 1         
1 1 1     5 * * 5 1 1 1 1 1   
1 1 1 1 1 1 1 1 1 5 5 1 1 5   
          1 1 5 1 1 5 1 1 1   
          1 1 1 1 1 1 5 1 1   
1 1 1     1 1 1 1 1 1 5 1 1 1 
1 9 1 1 1 1 5 1     1 1 1 5 7 
1 1 1     1 1 1       1 1 1 1 
1 1 1                   1 1 1 

===============================
UP -- 1 6 1 7 LYING_ROW 0
========= CURRENT MAP =========

          1 1 5 1 1 1         
          1 * * 1 1 1         
1 1 1     5 1 1 5 1 1 1 1 1   
1 1 1 1 1 1 1 1 1 5 5 1 1 5   
          1 1 5 1 1 5 1 1 1   
          1 1 1 1 1 1 5 1 1   
1 1 1     1 1 1 1 1 1 5 1 1 1 
1 9 1 1 1 1 5 1     1 1 1 5 7 
1 1 1     1 1 1       1 1 1 1 
1 1 1                   1 1 1 

===============================
RIGHT -- 1 8 1 8 STANDING 0
========= CURRENT MAP =========

          1 1 5 1 1 1         
          1 1 1 * 1 1         
1 1 1     5 1 1 5 1 1 1 1 1   
1 1 1 1 1 1 1 1 1 5 5 1 1 5   
          1 1 5 1 1 5 1 1 1   
          1 1 1 1 1 1 5 1 1   
1 1 1     1 1 1 1 1 1 5 1 1 1 
1 9 1 1 1 1 5 1     1 1 1 5 7 
1 1 1     1 1 1       1 1 1 1 
1 1 1                   1 1 1 

===============================
RIGHT -- 1 9 1 10 LYING_ROW 0
========= CURRENT MAP =========

          1 1 5 1 1 1         
          1 1 1 1 * *         
1 1 1     5 1 1 5 1 1 1 1 1   
1 1 1 1 1 1 1 1 1 5 5 1 1 5   
          1 1 5 1 1 5 1 1 1   
          1 1 1 1 1 1 5 1 1   
1 1 1     1 1 1 1 1 1 5 1 1 1 
1 9 1 1 1 1 5 1     1 1 1 5 7 
1 1 1     1 1 1       1 1 1 1 
1 1 1                   1 1 1 

===============================
DOWN -- 2 9 2 10 LYING_ROW 0
========= CURRENT MAP =========

          1 1 5 1 1 1         
          1 1 1 1 1 1         
1 1 1     5 1 1 5 * * 1 1 1   
1 1 1 1 1 1 1 1 1 5 5 1 1 5   
          1 1 5 1 1 5 1 1 1   
          1 1 1 1 1 1 5 1 1   
1 1 1     1 1 1 1 1 1 5 1 1 1 
1 9 1 1 1 1 5 1     1 1 1 5 7 
1 1 1     1 1 1       1 1 1 1 
1 1 1                   1 1 1 

===============================
RIGHT -- 2 11 2 11 STANDING 0
========= CURRENT MAP =========

          1 1 5 1 1 1         
          1 1 1 1 1 1         
1 1 1     5 1 1 5 1 1 * 1 1   
1 1 1 1 1 1 1 1 1 5 5 1 1 5   
          1 1 5 1 1 5 1 1 1   
          1 1 1 1 1 1 5 1 1   
1 1 1     1 1 1 1 1 1 5 1 1 1 
1 9 1 1 1 1 5 1     1 1 1 5 7 
1 1 1     1 1 1       1 1 1 1 
1 1 1                   1 1 1 

===============================
DOWN -- 3 11 4 11 LYING_COL 0
========= CURRENT MAP =========

          1 1 5 1 1 1         
          1 1 1 1 1 1         
1 1 1     5 1 1 5 1 1 1 1 1   
1 1 1 1 1 1 1 1 1 5 5 * 1 5   
          1 1 5 1 1 5 * 1 1   
          1 1 1 1 1 1 5 1 1   
1 1 1     1 1 1 1 1 1 5 1 1 1 
1 9 1 1 1 1 5 1     1 1 1 5 7 
1 1 1     1 1 1       1 1 1 1 
1 1 1                   1 1 1 

===============================
RIGHT -- 3 12 4 12 LYING_COL 0
========= CURRENT MAP =========

          1 1 5 1 1 1         
          1 1 1 1 1 1         
1 1 1     5 1 1 5 1 1 1 1 1   
1 1 1 1 1 1 1 1 1 5 5 1 * 5   
          1 1 5 1 1 5 1 * 1   
          1 1 1 1 1 1 5 1 1   
1 1 1     1 1 1 1 1 1 5 1 1 1 
1 9 1 1 1 1 5 1     1 1 1 5 7 
1 1 1     1 1 1       1 1 1 1 
1 1 1                   1 1 1 

===============================
UP -- 2 12 2 12 STANDING 0
========= CURRENT MAP =========

          1 1 5 1 1 1         
          1 1 1 1 1 1         
1 1 1     5 1 1 5 1 1 1 * 1   
1 1 1 1 1 1 1 1 1 5 5 1 1 5   
          1 1 5 1 1 5 1 1 1   
          1 1 1 1 1 1 5 1 1   
1 1 1     1 1 1 1 1 1 5 1 1 1 
1 9 1 1 1 1 5 1     1 1 1 5 7 
1 1 1     1 1 1       1 1 1 1 
1 1 1                   1 1 1 

===============================
LEFT -- 2 10 2 11 LYING_ROW 0
========= CURRENT MAP =========

          1 1 5 1 1 1         
          1 1 1 1 1 1         
1 1 1     5 1 1 5 1 * * 1 1   
1 1 1 1 1 1 1 1 1 5 5 1 1 5   
          1 1 5 1 1 5 1 1 1   
          1 1 1 1 1 1 5 1 1   
1 1 1     1 1 1 1 1 1 5 1 1 1 
1 9 1 1 1 1 5 1     1 1 1 5 7 
1 1 1     1 1 1       1 1 1 1 
1 1 1                   1 1 1 

===============================
LEFT -- 2 9 2 9 STANDING 0
========= CURRENT MAP =========

          1 1 5 1 1 1         
          1 1 1 1 1 1         
1 1 1     5 1 1 5 * 1 1 1 1   
1 1 1 1 1 1 1 1 1 5 5 1 1 5   
          1 1 5 1 1 5 1 1 1   
          1 1 1 1 1 1 5 1 1   
1 1 1     1 1 1 1 1 1 5 1 1 1 
1 9 1 1 1 1 5 1     1 1 1 5 7 
1 1 1     1 1 1       1 1 1 1 
1 1 1                   1 1 1 

===============================
UP -- 0 9 1 9 LYING_COL 0
========= CURRENT MAP =========

          1 1 5 1 * 1         
          1 1 1 1 * 1         
1 1 1     5 1 1 5 1 1 1 1 1   
1 1 1 1 1 1 1 1 1 5 5 1 1 5   
          1 1 5 1 1 5 1 1 1   
          1 1 1 1 1 1 5 1 1   
1 1 1     1 1 1 1 1 1 5 1 1 1 
1 9 1 1 1 1 5 1     1 1 1 5 7 
1 1 1     1 1 1       1 1 1 1 
1 1 1                   1 1 1 

===============================
RIGHT -- 0 10 1 10 LYING_COL 0
========= CURRENT MAP =========

          1 1 5 1 1 *         
          1 1 1 1 1 *         
1 1 1     5 1 1 5 1 1 1 1 1   
1 1 1 1 1 1 1 1 1 5 5 1 1 5   
          1 1 5 1 1 5 1 1 1   
          1 1 1 1 1 1 5 1 1   
1 1 1     1 1 1 1 1 1 5 1 1 1 
1 9 1 1 1 1 5 1     1 1 1 5 7 
1 1 1     1 1 1       1 1 1 1 
1 1 1                   1 1 1 

===============================
DOWN -- 2 10 2 10 STANDING 0
========= CURRENT MAP =========

          1 1 5 1 1 1         
          1 1 1 1 1 1         
1 1 1     5 1 1 5 1 * 1 1 1   
1 1 1 1 1 1 1 1 1 5 5 1 1 5   
          1 1 5 1 1 5 1 1 1   
          1 1 1 1 1 1 5 1 1   
1 1 1     1 1 1 1 1 1 5 1 1 1 
1 9 1 1 1 1 5 1     1 1 1 5 7 
1 1 1     1 1 1       1 1 1 1 
1 1 1                   1 1 1 

===============================
RIGHT -- 2 11 2 12 LYING_ROW 0
========= CURRENT MAP =========

          1 1 5 1 1 1         
          1 1 1 1 1 1         
1 1 1     5 1 1 5 1 1 * * 1   
1 1 1 1 1 1 1 1 1 5 5 1 1 5   
          1 1 5 1 1 5 1 1 1   
          1 1 1 1 1 1 5 1 1   
1 1 1     1 1 1 1 1 1 5 1 1 1 
1 9 1 1 1 1 5 1     1 1 1 5 7 
1 1 1     1 1 1       1 1 1 1 
1 1 1                   1 1 1 

===============================
DOWN -- 3 11 3 12 LYING_ROW 0
========= CURRENT MAP =========

          1 1 5 1 1 1         
          1 1 1 1 1 1         
1 1 1     5 1 1 5 1 1 1 1 1   
1 1 1 1 1 1 1 1 1 5 5 * * 5   
          1 1 5 1 1 5 1 1 1   
          1 1 1 1 1 1 5 1 1   
1 1 1     1 1 1 1 1 1 5 1 1 1 
1 9 1 1 1 1 5 1     1 1 1 5 7 
1 1 1     1 1 1       1 1 1 1 
1 1 1                   1 1 1 

===============================
DOWN -- 4 11 4 12 LYING_ROW 0
========= CURRENT MAP =========

          1 1 5 1 1 1         
          1 1 1 1 1 1         
1 1 1     5 1 1 5 1 1 1 1 1   
1 1 1 1 1 1 1 1 1 5 5 1 1 5   
          1 1 5 1 1 5 * * 1   
          1 1 1 1 1 1 5 1 1   
1 1 1     1 1 1 1 1 1 5 1 1 1 
1 9 1 1 1 1 5 1     1 1 1 5 7 
1 1 1     1 1 1       1 1 1 1 
1 1 1                   1 1 1 

===============================
RIGHT -- 4 13 4 13 STANDING 0
========= CURRENT MAP =========

          1 1 5 1 1 1         
          1 1 1 1 1 1         
1 1 1     5 1 1 5 1 1 1 1 1   
1 1 1 1 1 1 1 1 1 5 5 1 1 5   
          1 1 5 1 1 5 1 1 *   
          1 1 1 1 1 1 5 1 1   
1 1 1     1 1 1 1 1 1 5 1 1 1 
1 9 1 1 1 1 5 1     1 1 1 5 7 
1 1 1     1 1 1       1 1 1 1 
1 1 1                   1 1 1 

===============================
DOWN -- 5 13 6 13 LYING_COL 0
========= CURRENT MAP =========

          1 1 5 1 1 1         
          1 1 1 1 1 1         
1 1 1     5 1 1 5 1 1 1 1 1   
1 1 1 1 1 1 1 1 1 5 5 1 1 5   
          1 1 5 1 1 5 1 1 1   
          1 1 1 1 1 1 5 1 *   
1 1 1     1 1 1 1 1 1 5 1 * 1 
1 9 1 1 1 1 5 1     1 1 1 5 7 
1 1 1     1 1 1       1 1 1 1 
1 1 1                   1 1 1 

===============================
LEFT -- 5 12 6 12 LYING_COL 0
========= CURRENT MAP =========

          1 1 5 1 1 1         
          1 1 1 1 1 1         
1 1 1     5 1 1 5 1 1 1 1 1   
1 1 1 1 1 1 1 1 1 5 5 1 1 5   
          1 1 5 1 1 5 1 1 1   
          1 1 1 1 1 1 5 * 1   
1 1 1     1 1 1 1 1 1 5 * 1 1 
1 9 1 1 1 1 5 1     1 1 1 5 7 
1 1 1     1 1 1       1 1 1 1 
1 1 1                   1 1 1 

===============================
DOWN -- 7 12 7 12 STANDING 0
========= CURRENT MAP =========

          1 1 5 1 1 1         
          1 1 1 1 1 1         
1 1 1     5 1 1 5 1 1 1 1 1   
1 1 1 1 1 1 1 1 1 5 5 1 1 5   
          1 1 5 1 1 5 1 1 1   
          1 1 1 1 1 1 5 1 1   
1 1 1     1 1 1 1 1 1 5 1 1 1 
1 9 1 1 1 1 5 1     1 1 * 5 7 
1 1 1     1 1 1       1 1 1 1 
1 1 1                   1 1 1 

===============================
DOWN -- 8 12 9 12 LYING_COL 0
========= CURRENT MAP =========

          1 1 5 1 1 1         
          1 1 1 1 1 1         
1 1 1     5 1 1 5 1 1 1 1 1   
1 1 1 1 1 1 1 1 1 5 5 1 1 5   
          1 1 5 1 1 5 1 1 1   
          1 1 1 1 1 1 5 1 1   
1 1 1     1 1 1 1 1 1 5 1 1 1 
1 9 1 1 1 1 5 1     1 1 1 5 7 
1 1 1     1 1 1       1 * 1 1 
1 1 1                   * 1 1 

===============================
RIGHT -- 8 13 9 13 LYING_COL 0
========= CURRENT MAP =========

          1 1 5 1 1 1         
          1 1 1 1 1 1         
1 1 1     5 1 1 5 1 1 1 1 1   
1 1 1 1 1 1 1 1 1 5 5 1 1 5   
          1 1 5 1 1 5 1 1 1   
          1 1 1 1 1 1 5 1 1   
1 1 1     1 1 1 1 1 1 5 1 1 1 
1 9 1 1 1 1 5 1     1 1 1 5 7 
1 1 1     1 1 1       1 1 * 1 
1 1 1                   1 * 1 

===============================
RIGHT -- 8 14 9 14 LYING_COL 0
========= CURRENT MAP =========

          1 1 5 1 1 1         
          1 1 1 1 1 1         
1 1 1     5 1 1 5 1 1 1 1 1   
1 1 1 1 1 1 1 1 1 5 5 1 1 5   
          1 1 5 1 1 5 1 1 1   
          1 1 1 1 1 1 5 1 1   
1 1 1     1 1 1 1 1 1 5 1 1 1 
1 9 1 1 1 1 5 1     1 1 1 5 7 
1 1 1     1 1 1       1 1 1 * 
1 1 1                   1 1 * 

===============================
UP -- 7 14 7 14 STANDING 0
========= CURRENT MAP =========

          1 1 5 1 1 1         
          1 1 1 1 1 1 1       
1 1 1     5 1 1 5 1 1 1 1 1   
1 1 1 1 1 1 1 1 1 5 5 1 1 5   
          1 1 5 1 1 5 1 1 1   
          1 1 1 1 1 1 5 1 1   
1 1 1     1 1 1 1 1 1 5 1 1 1 
1 9 1 1 1 1 5 1     1 1 1 5 * 
1 1 1     1 1 1       1 1 1 1 
1 1 1                   1 1 1 

===============================
DOWN -- 8 14 9 14 LYING_COL 0
========= CURRENT MAP =========

          1 1 5 1 1 1         
          1 1 1 1 1 1 1       
1 1 1     5 1 1 5 1 1 1 1 1   
1 1 1 1 1 1 1 1 1 5 5 1 1 5   
          1 1 5 1 1 5 1 1 1   
          1 1 1 1 1 1 5 1 1   
1 1 1     1 1 1 1 1 1 5 1 1 1 
1 9 1 1 1 1 5 1     1 1 1 5 7 
1 1 1     1 1 1       1 1 1 * 
1 1 1                   1 1 * 

===============================
LEFT -- 8 13 9 13 LYING_COL 0
========= CURRENT MAP =========

          1 1 5 1 1 1         
          1 1 1 1 1 1 1       
1 1 1     5 1 1 5 1 1 1 1 1   
1 1 1 1 1 1 1 1 1 5 5 1 1 5   
          1 1 5 1 1 5 1 1 1   
          1 1 1 1 1 1 5 1 1   
1 1 1     1 1 1 1 1 1 5 1 1 1 
1 9 1 1 1 1 5 1     1 1 1 5 7 
1 1 1     1 1 1       1 1 * 1 
1 1 1                   1 * 1 

===============================
LEFT -- 8 12 9 12 LYING_COL 0
========= CURRENT MAP =========

          1 1 5 1 1 1         
          1 1 1 1 1 1 1       
1 1 1     5 1 1 5 1 1 1 1 1   
1 1 1 1 1 1 1 1 1 5 5 1 1 5   
          1 1 5 1 1 5 1 1 1   
          1 1 1 1 1 1 5 1 1   
1 1 1     1 1 1 1 1 1 5 1 1 1 
1 9 1 1 1 1 5 1     1 1 1 5 7 
1 1 1     1 1 1       1 * 1 1 
1 1 1                   * 1 1 

===============================
UP -- 7 12 7 12 STANDING 0
========= CURRENT MAP =========

          1 1 5 1 1 1         
          1 1 1 1 1 1 1       
1 1 1     5 1 1 5 1 1 1 1 1   
1 1 1 1 1 1 1 1 1 5 5 1 1 5   
          1 1 5 1 1 5 1 1 1   
          1 1 1 1 1 1 5 1 1   
1 1 1     1 1 1 1 1 1 5 1 1 1 
1 9 1 1 1 1 5 1     1 1 * 5 7 
1 1 1     1 1 1       1 1 1 1 
1 1 1                   1 1 1 

===============================
UP -- 5 12 6 12 LYING_COL 0
========= CURRENT MAP =========

          1 1 5 1 1 1         
          1 1 1 1 1 1 1       
1 1 1     5 1 1 5 1 1 1 1 1   
1 1 1 1 1 1 1 1 1 5 5 1 1 5   
          1 1 5 1 1 5 1 1 1   
          1 1 1 1 1 1 5 * 1   
1 1 1     1 1 1 1 1 1 5 * 1 1 
1 9 1 1 1 1 5 1     1 1 1 5 7 
1 1 1     1 1 1       1 1 1 1 
1 1 1                   1 1 1 

===============================
UP -- 4 12 4 12 STANDING 0
========= CURRENT MAP =========

          1 1 5 1 1 1         
          1 1 1 1 1 1 1       
1 1 1     5 1 1 5 1 1 1 1 1   
1 1 1 1 1 1 1 1 1 5 5 1 1 5   
          1 1 5 1 1 5 1 * 1   
          1 1 1 1 1 1 5 1 1   
1 1 1     1 1 1 1 1 1 5 1 1 1 
1 9 1 1 1 1 5 1     1 1 1 5 7 
1 1 1     1 1 1       1 1 1 1 
1 1 1                   1 1 1 

===============================
UP -- 2 12 3 12 LYING_COL 0
========= CURRENT MAP =========

          1 1 5 1 1 1         
          1 1 1 1 1 1 1       
1 1 1     5 1 1 5 1 1 1 * 1   
1 1 1 1 1 1 1 1 1 5 5 1 * 5   
          1 1 5 1 1 5 1 1 1   
          1 1 1 1 1 1 5 1 1   
1 1 1     1 1 1 1 1 1 5 1 1 1 
1 9 1 1 1 1 5 1     1 1 1 5 7 
1 1 1     1 1 1       1 1 1 1 
1 1 1                   1 1 1 

===============================
LEFT -- 2 11 3 11 LYING_COL 0
========= CURRENT MAP =========

          1 1 5 1 1 1         
          1 1 1 1 1 1 1       
1 1 1     5 1 1 5 1 1 * 1 1   
1 1 1 1 1 1 1 1 1 5 5 * 1 5   
          1 1 5 1 1 5 1 1 1   
          1 1 1 1 1 1 5 1 1   
1 1 1     1 1 1 1 1 1 5 1 1 1 
1 9 1 1 1 1 5 1     1 1 1 5 7 
1 1 1     1 1 1       1 1 1 1 
1 1 1                   1 1 1 

===============================
UP -- 1 11 1 11 STANDING 0
========= CURRENT MAP =========

          1 1 5 1 1 1         
          1 1 1 1 1 1 *       
1 1 1     5 1 1 5 1 1 1 1 1   
1 1 1 1 1 1 1 1 1 5 5 1 1 5   
          1 1 5 1 1 5 1 1 1   
          1 1 1 1 1 1 5 1 1   
1 1 1     1 1 1 1 1 1 5 1 1 1 
1 9 1 1 1 1 5 1     1 1 1 5 7 
1 1 1     1 1 1       1 1 1 1 
1 1 1                   1 1 1 

===============================
LEFT -- 1 9 1 10 LYING_ROW 0
========= CURRENT MAP =========

          1 1 5 1 1 1         
          1 1 1 1 * * 1       
1 1 1     5 1 1 5 1 1 1 1 1   
1 1 1 1 1 1 1 1 1 5 5 1 1 5   
          1 1 5 1 1 5 1 1 1   
          1 1 1 1 1 1 5 1 1   
1 1 1     1 1 1 1 1 1 5 1 1 1 
1 9 1 1 1 1 5 1     1 1 1 5 7 
1 1 1     1 1 1       1 1 1 1 
1 1 1                   1 1 1 

===============================
DOWN -- 2 9 2 10 LYING_ROW 0
========= CURRENT MAP =========

          1 1 5 1 1 1         
          1 1 1 1 1 1 1       
1 1 1     5 1 1 5 * * 1 1 1   
1 1 1 1 1 1 1 1 1 5 5 1 1 5   
          1 1 5 1 1 5 1 1 1   
          1 1 1 1 1 1 5 1 1   
1 1 1     1 1 1 1 1 1 5 1 1 1 
1 9 1 1 1 1 5 1     1 1 1 5 7 
1 1 1     1 1 1       1 1 1 1 
1 1 1                   1 1 1 

===============================
RIGHT -- 2 11 2 11 STANDING 0
========= CURRENT MAP =========

          1 1 5 1 1 1         
          1 1 1 1 1 1 1       
1 1 1     5 1 1 5 1 1 * 1 1   
1 1 1 1 1 1 1 1 1 5 5 1 1 5   
          1 1 5 1 1 5 1 1 1   
          1 1 1 1 1 1 5 1 1   
1 1 1     1 1 1 1 1 1 5 1 1 1 
1 9 1 1 1 1 5 1     1 1 1 5 7 
1 1 1     1 1 1       1 1 1 1 
1 1 1                   1 1 1 

===============================
DOWN -- 3 11 4 11 LYING_COL 0
========= CURRENT MAP =========

          1 1 5 1 1 1         
          1 1 1 1 1 1 1       
1 1 1     5 1 1 5 1 1 1 1 1   
1 1 1 1 1 1 1 1 1 5 5 * 1 5   
          1 1 5 1 1 5 * 1 1   
          1 1 1 1 1 1 5 1 1   
1 1 1     1 1 1 1 1 1 5 1 1 1 
1 9 1 1 1 1 5 1     1 1 1 5 7 
1 1 1     1 1 1       1 1 1 1 
1 1 1                   1 1 1 

===============================
RIGHT -- 3 12 4 12 LYING_COL 0
========= CURRENT MAP =========

          1 1 5 1 1 1         
          1 1 1 1 1 1 1       
1 1 1     5 1 1 5 1 1 1 1 1   
1 1 1 1 1 1 1 1 1 5 5 1 * 5   
          1 1 5 1 1 5 1 * 1   
          1 1 1 1 1 1 5 1 1   
1 1 1     1 1 1 1 1 1 5 1 1 1 
1 9 1 1 1 1 5 1     1 1 1 5 7 
1 1 1     1 1 1       1 1 1 1 
1 1 1                   1 1 1 

===============================
UP -- 2 12 2 12 STANDING 0
========= CURRENT MAP =========

          1 1 5 1 1 1         
          1 1 1 1 1 1 1       
1 1 1     5 1 1 5 1 1 1 * 1   
1 1 1 1 1 1 1 1 1 5 5 1 1 5   
          1 1 5 1 1 5 1 1 1   
          1 1 1 1 1 1 5 1 1   
1 1 1     1 1 1 1 1 1 5 1 1 1 
1 9 1 1 1 1 5 1     1 1 1 5 7 
1 1 1     1 1 1       1 1 1 1 
1 1 1                   1 1 1 

===============================
LEFT -- 2 10 2 11 LYING_ROW 0
========= CURRENT MAP =========

          1 1 5 1 1 1         
          1 1 1 1 1 1 1       
1 1 1     5 1 1 5 1 * * 1 1   
1 1 1 1 1 1 1 1 1 5 5 1 1 5   
          1 1 5 1 1 5 1 1 1   
          1 1 1 1 1 1 5 1 1   
1 1 1     1 1 1 1 1 1 5 1 1 1 
1 9 1 1 1 1 5 1     1 1 1 5 7 
1 1 1     1 1 1       1 1 1 1 
1 1 1                   1 1 1 

===============================
UP -- 1 10 1 11 LYING_ROW 0
========= CURRENT MAP =========

          1 1 5 1 1 1         
          1 1 1 1 1 * *       
1 1 1     5 1 1 5 1 1 1 1 1   
1 1 1 1 1 1 1 1 1 5 5 1 1 5   
          1 1 5 1 1 5 1 1 1   
          1 1 1 1 1 1 5 1 1   
1 1 1     1 1 1 1 1 1 5 1 1 1 
1 9 1 1 1 1 5 1     1 1 1 5 7 
1 1 1     1 1 1       1 1 1 1 
1 1 1                   1 1 1 

===============================
LEFT -- 1 9 1 9 STANDING 0
========= CURRENT MAP =========

          1 1 5 1 1 1         
          1 1 1 1 * 1 1       
1 1 1     5 1 1 5 1 1 1 1 1   
1 1 1 1 1 1 1 1 1 5 5 1 1 5   
          1 1 5 1 1 5 1 1 1   
          1 1 1 1 1 1 5 1 1   
1 1 1     1 1 1 1 1 1 5 1 1 1 
1 9 1 1 1 1 5 1     1 1 1 5 7 
1 1 1     1 1 1       1 1 1 1 
1 1 1                   1 1 1 

===============================
LEFT -- 1 7 1 8 LYING_ROW 0
========= CURRENT MAP =========

          1 1 5 1 1 1         
          1 1 * * 1 1 1       
1 1 1     5 1 1 5 1 1 1 1 1   
1 1 1 1 1 1 1 1 1 5 5 1 1 5   
          1 1 5 1 1 5 1 1 1   
          1 1 1 1 1 1 5 1 1   
1 1 1     1 1 1 1 1 1 5 1 1 1 
1 9 1 1 1 1 5 1     1 1 1 5 7 
1 1 1     1 1 1       1 1 1 1 
1 1 1                   1 1 1 

===============================
LEFT -- 1 6 1 6 STANDING 0
========= CURRENT MAP =========

          1 1 5 1 1 1         
          1 * 1 1 1 1 1       
1 1 1     5 1 1 5 1 1 1 1 1   
1 1 1 1 1 1 1 1 1 5 5 1 1 5   
          1 1 5 1 1 5 1 1 1   
          1 1 1 1 1 1 5 1 1   
1 1 1     1 1 1 1 1 1 5 1 1 1 
1 9 1 1 1 1 5 1     1 1 1 5 7 
1 1 1     1 1 1       1 1 1 1 
1 1 1                   1 1 1 

===============================
DOWN -- 2 6 3 6 LYING_COL 0
========= CURRENT MAP =========

          1 1 5 1 1 1         
          1 1 1 1 1 1 1       
1 1 1     5 * 1 5 1 1 1 1 1   
1 1 1 1 1 1 * 1 1 5 5 1 1 5   
          1 1 5 1 1 5 1 1 1   
          1 1 1 1 1 1 5 1 1   
1 1 1     1 1 1 1 1 1 5 1 1 1 
1 9 1 1 1 1 5 1     1 1 1 5 7 
1 1 1     1 1 1       1 1 1 1 
1 1 1                   1 1 1 

===============================
DOWN -- 4 6 4 6 STANDING 0
========= CURRENT MAP =========

          1 1 5 1 1 1         
          1 1 1 1 1 1 1       
1 1 1     5 1 1 5 1 1 1 1 1   
1 1 1 1 1 1 1 1 1 5 5 1 1 5   
          1 * 5 1 1 5 1 1 1   
          1 1 1 1 1 1 5 1 1   
1 1 1     1 1 1 1 1 1 5 1 1 1 
1 9 1 1 1 1 5 1     1 1 1 5 7 
1 1 1     1 1 1       1 1 1 1 
1 1 1                   1 1 1 

===============================
DOWN -- 5 6 6 6 LYING_COL 0
========= CURRENT MAP =========

          1 1 5 1 1 1         
          1 1 1 1 1 1 1       
1 1 1     5 1 1 5 1 1 1 1 1   
1 1 1 1 1 1 1 1 1 5 5 1 1 5   
          1 1 5 1 1 5 1 1 1   
          1 * 1 1 1 1 5 1 1   
1 1 1     1 * 1 1 1 1 5 1 1 1 
1 9 1 1 1 1 5 1     1 1 1 5 7 
1 1 1     1 1 1       1 1 1 1 
1 1 1                   1 1 1 

===============================
LEFT -- 5 5 6 5 LYING_COL 0
========= CURRENT MAP =========

          1 1 5 1 1 1         
          1 1 1 1 1 1 1       
1 1 1     5 1 1 5 1 1 1 1 1   
1 1 1 1 1 1 1 1 1 5 5 1 1 5   
          1 1 5 1 1 5 1 1 1   
          * 1 1 1 1 1 5 1 1   
1 1 1     * 1 1 1 1 1 5 1 1 1 
1 9 1 1 1 1 5 1     1 1 1 5 7 
1 1 1     1 1 1       1 1 1 1 
1 1 1                   1 1 1 

===============================
DOWN -- 7 5 7 5 STANDING 0
========= CURRENT MAP =========

          1 1 5 1 1 1         
          1 1 1 1 1 1 1       
1 1 1     5 1 1 5 1 1 1 1 1   
1 1 1 1 1 1 1 1 1 5 5 1 1 5   
          1 1 5 1 1 5 1 1 1   
          1 1 1 1 1 1 5 1 1   
1 1 1     1 1 1 1 1 1 5 1 1 1 
1 9 1 1 1 * 5 1     1 1 1 5 7 
1 1 1     1 1 1       1 1 1 1 
1 1 1                   1 1 1 

===============================
LEFT -- 7 3 7 4 LYING_ROW 0
========= CURRENT MAP =========

          1 1 5 1 1 1         
          1 1 1 1 1 1 1       
1 1 1     5 1 1 5 1 1 1 1 1   
1 1 1 1 1 1 1 1 1 5 5 1 1 5   
          1 1 5 1 1 5 1 1 1   
          1 1 1 1 1 1 5 1 1   
1 1 1     1 1 1 1 1 1 5 1 1 1 
1 9 1 * * 1 5 1     1 1 1 5 7 
1 1 1     1 1 1       1 1 1 1 
1 1 1                   1 1 1 

===============================
LEFT -- 7 2 7 2 STANDING 0
========= CURRENT MAP =========

          1 1 5 1 1 1         
          1 1 1 1 1 1 1       
1 1 1     5 1 1 5 1 1 1 1 1   
1 1 1 1 1 1 1 1 1 5 5 1 1 5   
          1 1 5 1 1 5 1 1 1   
          1 1 1 1 1 1 5 1 1   
1 1 1     1 1 1 1 1 1 5 1 1 1 
1 9 * 1 1 1 5 1     1 1 1 5 7 
1 1 1     1 1 1       1 1 1 1 
1 1 1                   1 1 1 

===============================
DOWN -- 8 2 9 2 LYING_COL 0
========= CURRENT MAP =========

          1 1 5 1 1 1         
          1 1 1 1 1 1 1       
1 1 1     5 1 1 5 1 1 1 1 1   
1 1 1 1 1 1 1 1 1 5 5 1 1 5   
          1 1 5 1 1 5 1 1 1   
          1 1 1 1 1 1 5 1 1   
1 1 1     1 1 1 1 1 1 5 1 1 1 
1 9 1 1 1 1 5 1     1 1 1 5 7 
1 1 *     1 1 1       1 1 1 1 
1 1 *                   1 1 1 

===============================
LEFT -- 8 1 9 1 LYING_COL 0
========= CURRENT MAP =========

          1 1 5 1 1 1         
          1 1 1 1 1 1 1       
1 1 1     5 1 1 5 1 1 1 1 1   
1 1 1 1 1 1 1 1 1 5 5 1 1 5   
          1 1 5 1 1 5 1 1 1   
          1 1 1 1 1 1 5 1 1   
1 1 1     1 1 1 1 1 1 5 1 1 1 
1 9 1 1 1 1 5 1     1 1 1 5 7 
1 * 1     1 1 1       1 1 1 1 
1 * 1                   1 1 1 

===============================
UP -- 7 1 7 1 STANDING 0
========= CURRENT MAP =========

          1 1 5 1 1 1         
          1 1 1 1 1 1 1       
1 1 1     5 1 1 5 1 1 1 1 1   
1 1 1 1 1 1 1 1 1 5 5 1 1 5   
          1 1 5 1 1 5 1 1 1   
          1 1 1 1 1 1 5 1 1   
1 1 1     1 1 1 1 1 1 5 1 1 1 
1 * 1 1 1 1 5 1     1 1 1 5 7 
1 1 1     1 1 1       1 1 1 1 
1 1 1                   1 1 1 

===============================

=========== STAT 33 ============
STATUS: SUCCESS
PROCESS TIME: 0:00:00.243915
PROCESS MEMORY: 2015232
REAL STEP: 77
VIRTUAL STEP: 3353
===============================

PRESS KEY: RRRRULDDDRULULDRDRUULUURRDRDRULLURDRDDRDLDDRRUDLLUUUULULDRDRULULLLDDDLDLLDLU

