START -- 3 1 3 1 STANDING 0
========= CURRENT MAP =========

            1 1 1 1 1 1 1     
1 1 1 1     1 1 1     1 1     
1 1 1 1 1 1 1 1 1     1 1 1 1 
1 * 1 1               1 1 9 1 
1 1 1 1               1 1 1 1 
                        1 1 1 

===============================
UP -- 1 1 2 1 LYING_COL 0
========= CURRENT MAP =========

            1 1 1 1 1 1 1     
1 * 1 1     1 1 1     1 1     
1 * 1 1 1 1 1 1 1     1 1 1 1 
1 1 1 1               1 1 9 1 
1 1 1 1               1 1 1 1 
                        1 1 1 

===============================
RIGHT -- 1 2 2 2 LYING_COL 0
========= CURRENT MAP =========

            1 1 1 1 1 1 1     
1 1 * 1     1 1 1     1 1     
1 1 * 1 1 1 1 1 1     1 1 1 1 
1 1 1 1               1 1 9 1 
1 1 1 1               1 1 1 1 
                        1 1 1 

===============================
DOWN -- 3 2 3 2 STANDING 0
========= CURRENT MAP =========

            1 1 1 1 1 1 1     
1 1 1 1     1 1 1     1 1     
1 1 1 1 1 1 1 1 1     1 1 1 1 
1 1 * 1               1 1 9 1 
1 1 1 1               1 1 1 1 
                        1 1 1 

===============================
LEFT -- 3 0 3 1 LYING_ROW 0
========= CURRENT MAP =========

            1 1 1 1 1 1 1     
1 1 1 1     1 1 1     1 1     
1 1 1 1 1 1 1 1 1     1 1 1 1 
* * 1 1               1 1 9 1 
1 1 1 1               1 1 1 1 
                        1 1 1 

===============================
DOWN -- 4 0 4 1 LYING_ROW 0
========= CURRENT MAP =========

            1 1 1 1 1 1 1     
1 1 1 1     1 1 1     1 1     
1 1 1 1 1 1 1 1 1     1 1 1 1 
1 1 1 1               1 1 9 1 
* * 1 1               1 1 1 1 
                        1 1 1 

===============================
RIGHT -- 4 2 4 2 STANDING 0
========= CURRENT MAP =========

            1 1 1 1 1 1 1     
1 1 1 1     1 1 1     1 1     
1 1 1 1 1 1 1 1 1     1 1 1 1 
1 1 1 1               1 1 9 1 
1 1 * 1               1 1 1 1 
                        1 1 1 

===============================
UP -- 2 2 3 2 LYING_COL 0
========= CURRENT MAP =========

            1 1 1 1 1 1 1     
1 1 1 1     1 1 1     1 1     
1 1 * 1 1 1 1 1 1     1 1 1 1 
1 1 * 1               1 1 9 1 
1 1 1 1               1 1 1 1 
                        1 1 1 

===============================
UP -- 1 2 1 2 STANDING 0
========= CURRENT MAP =========

            1 1 1 1 1 1 1     
1 1 * 1     1 1 1     1 1     
1 1 1 1 1 1 1 1 1     1 1 1 1 
1 1 1 1               1 1 9 1 
1 1 1 1               1 1 1 1 
                        1 1 1 

===============================
LEFT -- 1 0 1 1 LYING_ROW 0
========= CURRENT MAP =========

            1 1 1 1 1 1 1     
* * 1 1     1 1 1     1 1     
1 1 1 1 1 1 1 1 1     1 1 1 1 
1 1 1 1               1 1 9 1 
1 1 1 1               1 1 1 1 
                        1 1 1 

===============================
DOWN -- 2 0 2 1 LYING_ROW 0
========= CURRENT MAP =========

            1 1 1 1 1 1 1     
1 1 1 1     1 1 1     1 1     
* * 1 1 1 1 1 1 1     1 1 1 1 
1 1 1 1               1 1 9 1 
1 1 1 1               1 1 1 1 
                        1 1 1 

===============================
RIGHT -- 2 2 2 2 STANDING 0
========= CURRENT MAP =========

            1 1 1 1 1 1 1     
1 1 1 1     1 1 1     1 1     
1 1 * 1 1 1 1 1 1     1 1 1 1 
1 1 1 1               1 1 9 1 
1 1 1 1               1 1 1 1 
                        1 1 1 

===============================
DOWN -- 3 2 4 2 LYING_COL 0
========= CURRENT MAP =========

            1 1 1 1 1 1 1     
1 1 1 1     1 1 1     1 1     
1 1 1 1 1 1 1 1 1     1 1 1 1 
1 1 * 1               1 1 9 1 
1 1 * 1               1 1 1 1 
                        1 1 1 

===============================
RIGHT -- 3 3 4 3 LYING_COL 0
========= CURRENT MAP =========

            1 1 1 1 1 1 1     
1 1 1 1     1 1 1     1 1     
1 1 1 1 1 1 1 1 1     1 1 1 1 
1 1 1 *               1 1 9 1 
1 1 1 *               1 1 1 1 
                        1 1 1 

===============================
UP -- 2 3 2 3 STANDING 0
========= CURRENT MAP =========

            1 1 1 1 1 1 1     
1 1 1 1     1 1 1     1 1     
1 1 1 * 1 1 1 1 1     1 1 1 1 
1 1 1 1               1 1 9 1 
1 1 1 1               1 1 1 1 
                        1 1 1 

===============================
RIGHT -- 2 4 2 5 LYING_ROW 0
========= CURRENT MAP =========

            1 1 1 1 1 1 1     
1 1 1 1     1 1 1     1 1     
1 1 1 1 * * 1 1 1     1 1 1 1 
1 1 1 1               1 1 9 1 
1 1 1 1               1 1 1 1 
                        1 1 1 

===============================
RIGHT -- 2 6 2 6 STANDING 0
========= CURRENT MAP =========

            1 1 1 1 1 1 1     
1 1 1 1     1 1 1     1 1     
1 1 1 1 1 1 * 1 1     1 1 1 1 
1 1 1 1               1 1 9 1 
1 1 1 1               1 1 1 1 
                        1 1 1 

===============================
UP -- 0 6 1 6 LYING_COL 0
========= CURRENT MAP =========

            * 1 1 1 1 1 1     
1 1 1 1     * 1 1     1 1     
1 1 1 1 1 1 1 1 1     1 1 1 1 
1 1 1 1               1 1 9 1 
1 1 1 1               1 1 1 1 
                        1 1 1 

===============================
RIGHT -- 0 7 1 7 LYING_COL 0
========= CURRENT MAP =========

            1 * 1 1 1 1 1     
1 1 1 1     1 * 1     1 1     
1 1 1 1 1 1 1 1 1     1 1 1 1 
1 1 1 1               1 1 9 1 
1 1 1 1               1 1 1 1 
                        1 1 1 

===============================
RIGHT -- 0 8 1 8 LYING_COL 0
========= CURRENT MAP =========

            1 1 * 1 1 1 1     
1 1 1 1     1 1 *     1 1     
1 1 1 1 1 1 1 1 1     1 1 1 1 
1 1 1 1               1 1 9 1 
1 1 1 1               1 1 1 1 
                        1 1 1 

===============================
DOWN -- 2 8 2 8 STANDING 0
========= CURRENT MAP =========

            1 1 1 1 1 1 1     
1 1 1 1     1 1 1     1 1     
1 1 1 1 1 1 1 1 *     1 1 1 1 
1 1 1 1               1 1 9 1 
1 1 1 1               1 1 1 1 
                        1 1 1 

===============================
LEFT -- 2 6 2 7 LYING_ROW 0
========= CURRENT MAP =========

            1 1 1 1 1 1 1     
1 1 1 1     1 1 1     1 1     
1 1 1 1 1 1 * * 1     1 1 1 1 
1 1 1 1               1 1 9 1 
1 1 1 1               1 1 1 1 
                        1 1 1 

===============================
UP -- 1 6 1 7 LYING_ROW 0
========= CURRENT MAP =========

            1 1 1 1 1 1 1     
1 1 1 1     * * 1     1 1     
1 1 1 1 1 1 1 1 1     1 1 1 1 
1 1 1 1               1 1 9 1 
1 1 1 1               1 1 1 1 
                        1 1 1 

===============================
UP -- 0 6 0 7 LYING_ROW 0
========= CURRENT MAP =========

            * * 1 1 1 1 1     
1 1 1 1     1 1 1     1 1     
1 1 1 1 1 1 1 1 1     1 1 1 1 
1 1 1 1               1 1 9 1 
1 1 1 1               1 1 1 1 
                        1 1 1 

===============================
RIGHT -- 0 8 0 8 STANDING 0
========= CURRENT MAP =========

            1 1 * 1 1 1 1     
1 1 1 1     1 1 1     1 1     
1 1 1 1 1 1 1 1 1     1 1 1 1 
1 1 1 1               1 1 9 1 
1 1 1 1               1 1 1 1 
                        1 1 1 

===============================
DOWN -- 1 8 2 8 LYING_COL 0
========= CURRENT MAP =========

            1 1 1 1 1 1 1     
1 1 1 1     1 1 *     1 1     
1 1 1 1 1 1 1 1 *     1 1 1 1 
1 1 1 1               1 1 9 1 
1 1 1 1               1 1 1 1 
                        1 1 1 

===============================
LEFT -- 1 7 2 7 LYING_COL 0
========= CURRENT MAP =========

            1 1 1 1 1 1 1     
1 1 1 1     1 * 1     1 1     
1 1 1 1 1 1 1 * 1     1 1 1 1 
1 1 1 1               1 1 9 1 
1 1 1 1               1 1 1 1 
                        1 1 1 

===============================
UP -- 0 7 0 7 STANDING 0
========= CURRENT MAP =========

            1 * 1 1 1 1 1     
1 1 1 1     1 1 1     1 1     
1 1 1 1 1 1 1 1 1     1 1 1 1 
1 1 1 1               1 1 9 1 
1 1 1 1               1 1 1 1 
                        1 1 1 

===============================
RIGHT -- 0 8 0 9 LYING_ROW 0
========= CURRENT MAP =========

            1 1 * * 1 1 1     
1 1 1 1     1 1 1     1 1     
1 1 1 1 1 1 1 1 1     1 1 1 1 
1 1 1 1               1 1 9 1 
1 1 1 1               1 1 1 1 
                        1 1 1 

===============================
RIGHT -- 0 10 0 10 STANDING 0
========= CURRENT MAP =========

            1 1 1 1 * 1 1     
1 1 1 1     1 1 1     1 1     
1 1 1 1 1 1 1 1 1     1 1 1 1 
1 1 1 1               1 1 9 1 
1 1 1 1               1 1 1 1 
                        1 1 1 

===============================
RIGHT -- 0 11 0 12 LYING_ROW 0
========= CURRENT MAP =========

            1 1 1 1 1 * *     
1 1 1 1     1 1 1     1 1     
1 1 1 1 1 1 1 1 1     1 1 1 1 
1 1 1 1               1 1 9 1 
1 1 1 1               1 1 1 1 
                        1 1 1 

===============================
DOWN -- 1 11 1 12 LYING_ROW 0
========= CURRENT MAP =========

            1 1 1 1 1 1 1     
1 1 1 1     1 1 1     * *     
1 1 1 1 1 1 1 1 1     1 1 1 1 
1 1 1 1               1 1 9 1 
1 1 1 1               1 1 1 1 
                        1 1 1 

===============================
DOWN -- 2 11 2 12 LYING_ROW 0
========= CURRENT MAP =========

            1 1 1 1 1 1 1     
1 1 1 1     1 1 1     1 1     
1 1 1 1 1 1 1 1 1     * * 1 1 
1 1 1 1               1 1 9 1 
1 1 1 1               1 1 1 1 
                        1 1 1 

===============================
DOWN -- 3 11 3 12 LYING_ROW 0
========= CURRENT MAP =========

            1 1 1 1 1 1 1     
1 1 1 1     1 1 1     1 1     
1 1 1 1 1 1 1 1 1     1 1 1 1 
1 1 1 1               * * 9 1 
1 1 1 1               1 1 1 1 
                        1 1 1 

===============================
DOWN -- 4 11 4 12 LYING_ROW 0
========= CURRENT MAP =========

            1 1 1 1 1 1 1     
1 1 1 1     1 1 1     1 1     
1 1 1 1 1 1 1 1 1     1 1 1 1 
1 1 1 1               1 1 9 1 
1 1 1 1               * * 1 1 
                        1 1 1 

===============================
RIGHT -- 4 13 4 13 STANDING 0
========= CURRENT MAP =========

            1 1 1 1 1 1 1     
1 1 1 1     1 1 1     1 1     
1 1 1 1 1 1 1 1 1     1 1 1 1 
1 1 1 1               1 1 9 1 
1 1 1 1               1 1 * 1 
                        1 1 1 

===============================
UP -- 2 13 3 13 LYING_COL 0
========= CURRENT MAP =========

            1 1 1 1 1 1 1     
1 1 1 1     1 1 1     1 1     
1 1 1 1 1 1 1 1 1     1 1 * 1 
1 1 1 1               1 1 * 1 
1 1 1 1               1 1 1 1 
                        1 1 1 

===============================
RIGHT -- 2 14 3 14 LYING_COL 0
========= CURRENT MAP =========

            1 1 1 1 1 1 1     
1 1 1 1     1 1 1     1 1     
1 1 1 1 1 1 1 1 1     1 1 1 * 
1 1 1 1               1 1 9 * 
1 1 1 1               1 1 1 1 
                        1 1 1 

===============================
DOWN -- 4 14 4 14 STANDING 0
========= CURRENT MAP =========

            1 1 1 1 1 1 1     
1 1 1 1     1 1 1     1 1     
1 1 1 1 1 1 1 1 1     1 1 1 1 
1 1 1 1               1 1 9 1 
1 1 1 1               1 1 1 * 
                        1 1 1 

===============================
LEFT -- 4 12 4 13 LYING_ROW 0
========= CURRENT MAP =========

            1 1 1 1 1 1 1     
1 1 1 1     1 1 1     1 1     
1 1 1 1 1 1 1 1 1     1 1 1 1 
1 1 1 1               1 1 9 1 
1 1 1 1               1 * * 1 
                        1 1 1 

===============================
DOWN -- 5 12 5 13 LYING_ROW 0
========= CURRENT MAP =========

            1 1 1 1 1 1 1     
1 1 1 1     1 1 1     1 1     
1 1 1 1 1 1 1 1 1     1 1 1 1 
1 1 1 1               1 1 9 1 
1 1 1 1               1 1 1 1 
                        * * 1 

===============================
RIGHT -- 5 14 5 14 STANDING 0
========= CURRENT MAP =========

            1 1 1 1 1 1 1     
1 1 1 1     1 1 1     1 1     
1 1 1 1 1 1 1 1 1     1 1 1 1 
1 1 1 1               1 1 9 1 
1 1 1 1               1 1 1 1 
                        1 1 * 

===============================
UP -- 3 14 4 14 LYING_COL 0
========= CURRENT MAP =========

            1 1 1 1 1 1 1     
1 1 1 1     1 1 1     1 1     
1 1 1 1 1 1 1 1 1     1 1 1 1 
1 1 1 1               1 1 9 * 
1 1 1 1               1 1 1 * 
                        1 1 1 

===============================
UP -- 2 14 2 14 STANDING 0
========= CURRENT MAP =========

            1 1 1 1 1 1 1     
1 1 1 1     1 1 1     1 1     
1 1 1 1 1 1 1 1 1     1 1 1 * 
1 1 1 1               1 1 9 1 
1 1 1 1               1 1 1 1 
                        1 1 1 

===============================
LEFT -- 2 12 2 13 LYING_ROW 0
========= CURRENT MAP =========

            1 1 1 1 1 1 1     
1 1 1 1     1 1 1     1 1     
1 1 1 1 1 1 1 1 1     1 * * 1 
1 1 1 1               1 1 9 1 
1 1 1 1               1 1 1 1 
                        1 1 1 

===============================
DOWN -- 3 12 3 13 LYING_ROW 0
========= CURRENT MAP =========

            1 1 1 1 1 1 1     
1 1 1 1     1 1 1     1 1     
1 1 1 1 1 1 1 1 1     1 1 1 1 
1 1 1 1               1 * * 1 
1 1 1 1               1 1 1 1 
                        1 1 1 

===============================
RIGHT -- 3 14 3 14 STANDING 0
========= CURRENT MAP =========

            1 1 1 1 1 1 1     
1 1 1 1     1 1 1     1 1     
1 1 1 1 1 1 1 1 1     1 1 1 1 
1 1 1 1               1 1 9 * 
1 1 1 1               1 1 1 1 
                        1 1 1 

===============================
DOWN -- 4 14 5 14 LYING_COL 0
========= CURRENT MAP =========

            1 1 1 1 1 1 1     
1 1 1 1     1 1 1     1 1     
1 1 1 1 1 1 1 1 1     1 1 1 1 
1 1 1 1               1 1 9 1 
1 1 1 1               1 1 1 * 
                        1 1 * 

===============================
LEFT -- 4 13 5 13 LYING_COL 0
========= CURRENT MAP =========

            1 1 1 1 1 1 1     
1 1 1 1     1 1 1     1 1     
1 1 1 1 1 1 1 1 1     1 1 1 1 
1 1 1 1               1 1 9 1 
1 1 1 1               1 1 * 1 
                        1 * 1 

===============================
UP -- 3 13 3 13 STANDING 0
========= CURRENT MAP =========

            1 1 1 1 1 1 1     
1 1 1 1     1 1 1     1 1     
1 1 1 1 1 1 1 1 1     1 1 1 1 
1 1 1 1               1 1 * 1 
1 1 1 1               1 1 1 1 
                        1 1 1 

===============================

=========== STAT 03 ============
STATUS: SUCCESS
PROCESS TIME: 0:00:00.011798
PROCESS MEMORY: 196608
REAL STEP: 50
VIRTUAL STEP: 325
===============================

PRESS KEY: URDLDRUULDRDRURRURRDLUURDLURRRDDDDRURDLDRUULDRDLU

