START -- 3 0 3 0 STANDING 0
========= CURRENT MAP =========

          1 1 1 1 1 1         
          1     1 1 1         
          1     1 1 1 1 1     
* 1 1 1 1 1           1 1 1 1 
        1 1 1         1 1 9 1 
        1 1 1           1 1 1 
            1     1 1         
            1 1 1 1 1         
            1 1 1 1 1         
              1 1 1           

===============================
RIGHT -- 3 1 3 2 LYING_ROW 0
========= CURRENT MAP =========

          1 1 1 1 1 1         
          1     1 1 1         
          1     1 1 1 1 1     
1 * * 1 1 1           1 1 1 1 
        1 1 1         1 1 9 1 
        1 1 1           1 1 1 
            1     1 1         
            1 1 1 1 1         
            1 1 1 1 1         
              1 1 1           

===============================
RIGHT -- 3 3 3 3 STANDING 0
========= CURRENT MAP =========

          1 1 1 1 1 1         
          1     1 1 1         
          1     1 1 1 1 1     
1 1 1 * 1 1           1 1 1 1 
        1 1 1         1 1 9 1 
        1 1 1           1 1 1 
            1     1 1         
            1 1 1 1 1         
            1 1 1 1 1         
              1 1 1           

===============================
RIGHT -- 3 4 3 5 LYING_ROW 0
========= CURRENT MAP =========

          1 1 1 1 1 1         
          1     1 1 1         
          1     1 1 1 1 1     
1 1 1 1 * *           1 1 1 1 
        1 1 1         1 1 9 1 
        1 1 1           1 1 1 
            1     1 1         
            1 1 1 1 1         
            1 1 1 1 1         
              1 1 1           

===============================
DOWN -- 4 4 4 5 LYING_ROW 0
========= CURRENT MAP =========

          1 1 1 1 1 1         
          1     1 1 1         
          1     1 1 1 1 1     
1 1 1 1 1 1           1 1 1 1 
        * * 1         1 1 9 1 
        1 1 1           1 1 1 
            1     1 1         
            1 1 1 1 1         
            1 1 1 1 1         
              1 1 1           

===============================
RIGHT -- 4 6 4 6 STANDING 0
========= CURRENT MAP =========

          1 1 1 1 1 1         
          1     1 1 1         
          1     1 1 1 1 1     
1 1 1 1 1 1           1 1 1 1 
        1 1 *         1 1 9 1 
        1 1 1           1 1 1 
            1     1 1         
            1 1 1 1 1         
            1 1 1 1 1         
              1 1 1           

===============================
DOWN -- 5 6 6 6 LYING_COL 0
========= CURRENT MAP =========

          1 1 1 1 1 1         
          1     1 1 1         
          1     1 1 1 1 1     
1 1 1 1 1 1           1 1 1 1 
        1 1 1         1 1 9 1 
        1 1 *           1 1 1 
            *     1 1         
            1 1 1 1 1         
            1 1 1 1 1         
              1 1 1           

===============================
DOWN -- 7 6 7 6 STANDING 0
========= CURRENT MAP =========

          1 1 1 1 1 1         
          1     1 1 1         
          1     1 1 1 1 1     
1 1 1 1 1 1           1 1 1 1 
        1 1 1         1 1 9 1 
        1 1 1           1 1 1 
            1     1 1         
            * 1 1 1 1         
            1 1 1 1 1         
              1 1 1           

===============================
RIGHT -- 7 7 7 8 LYING_ROW 0
========= CURRENT MAP =========

          1 1 1 1 1 1         
          1     1 1 1         
          1     1 1 1 1 1     
1 1 1 1 1 1           1 1 1 1 
        1 1 1         1 1 9 1 
        1 1 1           1 1 1 
            1     1 1         
            1 * * 1 1         
            1 1 1 1 1         
              1 1 1           

===============================
DOWN -- 8 7 8 8 LYING_ROW 0
========= CURRENT MAP =========

          1 1 1 1 1 1         
          1     1 1 1         
          1     1 1 1 1 1     
1 1 1 1 1 1           1 1 1 1 
        1 1 1         1 1 9 1 
        1 1 1           1 1 1 
            1     1 1         
            1 1 1 1 1         
            1 * * 1 1         
              1 1 1           

===============================
DOWN -- 9 7 9 8 LYING_ROW 0
========= CURRENT MAP =========

          1 1 1 1 1 1         
          1     1 1 1         
          1     1 1 1 1 1     
1 1 1 1 1 1           1 1 1 1 
        1 1 1         1 1 9 1 
        1 1 1           1 1 1 
            1     1 1         
            1 1 1 1 1         
            1 1 1 1 1         
              * * 1           

===============================
RIGHT -- 9 9 9 9 STANDING 0
========= CURRENT MAP =========

          1 1 1 1 1 1         
          1     1 1 1         
          1     1 1 1 1 1     
1 1 1 1 1 1           1 1 1 1 
        1 1 1         1 1 9 1 
        1 1 1           1 1 1 
            1     1 1         
            1 1 1 1 1         
            1 1 1 1 1         
              1 1 *           

===============================
UP -- 7 9 8 9 LYING_COL 0
========= CURRENT MAP =========

          1 1 1 1 1 1         
          1     1 1 1         
          1     1 1 1 1 1     
1 1 1 1 1 1           1 1 1 1 
        1 1 1         1 1 9 1 
        1 1 1           1 1 1 
            1     1 1         
            1 1 1 * 1         
            1 1 1 * 1         
              1 1 1           

===============================
LEFT -- 7 8 8 8 LYING_COL 0
========= CURRENT MAP =========

          1 1 1 1 1 1         
          1     1 1 1         
          1     1 1 1 1 1     
1 1 1 1 1 1           1 1 1 1 
        1 1 1         1 1 9 1 
        1 1 1           1 1 1 
            1     1 1         
            1 1 * 1 1         
            1 1 * 1 1         
              1 1 1           

===============================
LEFT -- 7 7 8 7 LYING_COL 0
========= CURRENT MAP =========

          1 1 1 1 1 1         
          1     1 1 1         
          1     1 1 1 1 1     
1 1 1 1 1 1           1 1 1 1 
        1 1 1         1 1 9 1 
        1 1 1           1 1 1 
            1     1 1         
            1 * 1 1 1         
            1 * 1 1 1         
              1 1 1           

===============================
LEFT -- 7 6 8 6 LYING_COL 0
========= CURRENT MAP =========

          1 1 1 1 1 1         
          1     1 1 1         
          1     1 1 1 1 1     
1 1 1 1 1 1           1 1 1 1 
        1 1 1         1 1 9 1 
        1 1 1           1 1 1 
            1     1 1         
            * 1 1 1 1         
            * 1 1 1 1         
              1 1 1           

===============================
UP -- 6 6 6 6 STANDING 0
========= CURRENT MAP =========

          1 1 1 1 1 1         
          1     1 1 1         
          1     1 1 1 1 1     
1 1 1 1 1 1           1 1 1 1 
        1 1 1         1 1 9 1 
        1 1 1           1 1 1 
            *     1 1         
            1 1 1 1 1         
            1 1 1 1 1         
              1 1 1           

===============================
UP -- 4 6 5 6 LYING_COL 0
========= CURRENT MAP =========

          1 1 1 1 1 1         
          1     1 1 1         
          1     1 1 1 1 1     
1 1 1 1 1 1           1 1 1 1 
        1 1 *         1 1 9 1 
        1 1 *           1 1 1 
            1     1 1         
            1 1 1 1 1         
            1 1 1 1 1         
              1 1 1           

===============================
LEFT -- 4 5 5 5 LYING_COL 0
========= CURRENT MAP =========

          1 1 1 1 1 1         
          1     1 1 1         
          1     1 1 1 1 1     
1 1 1 1 1 1           1 1 1 1 
        1 * 1         1 1 9 1 
        1 * 1           1 1 1 
            1     1 1         
            1 1 1 1 1         
            1 1 1 1 1         
              1 1 1           

===============================
UP -- 3 5 3 5 STANDING 0
========= CURRENT MAP =========

          1 1 1 1 1 1         
          1     1 1 1         
          1     1 1 1 1 1     
1 1 1 1 1 *           1 1 1 1 
        1 1 1         1 1 9 1 
        1 1 1           1 1 1 
            1     1 1         
            1 1 1 1 1         
            1 1 1 1 1         
              1 1 1           

===============================
UP -- 1 5 2 5 LYING_COL 0
========= CURRENT MAP =========

          1 1 1 1 1 1         
          *     1 1 1         
          *     1 1 1 1 1     
1 1 1 1 1 1           1 1 1 1 
        1 1 1         1 1 9 1 
        1 1 1           1 1 1 
            1     1 1         
            1 1 1 1 1         
            1 1 1 1 1         
              1 1 1           

===============================
UP -- 0 5 0 5 STANDING 0
========= CURRENT MAP =========

          * 1 1 1 1 1         
          1     1 1 1         
          1     1 1 1 1 1     
1 1 1 1 1 1           1 1 1 1 
        1 1 1         1 1 9 1 
        1 1 1           1 1 1 
            1     1 1         
            1 1 1 1 1         
            1 1 1 1 1         
              1 1 1           

===============================
RIGHT -- 0 6 0 7 LYING_ROW 0
========= CURRENT MAP =========

          1 * * 1 1 1         
          1     1 1 1         
          1     1 1 1 1 1     
1 1 1 1 1 1           1 1 1 1 
        1 1 1         1 1 9 1 
        1 1 1           1 1 1 
            1     1 1         
            1 1 1 1 1         
            1 1 1 1 1         
              1 1 1           

===============================
RIGHT -- 0 8 0 8 STANDING 0
========= CURRENT MAP =========

          1 1 1 * 1 1         
          1     1 1 1         
          1     1 1 1 1 1     
1 1 1 1 1 1           1 1 1 1 
        1 1 1         1 1 9 1 
        1 1 1           1 1 1 
            1     1 1         
            1 1 1 1 1         
            1 1 1 1 1         
              1 1 1           

===============================
RIGHT -- 0 9 0 10 LYING_ROW 0
========= CURRENT MAP =========

          1 1 1 1 * *         
          1     1 1 1         
          1     1 1 1 1 1     
1 1 1 1 1 1           1 1 1 1 
        1 1 1         1 1 9 1 
        1 1 1           1 1 1 
            1     1 1         
            1 1 1 1 1         
            1 1 1 1 1         
              1 1 1           

===============================
DOWN -- 1 9 1 10 LYING_ROW 0
========= CURRENT MAP =========

          1 1 1 1 1 1         
          1     1 * *         
          1     1 1 1 1 1     
1 1 1 1 1 1           1 1 1 1 
        1 1 1         1 1 9 1 
        1 1 1           1 1 1 
            1     1 1         
            1 1 1 1 1         
            1 1 1 1 1         
              1 1 1           

===============================
DOWN -- 2 9 2 10 LYING_ROW 0
========= CURRENT MAP =========

          1 1 1 1 1 1         
          1     1 1 1         
          1     1 * * 1 1     
1 1 1 1 1 1           1 1 1 1 
        1 1 1         1 1 9 1 
        1 1 1           1 1 1 
            1     1 1         
            1 1 1 1 1         
            1 1 1 1 1         
              1 1 1           

===============================
RIGHT -- 2 11 2 11 STANDING 0
========= CURRENT MAP =========

          1 1 1 1 1 1         
          1     1 1 1         
          1     1 1 1 * 1     
1 1 1 1 1 1           1 1 1 1 
        1 1 1         1 1 9 1 
        1 1 1           1 1 1 
            1     1 1         
            1 1 1 1 1         
            1 1 1 1 1         
              1 1 1           

===============================
DOWN -- 3 11 4 11 LYING_COL 0
========= CURRENT MAP =========

          1 1 1 1 1 1         
          1     1 1 1         
          1     1 1 1 1 1     
1 1 1 1 1 1           * 1 1 1 
        1 1 1         * 1 9 1 
        1 1 1           1 1 1 
            1     1 1         
            1 1 1 1 1         
            1 1 1 1 1         
              1 1 1           

===============================
RIGHT -- 3 12 4 12 LYING_COL 0
========= CURRENT MAP =========

          1 1 1 1 1 1         
          1     1 1 1         
          1     1 1 1 1 1     
1 1 1 1 1 1           1 * 1 1 
        1 1 1         1 * 9 1 
        1 1 1           1 1 1 
            1     1 1         
            1 1 1 1 1         
            1 1 1 1 1         
              1 1 1           

===============================
DOWN -- 5 12 5 12 STANDING 0
========= CURRENT MAP =========

          1 1 1 1 1 1         
          1     1 1 1         
          1     1 1 1 1 1     
1 1 1 1 1 1           1 1 1 1 
        1 1 1         1 1 9 1 
        1 1 1           * 1 1 
            1     1 1         
            1 1 1 1 1         
            1 1 1 1 1         
              1 1 1           

===============================
RIGHT -- 5 13 5 14 LYING_ROW 0
========= CURRENT MAP =========

          1 1 1 1 1 1         
          1     1 1 1         
          1     1 1 1 1 1     
1 1 1 1 1 1           1 1 1 1 
        1 1 1         1 1 9 1 
        1 1 1           1 * * 
            1     1 1         
            1 1 1 1 1         
            1 1 1 1 1         
              1 1 1           

===============================
UP -- 4 13 4 14 LYING_ROW 0
========= CURRENT MAP =========

          1 1 1 1 1 1         
          1     1 1 1         
          1     1 1 1 1 1     
1 1 1 1 1 1           1 1 1 1 
        1 1 1         1 1 * * 
        1 1 1           1 1 1 
            1     1 1         
            1 1 1 1 1         
            1 1 1 1 1         
              1 1 1           

===============================
UP -- 3 13 3 14 LYING_ROW 0
========= CURRENT MAP =========

          1 1 1 1 1 1         
          1     1 1 1         
          1     1 1 1 1 1     
1 1 1 1 1 1           1 1 * * 
        1 1 1         1 1 9 1 
        1 1 1           1 1 1 
            1     1 1         
            1 1 1 1 1         
            1 1 1 1 1         
              1 1 1           

===============================
LEFT -- 3 12 3 12 STANDING 0
========= CURRENT MAP =========

          1 1 1 1 1 1         
          1     1 1 1         
          1     1 1 1 1 1     
1 1 1 1 1 1           1 * 1 1 
        1 1 1         1 1 9 1 
        1 1 1           1 1 1 
            1     1 1         
            1 1 1 1 1         
            1 1 1 1 1         
              1 1 1           

===============================
DOWN -- 4 12 5 12 LYING_COL 0
========= CURRENT MAP =========

          1 1 1 1 1 1         
          1     1 1 1         
          1     1 1 1 1 1     
1 1 1 1 1 1           1 1 1 1 
        1 1 1         1 * 9 1 
        1 1 1           * 1 1 
            1     1 1         
            1 1 1 1 1         
            1 1 1 1 1         
              1 1 1           

===============================
RIGHT -- 4 13 5 13 LYING_COL 0
========= CURRENT MAP =========

          1 1 1 1 1 1         
          1     1 1 1         
          1     1 1 1 1 1     
1 1 1 1 1 1           1 1 1 1 
        1 1 1         1 1 * 1 
        1 1 1           1 * 1 
            1     1 1         
            1 1 1 1 1         
            1 1 1 1 1         
              1 1 1           

===============================
UP -- 3 13 3 13 STANDING 0
========= CURRENT MAP =========

          1 1 1 1 1 1         
          1     1 1 1         
          1     1 1 1 1 1     
1 1 1 1 1 1           1 1 * 1 
        1 1 1         1 1 9 1 
        1 1 1           1 1 1 
            1     1 1         
            1 1 1 1 1         
            1 1 1 1 1         
              1 1 1           

===============================
LEFT -- 3 11 3 12 LYING_ROW 0
========= CURRENT MAP =========

          1 1 1 1 1 1         
          1     1 1 1         
          1     1 1 1 1 1     
1 1 1 1 1 1           * * 1 1 
        1 1 1         1 1 9 1 
        1 1 1           1 1 1 
            1     1 1         
            1 1 1 1 1         
            1 1 1 1 1         
              1 1 1           

===============================
DOWN -- 4 11 4 12 LYING_ROW 0
========= CURRENT MAP =========

          1 1 1 1 1 1         
          1     1 1 1         
          1     1 1 1 1 1     
1 1 1 1 1 1           1 1 1 1 
        1 1 1         * * 9 1 
        1 1 1           1 1 1 
            1     1 1         
            1 1 1 1 1         
            1 1 1 1 1         
              1 1 1           

===============================
RIGHT -- 4 13 4 13 STANDING 0
========= CURRENT MAP =========

          1 1 1 1 1 1         
          1     1 1 1         
          1     1 1 1 1 1     
1 1 1 1 1 1           1 1 1 1 
        1 1 1         1 1 * 1 
        1 1 1           1 1 1 
            1     1 1         
            1 1 1 1 1         
            1 1 1 1 1         
              1 1 1           

===============================

=========== STAT 06 ============
STATUS: SUCCESS
PROCESS TIME: 0:00:00.021471
PROCESS MEMORY: 262144
REAL STEP: 41
VIRTUAL STEP: 361
===============================

PRESS KEY: RRRDRDDRDDRULLLUULUUURRRDDRDRDRUULDRULDR

