START -- 5 0 5 0 STANDING 0
========= CURRENT MAP =========

  1 1 1 1               
  1 9 1 1               
  1 1 1                 
  1       1 1 1 1 1 1   
  1       1 1     1 1   
* 1 1 1 1 1 1     1 1 1 
          1 5         1 
          1 1 1 1     1 
          1 1 1 1 1 1 1 
                1 1 1   

===============================
RIGHT -- 5 1 5 2 LYING_ROW 0
========= CURRENT MAP =========

  1 1 1 1               
  1 9 1 1               
  1 1 1                 
  1       1 1 1 1 1 1   
  1       1 1     1 1   
1 * * 1 1 1 1     1 1 1 
          1 5         1 
          1 1 1 1     1 
          1 1 1 1 1 1 1 
                1 1 1   

===============================
RIGHT -- 5 3 5 3 STANDING 0
========= CURRENT MAP =========

  1 1 1 1               
  1 9 1 1               
  1 1 1                 
  1       1 1 1 1 1 1   
  1       1 1     1 1   
1 1 1 * 1 1 1     1 1 1 
          1 5         1 
          1 1 1 1     1 
          1 1 1 1 1 1 1 
                1 1 1   

===============================
RIGHT -- 5 4 5 5 LYING_ROW 0
========= CURRENT MAP =========

  1 1 1 1               
  1 9 1 1               
  1 1 1                 
  1       1 1 1 1 1 1   
  1       1 1     1 1   
1 1 1 1 * * 1     1 1 1 
          1 5         1 
          1 1 1 1     1 
          1 1 1 1 1 1 1 
                1 1 1   

===============================
RIGHT -- 5 6 5 6 STANDING 0
========= CURRENT MAP =========

  1 1 1 1               
  1 9 1 1               
  1 1 1                 
  1       1 1 1 1 1 1   
  1       1 1     1 1   
1 1 1 1 1 1 *     1 1 1 
          1 5         1 
          1 1 1 1     1 
          1 1 1 1 1 1 1 
                1 1 1   

===============================
UP -- 3 6 4 6 LYING_COL 0
========= CURRENT MAP =========

  1 1 1 1               
  1 9 1 1               
  1 1 1                 
  1       1 * 1 1 1 1   
  1       1 *     1 1   
1 1 1 1 1 1 1     1 1 1 
          1 5         1 
          1 1 1 1     1 
          1 1 1 1 1 1 1 
                1 1 1   

===============================
LEFT -- 3 5 4 5 LYING_COL 0
========= CURRENT MAP =========

  1 1 1 1               
  1 9 1 1               
  1 1 1                 
  1       * 1 1 1 1 1   
  1       * 1     1 1   
1 1 1 1 1 1 1     1 1 1 
          1 5         1 
          1 1 1 1     1 
          1 1 1 1 1 1 1 
                1 1 1   

===============================
DOWN -- 5 5 5 5 STANDING 0
========= CURRENT MAP =========

  1 1 1 1               
  1 9 1 1               
  1 1 1                 
  1       1 1 1 1 1 1   
  1       1 1     1 1   
1 1 1 1 1 * 1     1 1 1 
          1 5         1 
          1 1 1 1     1 
          1 1 1 1 1 1 1 
                1 1 1   

===============================
DOWN -- 6 5 7 5 LYING_COL 0
========= CURRENT MAP =========

  1 1 1 1               
  1 9 1 1               
  1 1 1                 
  1       1 1 1 1 1 1   
  1       1 1     1 1   
1 1 1 1 1 1 1     1 1 1 
          * 5         1 
          * 1 1 1     1 
          1 1 1 1 1 1 1 
                1 1 1   

===============================
DOWN -- 8 5 8 5 STANDING 0
========= CURRENT MAP =========

  1 1 1 1               
  1 9 1 1               
  1 1 1                 
  1       1 1 1 1 1 1   
  1       1 1     1 1   
1 1 1 1 1 1 1     1 1 1 
          1 5         1 
          1 1 1 1     1 
          * 1 1 1 1 1 1 
                1 1 1   

===============================
RIGHT -- 8 6 8 7 LYING_ROW 0
========= CURRENT MAP =========

  1 1 1 1               
  1 9 1 1               
  1 1 1                 
  1       1 1 1 1 1 1   
  1       1 1     1 1   
1 1 1 1 1 1 1     1 1 1 
          1 5         1 
          1 1 1 1     1 
          1 * * 1 1 1 1 
                1 1 1   

===============================
RIGHT -- 8 8 8 8 STANDING 0
========= CURRENT MAP =========

  1 1 1 1               
  1 9 1 1               
  1 1 1                 
  1       1 1 1 1 1 1   
  1       1 1     1 1   
1 1 1 1 1 1 1     1 1 1 
          1 5         1 
          1 1 1 1     1 
          1 1 1 * 1 1 1 
                1 1 1   

===============================
RIGHT -- 8 9 8 10 LYING_ROW 0
========= CURRENT MAP =========

  1 1 1 1               
  1 9 1 1               
  1 1 1                 
  1       1 1 1 1 1 1   
  1       1 1     1 1   
1 1 1 1 1 1 1     1 1 1 
          1 5         1 
          1 1 1 1     1 
          1 1 1 1 * * 1 
                1 1 1   

===============================
DOWN -- 9 9 9 10 LYING_ROW 0
========= CURRENT MAP =========

  1 1 1 1               
  1 9 1 1               
  1 1 1                 
  1       1 1 1 1 1 1   
  1       1 1     1 1   
1 1 1 1 1 1 1     1 1 1 
          1 5         1 
          1 1 1 1     1 
          1 1 1 1 1 1 1 
                1 * *   

===============================
LEFT -- 9 8 9 8 STANDING 0
========= CURRENT MAP =========

  1 1 1 1               
  1 9 1 1               
  1 1 1                 
  1       1 1 1 1 1 1   
  1       1 1     1 1   
1 1 1 1 1 1 1     1 1 1 
          1 5         1 
          1 1 1 1     1 
          1 1 1 1 1 1 1 
                * 1 1   

===============================
UP -- 7 8 8 8 LYING_COL 0
========= CURRENT MAP =========

  1 1 1 1               
  1 9 1 1               
  1 1 1                 
  1       1 1 1 1 1 1   
  1       1 1     1 1   
1 1 1 1 1 1 1     1 1 1 
          1 5         1 
          1 1 1 *     1 
          1 1 1 * 1 1 1 
                1 1 1   

===============================
LEFT -- 7 7 8 7 LYING_COL 0
========= CURRENT MAP =========

  1 1 1 1               
  1 9 1 1               
  1 1 1                 
  1       1 1 1 1 1 1   
  1       1 1     1 1   
1 1 1 1 1 1 1     1 1 1 
          1 5         1 
          1 1 * 1     1 
          1 1 * 1 1 1 1 
                1 1 1   

===============================
LEFT -- 7 6 8 6 LYING_COL 0
========= CURRENT MAP =========

  1 1 1 1               
  1 9 1 1               
  1 1 1                 
  1       1 1 1 1 1 1   
  1       1 1     1 1   
1 1 1 1 1 1 1     1 1 1 
          1 5         1 
          1 * 1 1     1 
          1 * 1 1 1 1 1 
                1 1 1   

===============================
LEFT -- 7 5 8 5 LYING_COL 0
========= CURRENT MAP =========

  1 1 1 1               
  1 9 1 1               
  1 1 1                 
  1       1 1 1 1 1 1   
  1       1 1     1 1   
1 1 1 1 1 1 1     1 1 1 
          1 5         1 
          * 1 1 1     1 
          * 1 1 1 1 1 1 
                1 1 1   

===============================
UP -- 6 5 6 5 STANDING 0
========= CURRENT MAP =========

  1 1 1 1               
  1 9 1 1               
  1 1 1                 
  1       1 1 1 1 1 1   
  1       1 1     1 1   
1 1 1 1 1 1 1     1 1 1 
          * 5         1 
          1 1 1 1     1 
          1 1 1 1 1 1 1 
                1 1 1   

===============================
UP -- 4 5 5 5 LYING_COL 0
========= CURRENT MAP =========

  1 1 1 1               
  1 9 1 1               
  1 1 1                 
  1       1 1 1 1 1 1   
  1       * 1     1 1   
1 1 1 1 1 * 1     1 1 1 
          1 5         1 
          1 1 1 1     1 
          1 1 1 1 1 1 1 
                1 1 1   

===============================
RIGHT -- 4 6 5 6 LYING_COL 0
========= CURRENT MAP =========

  1 1 1 1               
  1 9 1 1               
  1 1 1                 
  1       1 1 1 1 1 1   
  1       1 *     1 1   
1 1 1 1 1 1 *     1 1 1 
          1 5         1 
          1 1 1 1     1 
          1 1 1 1 1 1 1 
                1 1 1   

===============================
UP -- 3 6 3 6 STANDING 0
========= CURRENT MAP =========

  1 1 1 1               
  1 9 1 1               
  1 1 1                 
  1       1 * 1 1 1 1   
  1       1 1     1 1   
1 1 1 1 1 1 1     1 1 1 
          1 5         1 
          1 1 1 1     1 
          1 1 1 1 1 1 1 
                1 1 1   

===============================
RIGHT -- 3 7 3 8 LYING_ROW 0
========= CURRENT MAP =========

  1 1 1 1               
  1 9 1 1               
  1 1 1                 
  1       1 1 * * 1 1   
  1       1 1     1 1   
1 1 1 1 1 1 1     1 1 1 
          1 5         1 
          1 1 1 1     1 
          1 1 1 1 1 1 1 
                1 1 1   

===============================
RIGHT -- 3 9 3 9 STANDING 0
========= CURRENT MAP =========

  1 1 1 1               
  1 9 1 1               
  1 1 1                 
  1       1 1 1 1 * 1   
  1       1 1     1 1   
1 1 1 1 1 1 1     1 1 1 
          1 5         1 
          1 1 1 1     1 
          1 1 1 1 1 1 1 
                1 1 1   

===============================
DOWN -- 4 9 5 9 LYING_COL 0
========= CURRENT MAP =========

  1 1 1 1               
  1 9 1 1               
  1 1 1                 
  1       1 1 1 1 1 1   
  1       1 1     * 1   
1 1 1 1 1 1 1     * 1 1 
          1 5         1 
          1 1 1 1     1 
          1 1 1 1 1 1 1 
                1 1 1   

===============================
RIGHT -- 4 10 5 10 LYING_COL 0
========= CURRENT MAP =========

  1 1 1 1               
  1 9 1 1               
  1 1 1                 
  1       1 1 1 1 1 1   
  1       1 1     1 *   
1 1 1 1 1 1 1     1 * 1 
          1 5         1 
          1 1 1 1     1 
          1 1 1 1 1 1 1 
                1 1 1   

===============================
UP -- 3 10 3 10 STANDING 0
========= CURRENT MAP =========

  1 1 1 1               
  1 9 1 1               
  1 1 1                 
  1       1 1 1 1 1 *   
  1       1 1     1 1   
1 1 1 1 1 1 1     1 1 1 
          1 5         1 
          1 1 1 1     1 
          1 1 1 1 1 1 1 
                1 1 1   

===============================
LEFT -- 3 8 3 9 LYING_ROW 0
========= CURRENT MAP =========

  1 1 1 1               
  1 9 1 1               
  1 1 1                 
  1       1 1 1 * * 1   
  1       1 1     1 1   
1 1 1 1 1 1 1     1 1 1 
          1 5         1 
          1 1 1 1     1 
          1 1 1 1 1 1 1 
                1 1 1   

===============================
LEFT -- 3 7 3 7 STANDING 0
========= CURRENT MAP =========

  1 1 1 1               
  1 9 1 1               
  1 1 1                 
  1       1 1 * 1 1 1   
  1       1 1     1 1   
1 1 1 1 1 1 1     1 1 1 
          1 5         1 
          1 1 1 1     1 
          1 1 1 1 1 1 1 
                1 1 1   

===============================
LEFT -- 3 5 3 6 LYING_ROW 0
========= CURRENT MAP =========

  1 1 1 1               
  1 9 1 1               
  1 1 1                 
  1       * * 1 1 1 1   
  1       1 1     1 1   
1 1 1 1 1 1 1     1 1 1 
          1 5         1 
          1 1 1 1     1 
          1 1 1 1 1 1 1 
                1 1 1   

===============================
DOWN -- 4 5 4 6 LYING_ROW 0
========= CURRENT MAP =========

  1 1 1 1               
  1 9 1 1               
  1 1 1                 
  1       1 1 1 1 1 1   
  1       * *     1 1   
1 1 1 1 1 1 1     1 1 1 
          1 5         1 
          1 1 1 1     1 
          1 1 1 1 1 1 1 
                1 1 1   

===============================
DOWN -- 5 5 5 6 LYING_ROW 0
========= CURRENT MAP =========

  1 1 1 1               
  1 9 1 1               
  1 1 1                 
  1       1 1 1 1 1 1   
  1       1 1     1 1   
1 1 1 1 1 * *     1 1 1 
          1 5         1 
          1 1 1 1     1 
          1 1 1 1 1 1 1 
                1 1 1   

===============================
LEFT -- 5 4 5 4 STANDING 0
========= CURRENT MAP =========

  1 1 1 1               
  1 9 1 1               
  1 1 1                 
  1       1 1 1 1 1 1   
  1       1 1     1 1   
1 1 1 1 * 1 1     1 1 1 
          1 5         1 
          1 1 1 1     1 
          1 1 1 1 1 1 1 
                1 1 1   

===============================
LEFT -- 5 2 5 3 LYING_ROW 0
========= CURRENT MAP =========

  1 1 1 1               
  1 9 1 1               
  1 1 1                 
  1       1 1 1 1 1 1   
  1       1 1     1 1   
1 1 * * 1 1 1     1 1 1 
          1 5         1 
          1 1 1 1     1 
          1 1 1 1 1 1 1 
                1 1 1   

===============================
LEFT -- 5 1 5 1 STANDING 0
========= CURRENT MAP =========

  1 1 1 1               
  1 9 1 1               
  1 1 1                 
  1       1 1 1 1 1 1   
  1       1 1     1 1   
1 * 1 1 1 1 1     1 1 1 
          1 5         1 
          1 1 1 1     1 
          1 1 1 1 1 1 1 
                1 1 1   

===============================
UP -- 3 1 4 1 LYING_COL 0
========= CURRENT MAP =========

  1 1 1 1               
  1 9 1 1               
  1 1 1                 
  *       1 1 1 1 1 1   
  *       1 1     1 1   
1 1 1 1 1 1 1     1 1 1 
          1 5         1 
          1 1 1 1     1 
          1 1 1 1 1 1 1 
                1 1 1   

===============================
UP -- 2 1 2 1 STANDING 0
========= CURRENT MAP =========

  1 1 1 1               
  1 9 1 1               
  * 1 1                 
  1       1 1 1 1 1 1   
  1       1 1     1 1   
1 1 1 1 1 1 1     1 1 1 
          1 5         1 
          1 1 1 1     1 
          1 1 1 1 1 1 1 
                1 1 1   

===============================
RIGHT -- 2 2 2 3 LYING_ROW 0
========= CURRENT MAP =========

  1 1 1 1               
  1 9 1 1               
  1 * *                 
  1       1 1 1 1 1 1   
  1       1 1     1 1   
1 1 1 1 1 1 1     1 1 1 
          1 5         1 
          1 1 1 1     1 
          1 1 1 1 1 1 1 
                1 1 1   

===============================
UP -- 1 2 1 3 LYING_ROW 0
========= CURRENT MAP =========

  1 1 1 1               
  1 * * 1               
  1 1 1                 
  1       1 1 1 1 1 1   
  1       1 1     1 1   
1 1 1 1 1 1 1     1 1 1 
          1 5         1 
          1 1 1 1     1 
          1 1 1 1 1 1 1 
                1 1 1   

===============================
UP -- 0 2 0 3 LYING_ROW 0
========= CURRENT MAP =========

  1 * * 1               
  1 9 1 1               
  1 1 1                 
  1       1 1 1 1 1 1   
  1       1 1     1 1   
1 1 1 1 1 1 1     1 1 1 
          1 5         1 
          1 1 1 1     1 
          1 1 1 1 1 1 1 
                1 1 1   

===============================
LEFT -- 0 1 0 1 STANDING 0
========= CURRENT MAP =========

  * 1 1 1               
  1 9 1 1               
  1 1 1                 
  1       1 1 1 1 1 1   
  1       1 1     1 1   
1 1 1 1 1 1 1     1 1 1 
          1 5         1 
          1 1 1 1     1 
          1 1 1 1 1 1 1 
                1 1 1   

===============================
DOWN -- 1 1 2 1 LYING_COL 0
========= CURRENT MAP =========

  1 1 1 1               
  * 9 1 1               
  * 1 1                 
  1       1 1 1 1 1 1   
  1       1 1     1 1   
1 1 1 1 1 1 1     1 1 1 
          1 5         1 
          1 1 1 1     1 
          1 1 1 1 1 1 1 
                1 1 1   

===============================
RIGHT -- 1 2 2 2 LYING_COL 0
========= CURRENT MAP =========

  1 1 1 1               
  1 * 1 1               
  1 * 1                 
  1       1 1 1 1 1 1   
  1       1 1     1 1   
1 1 1 1 1 1 1     1 1 1 
          1 5         1 
          1 1 1 1     1 
          1 1 1 1 1 1 1 
                1 1 1   

===============================
UP -- 0 2 0 2 STANDING 0
========= CURRENT MAP =========

  1 * 1 1               
  1 9 1 1               
  1 1 1                 
  1       1 1 1 1 1 1   
  1       1 1     1 1   
1 1 1 1 1 1 1     1 1 1 
          1 5         1 
          1 1 1 1     1 
          1 1 1 1 1 1 1 
                1 1 1   

===============================
RIGHT -- 0 3 0 4 LYING_ROW 0
========= CURRENT MAP =========

  1 1 * *               
  1 9 1 1               
  1 1 1                 
  1       1 1 1 1 1 1   
  1       1 1     1 1   
1 1 1 1 1 1 1     1 1 1 
          1 5         1 
          1 1 1 1     1 
          1 1 1 1 1 1 1 
                1 1 1   

===============================
DOWN -- 1 3 1 4 LYING_ROW 0
========= CURRENT MAP =========

  1 1 1 1               
  1 9 * *               
  1 1 1                 
  1       1 1 1 1 1 1   
  1       1 1     1 1   
1 1 1 1 1 1 1     1 1 1 
          1 5         1 
          1 1 1 1     1 
          1 1 1 1 1 1 1 
                1 1 1   

===============================
LEFT -- 1 2 1 2 STANDING 0
========= CURRENT MAP =========

  1 1 1 1               
  1 * 1 1               
  1 1 1                 
  1       1 1 1 1 1 1   
  1       1 1     1 1   
1 1 1 1 1 1 1     1 1 1 
          1 5         1 
          1 1 1 1     1 
          1 1 1 1 1 1 1 
                1 1 1   

===============================

=========== STAT 11 ============
STATUS: SUCCESS
PROCESS TIME: 0:00:00.037330
PROCESS MEMORY: 540672
REAL STEP: 48
VIRTUAL STEP: 753
===============================

PRESS KEY: RRRRULDDDRRRDLULLLUURURRDRULLLDDLLLUURUULDRURDL

