START -- 2 1 2 1 STANDING 0
========= CURRENT MAP =========

                    1 1 1 1 
        1 1 1 1 1 1 1 7 1 8 
  *     1 7 1       1 1 1 1 
7 1     1 1             1   
1 1     1               1   
1 1 1 1 1           1 1 1   
1 1 1     1 1 1     1 9 1   
          7 1       1 1 1   

===============================
DOWN -- 3 1 4 1 LYING_COL 0
========= CURRENT MAP =========

                    1 1 1 1 
        1 1 1 1 1 1 1 7 1 8 
  1     1 7 1       1 1 1 1 
7 *     1 1             1   
1 *     1               1   
1 1 1 1 1           1 1 1   
1 1 1     1 1 1     1 9 1   
          7 1       1 1 1   

===============================
LEFT -- 3 0 4 0 LYING_COL 0
========= CURRENT MAP =========

                    1 1 1 1 
        1 1 1 1 1 1 1 7 1 8 
  1     1 7 1       1 1 1 1 
* 1     1 1             1   
* 1     1               1   
1 1 1 1 1           1 1 1   
1 1 1     1 1 1     1 9 1   
          7 1       1 1 1   

===============================
DOWN -- 5 0 5 0 STANDING 0
========= CURRENT MAP =========

                    1 1 1 1 
        1 1 1 1 1 1 1 7 1 8 
  1     1 7 1       1 1 1 1 
7 1     1 1             1   
1 1     1               1   
* 1 1 1 1           1 1 1   
1 1 1     1 1 1     1 9 1   
          7 1       1 1 1   

===============================
RIGHT -- 5 1 5 2 LYING_ROW 0
========= CURRENT MAP =========

                    1 1 1 1 
        1 1 1 1 1 1 1 7 1 8 
  1     1 7 1       1 1 1 1 
7 1     1 1             1   
1 1     1               1   
1 * * 1 1           1 1 1   
1 1 1     1 1 1     1 9 1   
          7 1       1 1 1   

===============================
DOWN -- 6 1 6 2 LYING_ROW 0
========= CURRENT MAP =========

                    1 1 1 1 
        1 1 1 1 1 1 1 7 1 8 
  1     1 7 1       1 1 1 1 
7 1     1 1             1   
1 1     1               1   
1 1 1 1 1           1 1 1   
1 * *     1 1 1     1 9 1   
          7 1       1 1 1   

===============================
LEFT -- 6 0 6 0 STANDING 0
========= CURRENT MAP =========

                    1 1 1 1 
        1 1 1 1 1 1 1 7 1 8 
  1     1 7 1       1 1 1 1 
7 1     1 1             1   
1 1     1               1   
1 1 1 1 1           1 1 1   
* 1 1     1 1 1     1 9 1   
          7 1       1 1 1   

===============================
UP -- 4 0 5 0 LYING_COL 0
========= CURRENT MAP =========

                    1 1 1 1 
        1 1 1 1 1 1 1 7 1 8 
  1     1 7 1       1 1 1 1 
7 1     1 1             1   
* 1     1               1   
* 1 1 1 1           1 1 1   
1 1 1     1 1 1     1 9 1   
          7 1       1 1 1   

===============================
UP -- 3 0 3 0 STANDING 0
========= CURRENT MAP =========

                    1 1 1 1 
      1 1 1 1 1 1 1 1 7 1 8 
  1     1 7 1       1 1 1 1 
* 1     1 1             1   
1 1     1               1   
1 1 1 1 1           1 1 1   
1 1 1     1 1 1     1 9 1   
          7 1       1 1 1   

===============================
DOWN -- 4 0 5 0 LYING_COL 0
========= CURRENT MAP =========

                    1 1 1 1 
      1 1 1 1 1 1 1 1 7 1 8 
  1     1 7 1       1 1 1 1 
7 1     1 1             1   
* 1     1               1   
* 1 1 1 1           1 1 1   
1 1 1     1 1 1     1 9 1   
          7 1       1 1 1   

===============================
DOWN -- 6 0 6 0 STANDING 0
========= CURRENT MAP =========

                    1 1 1 1 
      1 1 1 1 1 1 1 1 7 1 8 
  1     1 7 1       1 1 1 1 
7 1     1 1             1   
1 1     1               1   
1 1 1 1 1           1 1 1   
* 1 1     1 1 1     1 9 1   
          7 1       1 1 1   

===============================
RIGHT -- 6 1 6 2 LYING_ROW 0
========= CURRENT MAP =========

                    1 1 1 1 
      1 1 1 1 1 1 1 1 7 1 8 
  1     1 7 1       1 1 1 1 
7 1     1 1             1   
1 1     1               1   
1 1 1 1 1           1 1 1   
1 * *     1 1 1     1 9 1   
          7 1       1 1 1   

===============================
UP -- 5 1 5 2 LYING_ROW 0
========= CURRENT MAP =========

                    1 1 1 1 
      1 1 1 1 1 1 1 1 7 1 8 
  1     1 7 1       1 1 1 1 
7 1     1 1             1   
1 1     1               1   
1 * * 1 1           1 1 1   
1 1 1     1 1 1     1 9 1   
          7 1       1 1 1   

===============================
LEFT -- 5 0 5 0 STANDING 0
========= CURRENT MAP =========

                    1 1 1 1 
      1 1 1 1 1 1 1 1 7 1 8 
  1     1 7 1       1 1 1 1 
7 1     1 1             1   
1 1     1               1   
* 1 1 1 1           1 1 1   
1 1 1     1 1 1     1 9 1   
          7 1       1 1 1   

===============================
UP -- 3 0 4 0 LYING_COL 0
========= CURRENT MAP =========

                    1 1 1 1 
      1 1 1 1 1 1 1 1 7 1 8 
  1     1 7 1       1 1 1 1 
* 1     1 1             1   
* 1     1               1   
1 1 1 1 1           1 1 1   
1 1 1     1 1 1     1 9 1   
          7 1       1 1 1   

===============================
RIGHT -- 3 1 4 1 LYING_COL 0
========= CURRENT MAP =========

                    1 1 1 1 
      1 1 1 1 1 1 1 1 7 1 8 
  1     1 7 1       1 1 1 1 
7 *     1 1             1   
1 *     1               1   
1 1 1 1 1           1 1 1   
1 1 1     1 1 1     1 9 1   
          7 1       1 1 1   

===============================
DOWN -- 5 1 5 1 STANDING 0
========= CURRENT MAP =========

                    1 1 1 1 
      1 1 1 1 1 1 1 1 7 1 8 
  1     1 7 1       1 1 1 1 
7 1     1 1             1   
1 1     1               1   
1 * 1 1 1           1 1 1   
1 1 1     1 1 1     1 9 1   
          7 1       1 1 1   

===============================
RIGHT -- 5 2 5 3 LYING_ROW 0
========= CURRENT MAP =========

                    1 1 1 1 
      1 1 1 1 1 1 1 1 7 1 8 
  1     1 7 1       1 1 1 1 
7 1     1 1             1   
1 1     1               1   
1 1 * * 1           1 1 1   
1 1 1     1 1 1     1 9 1   
          7 1       1 1 1   

===============================
RIGHT -- 5 4 5 4 STANDING 0
========= CURRENT MAP =========

                    1 1 1 1 
      1 1 1 1 1 1 1 1 7 1 8 
  1     1 7 1       1 1 1 1 
7 1     1 1             1   
1 1     1               1   
1 1 1 1 *           1 1 1   
1 1 1     1 1 1     1 9 1   
          7 1       1 1 1   

===============================
UP -- 3 4 4 4 LYING_COL 0
========= CURRENT MAP =========

                    1 1 1 1 
      1 1 1 1 1 1 1 1 7 1 8 
  1     1 7 1       1 1 1 1 
7 1     * 1             1   
1 1     *               1   
1 1 1 1 1           1 1 1   
1 1 1     1 1 1     1 9 1   
          7 1       1 1 1   

===============================
UP -- 2 4 2 4 STANDING 0
========= CURRENT MAP =========

                    1 1 1 1 
      1 1 1 1 1 1 1 1 7 1 8 
  1     * 7 1       1 1 1 1 
7 1     1 1             1   
1 1     1               1   
1 1 1 1 1           1 1 1   
1 1 1     1 1 1     1 9 1   
          7 1       1 1 1   

===============================
RIGHT -- 2 5 2 6 LYING_ROW 0
========= CURRENT MAP =========

                    1 1 1 1 
      1 1 1 1 1 1 1 1 7 1 8 
  1     1 * *       1 1 1 1 
7 1     1 1             1   
1 1     1               1   
1 1 1 1 1           1 1 1   
1 1 1     1 1 1     1 9 1   
          7 1       1 1 1   

===============================
UP -- 1 5 1 6 LYING_ROW 0
========= CURRENT MAP =========

                    1 1 1 1 
      1 1 * * 1 1 1 1 7 1 8 
  1     1 7 1       1 1 1 1 
7 1     1 1             1   
1 1     1               1   
1 1 1 1 1           1 1 1   
1 1 1     1 1 1     1 9 1   
          7 1       1 1 1   

===============================
RIGHT -- 1 7 1 7 STANDING 0
========= CURRENT MAP =========

                    1 1 1 1 
      1 1 1 1 * 1 1 1 7 1 8 
  1     1 7 1       1 1 1 1 
7 1     1 1             1   
1 1     1               1   
1 1 1 1 1           1 1 1   
1 1 1     1 1 1     1 9 1   
          7 1       1 1 1   

===============================
RIGHT -- 1 8 1 9 LYING_ROW 0
========= CURRENT MAP =========

                    1 1 1 1 
      1 1 1 1 1 * * 1 7 1 8 
  1     1 7 1       1 1 1 1 
7 1     1 1             1   
1 1     1               1   
1 1 1 1 1           1 1 1   
1 1 1     1 1 1     1 9 1   
          7 1       1 1 1   

===============================
RIGHT -- 1 10 1 10 STANDING 0
========= CURRENT MAP =========

                    1 1 1 1 
      1 1 1 1 1 1 1 * 7 1 8 
  1     1 7 1       1 1 1 1 
7 1     1 1             1   
1 1     1               1   
1 1 1 1 1           1 1 1   
1 1 1     1 1 1     1 9 1   
          7 1       1 1 1   

===============================
RIGHT -- 1 11 1 12 LYING_ROW 0
========= CURRENT MAP =========

                    1 1 1 1 
      1 1 1 1 1 1 1 1 * * 8 
  1     1 7 1       1 1 1 1 
7 1     1 1             1   
1 1     1               1   
1 1 1 1 1           1 1 1   
1 1 1     1 1 1     1 9 1   
          7 1       1 1 1   

===============================
DOWN -- 2 11 2 12 LYING_ROW 0
========= CURRENT MAP =========

                    1 1 1 1 
      1 1 1 1 1 1 1 1 7 1 8 
  1     1 7 1       1 * * 1 
7 1     1 1             1   
1 1     1               1   
1 1 1 1 1           1 1 1   
1 1 1     1 1 1     1 9 1   
          7 1       1 1 1   

===============================
LEFT -- 2 10 2 10 STANDING 0
========= CURRENT MAP =========

                    1 1 1 1 
      1 1 1 1 1 1 1 1 7 1 8 
  1     1 7 1       * 1 1 1 
7 1     1 1             1   
1 1     1               1   
1 1 1 1 1           1 1 1   
1 1 1     1 1 1     1 9 1   
          7 1       1 1 1   

===============================
UP -- 0 10 1 10 LYING_COL 0
========= CURRENT MAP =========

                    * 1 1 1 
      1 1 1 1 1 1 1 * 7 1 8 
  1     1 7 1       1 1 1 1 
7 1     1 1             1   
1 1     1               1   
1 1 1 1 1           1 1 1   
1 1 1     1 1 1     1 9 1   
          7 1       1 1 1   

===============================
RIGHT -- 0 11 1 11 LYING_COL 0
========= CURRENT MAP =========

                    1 * 1 1 
      1 1 1 1 1 1 1 1 * 1 8 
  1     1 7 1       1 1 1 1 
7 1     1 1             1   
1 1     1               1   
1 1 1 1 1           1 1 1   
1 1 1     1 1 1     1 9 1   
          7 1       1 1 1   

===============================
DOWN -- 2 11 2 11 STANDING 0
========= CURRENT MAP =========

                    1 1 1 1 
      1 1 1 1 1 1 1 1 7 1 8 
  1     1 7 1       1 * 1 1 
7 1     1 1             1   
1 1     1               1   
1 1 1 1 1           1 1 1   
1 1 1     1 1 1     1 9 1   
          7 1       1 1 1   

===============================
RIGHT -- 2 12 2 13 LYING_ROW 0
========= CURRENT MAP =========

                    1 1 1 1 
      1 1 1 1 1 1 1 1 7 1 8 
  1     1 7 1       1 1 * * 
7 1     1 1             1   
1 1     1               1   
1 1 1 1 1           1 1 1   
1 1 1     1 1 1     1 9 1   
          7 1       1 1 1   

===============================
UP -- 1 12 1 13 LYING_ROW 0
========= CURRENT MAP =========

                    1 1 1 1 
      1 1 1 1 1 1 1 1 7 * * 
  1     1 7 1       1 1 1 1 
7 1     1 1             1   
1 1     1               1   
1 1 1 1 1           1 1 1   
1 1 1     1 1 1     1 9 1   
          7 1       1 1 1   

===============================
LEFT -- 1 11 1 11 STANDING 0
========= CURRENT MAP =========

                    1 1 1 1 
      1 1 1 1 1 1 1 1 * 1 8 
  1 1 1 1 7 1       1 1 1 1 
7 1     1 1             1   
1 1     1               1   
1 1 1 1 1           1 1 1   
1 1 1     1 1 1     1 9 1   
          7 1       1 1 1   

===============================
LEFT -- 1 9 1 10 LYING_ROW 0
========= CURRENT MAP =========

                    1 1 1 1 
      1 1 1 1 1 1 * * 7 1 8 
  1 1 1 1 7 1       1 1 1 1 
7 1     1 1             1   
1 1     1               1   
1 1 1 1 1           1 1 1   
1 1 1     1 1 1     1 9 1   
          7 1       1 1 1   

===============================
LEFT -- 1 8 1 8 STANDING 0
========= CURRENT MAP =========

                    1 1 1 1 
      1 1 1 1 1 * 1 1 7 1 8 
  1 1 1 1 7 1       1 1 1 1 
7 1     1 1             1   
1 1     1               1   
1 1 1 1 1           1 1 1   
1 1 1     1 1 1     1 9 1   
          7 1       1 1 1   

===============================
LEFT -- 1 6 1 7 LYING_ROW 0
========= CURRENT MAP =========

                    1 1 1 1 
      1 1 1 * * 1 1 1 7 1 8 
  1 1 1 1 7 1       1 1 1 1 
7 1     1 1             1   
1 1     1               1   
1 1 1 1 1           1 1 1   
1 1 1     1 1 1     1 9 1   
          7 1       1 1 1   

===============================
LEFT -- 1 5 1 5 STANDING 0
========= CURRENT MAP =========

                    1 1 1 1 
      1 1 * 1 1 1 1 1 7 1 8 
  1 1 1 1 7 1       1 1 1 1 
7 1     1 1             1   
1 1     1               1   
1 1 1 1 1           1 1 1   
1 1 1     1 1 1     1 9 1   
          7 1       1 1 1   

===============================
LEFT -- 1 3 1 4 LYING_ROW 0
========= CURRENT MAP =========

                    1 1 1 1 
      * * 1 1 1 1 1 1 7 1 8 
  1 1 1 1 7 1       1 1 1 1 
7 1     1 1             1   
1 1     1               1   
1 1 1 1 1           1 1 1   
1 1 1     1 1 1     1 9 1   
          7 1       1 1 1   

===============================
DOWN -- 2 3 2 4 LYING_ROW 0
========= CURRENT MAP =========

                    1 1 1 1 
      1 1 1 1 1 1 1 1 7 1 8 
  1 1 * * 7 1       1 1 1 1 
7 1     1 1             1   
1 1     1               1   
1 1 1 1 1           1 1 1   
1 1 1     1 1 1     1 9 1   
          7 1       1 1 1   

===============================
RIGHT -- 2 5 2 5 STANDING 0
========= CURRENT MAP =========

                    1 1 1 1 
      1 1 1 1 1 1 1 1 7 1 8 
  1 1 1 1 * 1       1 1 1 1 
7 1     1 1             1   
1 1     1               1   
1 1 1 1 1           1 1 1   
1 1 1     1 1 1     1 9 1   
          7 1 1     1 1 1   

===============================
LEFT -- 2 3 2 4 LYING_ROW 0
========= CURRENT MAP =========

                    1 1 1 1 
      1 1 1 1 1 1 1 1 7 1 8 
  1 1 * * 7 1       1 1 1 1 
7 1     1 1             1   
1 1     1               1   
1 1 1 1 1           1 1 1   
1 1 1     1 1 1     1 9 1   
          7 1 1     1 1 1   

===============================
UP -- 1 3 1 4 LYING_ROW 0
========= CURRENT MAP =========

                    1 1 1 1 
      * * 1 1 1 1 1 1 7 1 8 
  1 1 1 1 7 1       1 1 1 1 
7 1     1 1             1   
1 1     1               1   
1 1 1 1 1           1 1 1   
1 1 1     1 1 1     1 9 1   
          7 1 1     1 1 1   

===============================
RIGHT -- 1 5 1 5 STANDING 0
========= CURRENT MAP =========

                    1 1 1 1 
      1 1 * 1 1 1 1 1 7 1 8 
  1 1 1 1 7 1       1 1 1 1 
7 1     1 1             1   
1 1     1               1   
1 1 1 1 1           1 1 1   
1 1 1     1 1 1     1 9 1   
          7 1 1     1 1 1   

===============================
RIGHT -- 1 6 1 7 LYING_ROW 0
========= CURRENT MAP =========

                    1 1 1 1 
      1 1 1 * * 1 1 1 7 1 8 
  1 1 1 1 7 1       1 1 1 1 
7 1     1 1             1   
1 1     1               1   
1 1 1 1 1           1 1 1   
1 1 1     1 1 1     1 9 1   
          7 1 1     1 1 1   

===============================
RIGHT -- 1 8 1 8 STANDING 0
========= CURRENT MAP =========

                    1 1 1 1 
      1 1 1 1 1 * 1 1 7 1 8 
  1 1 1 1 7 1       1 1 1 1 
7 1     1 1             1   
1 1     1               1   
1 1 1 1 1           1 1 1   
1 1 1     1 1 1     1 9 1   
          7 1 1     1 1 1   

===============================
RIGHT -- 1 9 1 10 LYING_ROW 0
========= CURRENT MAP =========

                    1 1 1 1 
      1 1 1 1 1 1 * * 7 1 8 
  1 1 1 1 7 1       1 1 1 1 
7 1     1 1             1   
1 1     1               1   
1 1 1 1 1           1 1 1   
1 1 1     1 1 1     1 9 1   
          7 1 1     1 1 1   

===============================
RIGHT -- 1 11 1 11 STANDING 0
========= CURRENT MAP =========

                    1 1 1 1 
      1 1 1 1 1 1 1 1 * 1 8 
  1 1 1 1 7 1       1 1 1 1 
7 1     1 1             1   
1 1     1               1   
1 1 1 1 1           1 1 1   
1 1 1     1 1 1     1 9 1   
          7 1 1     1 1 1   

===============================
RIGHT -- 1 12 1 13 LYING_ROW 0
========= CURRENT MAP =========

                    1 1 1 1 
      1 1 1 1 1 1 1 1 7 * * 
  1 1 1 1 7 1       1 1 1 1 
7 1     1 1             1   
1 1     1               1   
1 1 1 1 1           1 1 1   
1 1 1     1 1 1     1 9 1   
          7 1 1     1 1 1   

===============================
DOWN -- 2 12 2 13 LYING_ROW 0
========= CURRENT MAP =========

                    1 1 1 1 
      1 1 1 1 1 1 1 1 7 1 8 
  1 1 1 1 7 1       1 1 * * 
7 1     1 1             1   
1 1     1               1   
1 1 1 1 1           1 1 1   
1 1 1     1 1 1     1 9 1   
          7 1 1     1 1 1   

===============================
LEFT -- 2 11 2 11 STANDING 0
========= CURRENT MAP =========

                    1 1 1 1 
      1 1 1 1 1 1 1 1 7 1 8 
  1 1 1 1 7 1       1 * 1 1 
7 1     1 1             1   
1 1     1               1   
1 1 1 1 1           1 1 1   
1 1 1     1 1 1     1 9 1   
          7 1 1     1 1 1   

===============================
UP -- 0 11 1 11 LYING_COL 0
========= CURRENT MAP =========

                    1 * 1 1 
      1 1 1 1 1 1 1 1 * 1 8 
  1 1 1 1 7 1       1 1 1 1 
7 1     1 1             1   
1 1     1               1   
1 1 1 1 1           1 1 1   
1 1 1     1 1 1     1 9 1   
          7 1 1     1 1 1   

===============================
LEFT -- 0 10 1 10 LYING_COL 0
========= CURRENT MAP =========

                    * 1 1 1 
      1 1 1 1 1 1 1 * 7 1 8 
  1 1 1 1 7 1       1 1 1 1 
7 1     1 1             1   
1 1     1               1   
1 1 1 1 1           1 1 1   
1 1 1     1 1 1     1 9 1   
          7 1 1     1 1 1   

===============================
DOWN -- 2 10 2 10 STANDING 0
========= CURRENT MAP =========

                    1 1 1 1 
      1 1 1 1 1 1 1 1 7 1 8 
  1 1 1 1 7 1       * 1 1 1 
7 1     1 1             1   
1 1     1               1   
1 1 1 1 1           1 1 1   
1 1 1     1 1 1     1 9 1   
          7 1 1     1 1 1   

===============================
RIGHT -- 2 11 2 12 LYING_ROW 0
========= CURRENT MAP =========

                    1 1 1 1 
      1 1 1 1 1 1 1 1 7 1 8 
  1 1 1 1 7 1       1 * * 1 
7 1     1 1             1   
1 1     1               1   
1 1 1 1 1           1 1 1   
1 1 1     1 1 1     1 9 1   
          7 1 1     1 1 1   

===============================
UP -- 1 11 1 12 LYING_ROW 0
========= CURRENT MAP =========

                    1 1 1 1 
      1 1 1 1 1 1 1 1 * * 8 
  1 1 1 1 7 1       1 1 1 1 
7 1     1 1             1   
1 1     1               1   
1 1 1 1 1           1 1 1   
1 1 1     1 1 1     1 9 1   
          7 1 1     1 1 1   

===============================
RIGHT, WAIT -- 6 5 6 7 SPLIT 1
========= CURRENT MAP =========

                    1 1 1 1 
      1 1 1 1 1 1 1 1 7 1 8 
  1 1 1 1 7 1       1 1 1 1 
7 1     1 1             1   
1 1     1               1   
1 1 1 1 1           1 1 1   
1 1 1     * 1 *     1 9 1   
          7 1 1     1 1 1   

===============================
RIGHT -- 6 6 6 7 LYING_ROW 1
========= CURRENT MAP =========

                    1 1 1 1 
      1 1 1 1 1 1 1 1 7 1 8 
  1 1 1 1 7 1       1 1 1 1 
7 1     1 1             1   
1 1     1               1   
1 1 1 1 1           1 1 1   
1 1 1     1 * *     1 9 1   
          7 1 1     1 1 1   

===============================
DOWN -- 7 6 7 7 LYING_ROW 0
========= CURRENT MAP =========

                    1 1 1 1 
      1 1 1 1 1 1 1 1 7 1 8 
  1 1 1 1 7 1       1 1 1 1 
7 1     1 1             1   
1 1     1               1   
1 1 1 1 1           1 1 1   
1 1 1     1 1 1     1 9 1   
          7 * *     1 1 1   

===============================
LEFT -- 7 5 7 5 STANDING 0
========= CURRENT MAP =========

                    1 1 1 1 
      1 1 1 1 1 1 1 1 7 1 8 
  1 1 1 1 7 1       1 1 1 1 
7 1     1 1             1   
1 1     1               1   
1 1 1 1 1           1 1 1   
1 1 1     1 1 1 1 1 1 9 1   
          * 1 1     1 1 1   

===============================
RIGHT -- 7 6 7 7 LYING_ROW 0
========= CURRENT MAP =========

                    1 1 1 1 
      1 1 1 1 1 1 1 1 7 1 8 
  1 1 1 1 7 1       1 1 1 1 
7 1     1 1             1   
1 1     1               1   
1 1 1 1 1           1 1 1   
1 1 1     1 1 1 1 1 1 9 1   
          7 * *     1 1 1   

===============================
UP -- 6 6 6 7 LYING_ROW 0
========= CURRENT MAP =========

                    1 1 1 1 
      1 1 1 1 1 1 1 1 7 1 8 
  1 1 1 1 7 1       1 1 1 1 
7 1     1 1             1   
1 1     1               1   
1 1 1 1 1           1 1 1   
1 1 1     1 * * 1 1 1 9 1   
          7 1 1     1 1 1   

===============================
RIGHT -- 6 8 6 8 STANDING 0
========= CURRENT MAP =========

                    1 1 1 1 
      1 1 1 1 1 1 1 1 7 1 8 
  1 1 1 1 7 1       1 1 1 1 
7 1     1 1             1   
1 1     1               1   
1 1 1 1 1           1 1 1   
1 1 1     1 1 1 * 1 1 9 1   
          7 1 1     1 1 1   

===============================
RIGHT -- 6 9 6 10 LYING_ROW 0
========= CURRENT MAP =========

                    1 1 1 1 
      1 1 1 1 1 1 1 1 7 1 8 
  1 1 1 1 7 1       1 1 1 1 
7 1     1 1             1   
1 1     1               1   
1 1 1 1 1           1 1 1   
1 1 1     1 1 1 1 * * 9 1   
          7 1 1     1 1 1   

===============================
RIGHT -- 6 11 6 11 STANDING 0
========= CURRENT MAP =========

                    1 1 1 1 
      1 1 1 1 1 1 1 1 7 1 8 
  1 1 1 1 7 1       1 1 1 1 
7 1     1 1             1   
1 1     1               1   
1 1 1 1 1           1 1 1   
1 1 1     1 1 1 1 1 1 * 1   
          7 1 1     1 1 1   

===============================

=========== STAT 24 ============
STATUS: SUCCESS
PROCESS TIME: 0:00:00.114829
PROCESS MEMORY: 1179648
REAL STEP: 66
VIRTUAL STEP: 2141
===============================

PRESS KEY: DLDRDLUUDDRULURDRRUURURRRRDLURDRULLLLLLDRLURRRRRRDLULDRURwRDLRURRR

