START -- 1 13 1 13 STANDING 0
========= CURRENT MAP =========

                      1 1 1 1 
  1 1 1 1 1 1 1 3 1 1 1 1 * 1 
  1 1 1 1               1 1 1 
  1 1 4 1                     
  1 1 1 1                     
      1 1 1 5 1 1 1 1 1 1     
                    1 1 1 1 3 
1 1 1               1 1 1 1 1 
1 9 1 1 1 1 1 1 1 1 1 1 1     
1 1 1 1                       

===============================
LEFT -- 1 11 1 12 LYING_ROW 0
========= CURRENT MAP =========

                      1 1 1 1 
  1 1 1 1 1 1 1 3 1 1 * * 1 1 
  1 1 1 1               1 1 1 
  1 1 4 1                     
  1 1 1 1                     
      1 1 1 5 1 1 1 1 1 1     
                    1 1 1 1 3 
1 1 1               1 1 1 1 1 
1 9 1 1 1 1 1 1 1 1 1 1 1     
1 1 1 1                       

===============================
LEFT -- 1 10 1 10 STANDING 0
========= CURRENT MAP =========

                      1 1 1 1 
  1 1 1 1 1 1 1 3 1 * 1 1 1 1 
  1 1 1 1               1 1 1 
  1 1 4 1                     
  1 1 1 1                     
      1 1 1 5 1 1 1 1 1 1     
                    1 1 1 1 3 
1 1 1               1 1 1 1 1 
1 9 1 1 1 1 1 1 1 1 1 1 1     
1 1 1 1                       

===============================
LEFT -- 1 8 1 9 LYING_ROW 0
========= CURRENT MAP =========

                      1 1 1 1 
  1 1 1 1     1 * * 1 1 1 1 1 
  1 1 1 1               1 1 1 
  1 1 4 1                     
  1 1 1 1                     
      1 1 1 5 1 1 1 1 1 1     
                    1 1 1 1 3 
1 1 1               1 1 1 1 1 
1 9 1 1 1 1 1 1 1 1 1 1 1     
1 1 1 1                       

===============================
LEFT -- 1 7 1 7 STANDING 0
========= CURRENT MAP =========

                      1 1 1 1 
  1 1 1 1     * 3 1 1 1 1 1 1 
  1 1 1 1               1 1 1 
  1 1 4 1                     
  1 1 1 1                     
      1 1 1 5 1 1 1 1 1 1     
                    1 1 1 1 3 
1 1 1               1 1 1 1 1 
1 9 1 1 1 1 1 1 1 1 1 1 1     
1 1 1 1                       

===============================
RIGHT -- 1 8 1 9 LYING_ROW 0
========= CURRENT MAP =========

                      1 1 1 1 
  1 1 1 1 1 1 1 * * 1 1 1 1 1 
  1 1 1 1               1 1 1 
  1 1 4 1                     
  1 1 1 1                     
      1 1 1 5 1 1 1 1 1 1     
                    1 1 1 1 3 
1 1 1               1 1 1 1 1 
1 9 1 1 1 1 1 1 1 1 1 1 1     
1 1 1 1                       

===============================
LEFT -- 1 7 1 7 STANDING 0
========= CURRENT MAP =========

                      1 1 1 1 
  1 1 1 1 1 1 * 3 1 1 1 1 1 1 
  1 1 1 1               1 1 1 
  1 1 4 1                     
  1 1 1 1                     
      1 1 1 5 1 1 1 1 1 1     
                    1 1 1 1 3 
1 1 1               1 1 1 1 1 
1 9 1 1 1 1 1 1 1 1 1 1 1     
1 1 1 1                       

===============================
LEFT -- 1 5 1 6 LYING_ROW 0
========= CURRENT MAP =========

                      1 1 1 1 
  1 1 1 1 * * 1 3 1 1 1 1 1 1 
  1 1 1 1               1 1 1 
  1 1 4 1                     
  1 1 1 1                     
      1 1 1 5 1 1 1 1 1 1     
                    1 1 1 1 3 
1 1 1               1 1 1 1 1 
1 9 1 1 1 1 1 1 1 1 1 1 1     
1 1 1 1                       

===============================
LEFT -- 1 4 1 4 STANDING 0
========= CURRENT MAP =========

                      1 1 1 1 
  1 1 1 * 1 1 1 3 1 1 1 1 1 1 
  1 1 1 1               1 1 1 
  1 1 4 1                     
  1 1 1 1                     
      1 1 1 5 1 1 1 1 1 1     
                    1 1 1 1 3 
1 1 1               1 1 1 1 1 
1 9 1 1 1 1 1 1 1 1 1 1 1     
1 1 1 1                       

===============================
DOWN -- 2 4 3 4 LYING_COL 0
========= CURRENT MAP =========

                      1 1 1 1 
  1 1 1 1 1 1 1 3 1 1 1 1 1 1 
  1 1 1 *               1 1 1 
  1 1 4 *                     
  1 1 1 1                     
      1 1 1 5 1 1 1 1 1 1     
                    1 1 1 1 3 
1 1 1               1 1 1 1 1 
1 9 1 1 1 1 1 1 1 1 1 1 1     
1 1 1 1                       

===============================
DOWN -- 4 4 4 4 STANDING 0
========= CURRENT MAP =========

                      1 1 1 1 
  1 1 1 1 1 1 1 3 1 1 1 1 1 1 
  1 1 1 1               1 1 1 
  1 1 4 1                     
  1 1 1 *                     
      1 1 1 5 1 1 1 1 1 1     
                    1 1 1 1 3 
1 1 1               1 1 1 1 1 
1 9 1 1 1 1 1 1 1 1 1 1 1     
1 1 1 1                       

===============================
LEFT -- 4 2 4 3 LYING_ROW 0
========= CURRENT MAP =========

                      1 1 1 1 
  1 1 1 1 1 1 1 3 1 1 1 1 1 1 
  1 1 1 1               1 1 1 
  1 1 4 1                     
  1 * * 1                     
      1 1 1 5 1 1 1 1 1 1     
                    1 1 1 1 3 
1 1 1               1 1 1 1 1 
1 9 1 1 1 1 1 1 1 1 1 1 1     
1 1 1 1                       

===============================
UP -- 3 2 3 3 LYING_ROW 0
========= CURRENT MAP =========

                      1 1 1 1 
  1 1 1 1 1 1 1 3 1 1 1 1 1 1 
  1 1 1 1               1 1 1 
  1 * * 1                     
  1 1 1 1                     
      1 1 1 5 1 1 1 1 1 1     
                    1 1 1 1 3 
1 1 1               1 1 1 1 1 
1 9 1 1 1 1 1 1 1 1 1 1 1     
1 1 1 1                       

===============================
UP -- 2 2 2 3 LYING_ROW 0
========= CURRENT MAP =========

                      1 1 1 1 
  1 1 1 1 1 1 1 3 1 1 1 1 1 1 
  1 * * 1               1 1 1 
  1 1 4 1                     
  1 1 1 1                     
      1 1 1 5 1 1 1 1 1 1     
                    1 1 1 1 3 
1 1 1               1 1 1 1 1 
1 9 1 1 1 1 1 1 1 1 1 1 1     
1 1 1 1                       

===============================
LEFT -- 2 1 2 1 STANDING 0
========= CURRENT MAP =========

                      1 1 1 1 
  1 1 1 1 1 1 1 3 1 1 1 1 1 1 
  * 1 1 1               1 1 1 
  1 1 4 1                     
  1 1 1 1                     
      1 1 1 5 1 1 1 1 1 1     
                    1 1 1 1 3 
1 1 1               1 1 1 1 1 
1 9 1 1 1 1 1 1 1 1 1 1 1     
1 1 1 1                       

===============================
DOWN -- 3 1 4 1 LYING_COL 0
========= CURRENT MAP =========

                      1 1 1 1 
  1 1 1 1 1 1 1 3 1 1 1 1 1 1 
  1 1 1 1               1 1 1 
  * 1 4 1                     
  * 1 1 1                     
      1 1 1 5 1 1 1 1 1 1     
                    1 1 1 1 3 
1 1 1               1 1 1 1 1 
1 9 1 1 1 1 1 1 1 1 1 1 1     
1 1 1 1                       

===============================
RIGHT -- 3 2 4 2 LYING_COL 0
========= CURRENT MAP =========

                      1 1 1 1 
  1 1 1 1 1 1 1 3 1 1 1 1 1 1 
  1 1 1 1               1 1 1 
  1 * 4 1                     
  1 * 1 1                     
      1 1 1 5 1 1 1 1 1 1     
                    1 1 1 1 3 
1 1 1               1 1 1 1 1 
1 9 1 1 1 1 1 1 1 1 1 1 1     
1 1 1 1                       

===============================
RIGHT -- 3 3 4 3 LYING_COL 0
========= CURRENT MAP =========

                      1 1 1 1 
  1 1 1 1 1 1 1 3 1 1 1 1 1 1 
  1 1 1 1               1 1 1 
  1 1 * 1                     
  1 1 * 1                     
      1 1 1 5 1 1 1 1 1 1     
                    1 1 1 1 3 
1 1 1               1 1 1 1 1 
1 9 1 1 1 1 1 1 1 1 1 1 1     
1 1 1 1                       

===============================
DOWN -- 5 3 5 3 STANDING 0
========= CURRENT MAP =========

                      1 1 1 1 
  1 1 1 1 1 1 1 3 1 1 1 1 1 1 
  1 1 1 1               1 1 1 
  1 1 4 1                     
  1 1 1 1                     
      * 1 1 5 1 1 1 1 1 1     
                    1 1 1 1 3 
1 1 1               1 1 1 1 1 
1 9 1 1 1 1 1 1 1 1 1 1 1     
1 1 1 1                       

===============================
RIGHT -- 5 4 5 5 LYING_ROW 0
========= CURRENT MAP =========

                      1 1 1 1 
  1 1 1 1 1 1 1 3 1 1 1 1 1 1 
  1 1 1 1               1 1 1 
  1 1 4 1                     
  1 1 1 1                     
      1 * * 5 1 1 1 1 1 1     
                    1 1 1 1 3 
1 1 1               1 1 1 1 1 
1 9 1 1 1 1 1 1 1 1 1 1 1     
1 1 1 1                       

===============================
RIGHT -- 5 6 5 6 STANDING 0
========= CURRENT MAP =========

                      1 1 1 1 
  1 1 1 1 1 1 1 3 1 1 1 1 1 1 
  1 1 1 1               1 1 1 
  1 1 4 1                     
  1 1 1 1                     
      1 1 1 * 1 1 1 1 1 1     
                    1 1 1 1 3 
1 1 1               1 1 1 1 1 
1 9 1 1 1     1 1 1 1 1 1     
1 1 1 1                       

===============================
RIGHT -- 5 7 5 8 LYING_ROW 0
========= CURRENT MAP =========

                      1 1 1 1 
  1 1 1 1 1 1 1 3 1 1 1 1 1 1 
  1 1 1 1               1 1 1 
  1 1 4 1                     
  1 1 1 1                     
      1 1 1 5 * * 1 1 1 1     
                    1 1 1 1 3 
1 1 1               1 1 1 1 1 
1 9 1 1 1     1 1 1 1 1 1     
1 1 1 1                       

===============================
RIGHT -- 5 9 5 9 STANDING 0
========= CURRENT MAP =========

                      1 1 1 1 
  1 1 1 1 1 1 1 3 1 1 1 1 1 1 
  1 1 1 1               1 1 1 
  1 1 4 1                     
  1 1 1 1                     
      1 1 1 5 1 1 * 1 1 1     
                    1 1 1 1 3 
1 1 1               1 1 1 1 1 
1 9 1 1 1     1 1 1 1 1 1     
1 1 1 1                       

===============================
RIGHT -- 5 10 5 11 LYING_ROW 0
========= CURRENT MAP =========

                      1 1 1 1 
  1 1 1 1 1 1 1 3 1 1 1 1 1 1 
  1 1 1 1               1 1 1 
  1 1 4 1                     
  1 1 1 1                     
      1 1 1 5 1 1 1 * * 1     
                    1 1 1 1 3 
1 1 1               1 1 1 1 1 
1 9 1 1 1     1 1 1 1 1 1     
1 1 1 1                       

===============================
DOWN -- 6 10 6 11 LYING_ROW 0
========= CURRENT MAP =========

                      1 1 1 1 
  1 1 1 1 1 1 1 3 1 1 1 1 1 1 
  1 1 1 1               1 1 1 
  1 1 4 1                     
  1 1 1 1                     
      1 1 1 5 1 1 1 1 1 1     
                    * * 1 1 3 
1 1 1               1 1 1 1 1 
1 9 1 1 1     1 1 1 1 1 1     
1 1 1 1                       

===============================
RIGHT -- 6 12 6 12 STANDING 0
========= CURRENT MAP =========

                      1 1 1 1 
  1 1 1 1 1 1 1 3 1 1 1 1 1 1 
  1 1 1 1               1 1 1 
  1 1 4 1                     
  1 1 1 1                     
      1 1 1 5 1 1 1 1 1 1     
                    1 1 * 1 3 
1 1 1               1 1 1 1 1 
1 9 1 1 1     1 1 1 1 1 1     
1 1 1 1                       

===============================
RIGHT -- 6 13 6 14 LYING_ROW 0
========= CURRENT MAP =========

                      1 1 1 1 
  1 1 1 1 1 1 1 3 1 1 1 1 1 1 
  1 1 1 1               1 1 1 
  1 1 4 1                     
  1 1 1 1                     
      1 1 1 5 1 1 1 1 1 1     
                    1 1 1 * * 
1 1 1               1 1 1 1 1 
1 9 1 1 1 1 1 1 1 1 1 1 1     
1 1 1 1                       

===============================
LEFT -- 6 12 6 12 STANDING 0
========= CURRENT MAP =========

                      1 1 1 1 
  1 1 1 1 1 1 1 3 1 1 1 1 1 1 
  1 1 1 1               1 1 1 
  1 1 4 1                     
  1 1 1 1                     
      1 1 1 5 1 1 1 1 1 1     
                    1 1 * 1 3 
1 1 1               1 1 1 1 1 
1 9 1 1 1 1 1 1 1 1 1 1 1     
1 1 1 1                       

===============================
LEFT -- 6 10 6 11 LYING_ROW 0
========= CURRENT MAP =========

                      1 1 1 1 
  1 1 1 1 1 1 1 3 1 1 1 1 1 1 
  1 1 1 1               1 1 1 
  1 1 4 1                     
  1 1 1 1                     
      1 1 1 5 1 1 1 1 1 1     
                    * * 1 1 3 
1 1 1               1 1 1 1 1 
1 9 1 1 1 1 1 1 1 1 1 1 1     
1 1 1 1                       

===============================
DOWN -- 7 10 7 11 LYING_ROW 0
========= CURRENT MAP =========

                      1 1 1 1 
  1 1 1 1 1 1 1 3 1 1 1 1 1 1 
  1 1 1 1               1 1 1 
  1 1 4 1                     
  1 1 1 1                     
      1 1 1 5 1 1 1 1 1 1     
                    1 1 1 1 3 
1 1 1               * * 1 1 1 
1 9 1 1 1 1 1 1 1 1 1 1 1     
1 1 1 1                       

===============================
DOWN -- 8 10 8 11 LYING_ROW 0
========= CURRENT MAP =========

                      1 1 1 1 
  1 1 1 1 1 1 1 3 1 1 1 1 1 1 
  1 1 1 1               1 1 1 
  1 1 4 1                     
  1 1 1 1                     
      1 1 1 5 1 1 1 1 1 1     
                    1 1 1 1 3 
1 1 1               1 1 1 1 1 
1 9 1 1 1 1 1 1 1 1 * * 1     
1 1 1 1                       

===============================
LEFT -- 8 9 8 9 STANDING 0
========= CURRENT MAP =========

                      1 1 1 1 
  1 1 1 1 1 1 1 3 1 1 1 1 1 1 
  1 1 1 1               1 1 1 
  1 1 4 1                     
  1 1 1 1                     
      1 1 1 5 1 1 1 1 1 1     
                    1 1 1 1 3 
1 1 1               1 1 1 1 1 
1 9 1 1 1 1 1 1 1 * 1 1 1     
1 1 1 1                       

===============================
LEFT -- 8 7 8 8 LYING_ROW 0
========= CURRENT MAP =========

                      1 1 1 1 
  1 1 1 1 1 1 1 3 1 1 1 1 1 1 
  1 1 1 1               1 1 1 
  1 1 4 1                     
  1 1 1 1                     
      1 1 1 5 1 1 1 1 1 1     
                    1 1 1 1 3 
1 1 1               1 1 1 1 1 
1 9 1 1 1 1 1 * * 1 1 1 1     
1 1 1 1                       

===============================
LEFT -- 8 6 8 6 STANDING 0
========= CURRENT MAP =========

                      1 1 1 1 
  1 1 1 1 1 1 1 3 1 1 1 1 1 1 
  1 1 1 1               1 1 1 
  1 1 4 1                     
  1 1 1 1                     
      1 1 1 5 1 1 1 1 1 1     
                    1 1 1 1 3 
1 1 1               1 1 1 1 1 
1 9 1 1 1 1 * 1 1 1 1 1 1     
1 1 1 1                       

===============================
LEFT -- 8 4 8 5 LYING_ROW 0
========= CURRENT MAP =========

                      1 1 1 1 
  1 1 1 1 1 1 1 3 1 1 1 1 1 1 
  1 1 1 1               1 1 1 
  1 1 4 1                     
  1 1 1 1                     
      1 1 1 5 1 1 1 1 1 1     
                    1 1 1 1 3 
1 1 1               1 1 1 1 1 
1 9 1 1 * * 1 1 1 1 1 1 1     
1 1 1 1                       

===============================
LEFT -- 8 3 8 3 STANDING 0
========= CURRENT MAP =========

                      1 1 1 1 
  1 1 1 1 1 1 1 3 1 1 1 1 1 1 
  1 1 1 1               1 1 1 
  1 1 4 1                     
  1 1 1 1                     
      1 1 1 5 1 1 1 1 1 1     
                    1 1 1 1 3 
1 1 1               1 1 1 1 1 
1 9 1 * 1 1 1 1 1 1 1 1 1     
1 1 1 1                       

===============================
LEFT -- 8 1 8 2 LYING_ROW 0
========= CURRENT MAP =========

                      1 1 1 1 
  1 1 1 1 1 1 1 3 1 1 1 1 1 1 
  1 1 1 1               1 1 1 
  1 1 4 1                     
  1 1 1 1                     
      1 1 1 5 1 1 1 1 1 1     
                    1 1 1 1 3 
1 1 1               1 1 1 1 1 
1 * * 1 1 1 1 1 1 1 1 1 1     
1 1 1 1                       

===============================
DOWN -- 9 1 9 2 LYING_ROW 0
========= CURRENT MAP =========

                      1 1 1 1 
  1 1 1 1 1 1 1 3 1 1 1 1 1 1 
  1 1 1 1               1 1 1 
  1 1 4 1                     
  1 1 1 1                     
      1 1 1 5 1 1 1 1 1 1     
                    1 1 1 1 3 
1 1 1               1 1 1 1 1 
1 9 1 1 1 1 1 1 1 1 1 1 1     
1 * * 1                       

===============================
LEFT -- 9 0 9 0 STANDING 0
========= CURRENT MAP =========

                      1 1 1 1 
  1 1 1 1 1 1 1 3 1 1 1 1 1 1 
  1 1 1 1               1 1 1 
  1 1 4 1                     
  1 1 1 1                     
      1 1 1 5 1 1 1 1 1 1     
                    1 1 1 1 3 
1 1 1               1 1 1 1 1 
1 9 1 1 1 1 1 1 1 1 1 1 1     
* 1 1 1                       

===============================
UP -- 7 0 8 0 LYING_COL 0
========= CURRENT MAP =========

                      1 1 1 1 
  1 1 1 1 1 1 1 3 1 1 1 1 1 1 
  1 1 1 1               1 1 1 
  1 1 4 1                     
  1 1 1 1                     
      1 1 1 5 1 1 1 1 1 1     
                    1 1 1 1 3 
* 1 1               1 1 1 1 1 
* 9 1 1 1 1 1 1 1 1 1 1 1     
1 1 1 1                       

===============================
RIGHT -- 7 1 8 1 LYING_COL 0
========= CURRENT MAP =========

                      1 1 1 1 
  1 1 1 1 1 1 1 3 1 1 1 1 1 1 
  1 1 1 1               1 1 1 
  1 1 4 1                     
  1 1 1 1                     
      1 1 1 5 1 1 1 1 1 1     
                    1 1 1 1 3 
1 * 1               1 1 1 1 1 
1 * 1 1 1 1 1 1 1 1 1 1 1     
1 1 1 1                       

===============================
DOWN -- 9 1 9 1 STANDING 0
========= CURRENT MAP =========

                      1 1 1 1 
  1 1 1 1 1 1 1 3 1 1 1 1 1 1 
  1 1 1 1               1 1 1 
  1 1 4 1                     
  1 1 1 1                     
      1 1 1 5 1 1 1 1 1 1     
                    1 1 1 1 3 
1 1 1               1 1 1 1 1 
1 9 1 1 1 1 1 1 1 1 1 1 1     
1 * 1 1                       

===============================
RIGHT -- 9 2 9 3 LYING_ROW 0
========= CURRENT MAP =========

                      1 1 1 1 
  1 1 1 1 1 1 1 3 1 1 1 1 1 1 
  1 1 1 1               1 1 1 
  1 1 4 1                     
  1 1 1 1                     
      1 1 1 5 1 1 1 1 1 1     
                    1 1 1 1 3 
1 1 1               1 1 1 1 1 
1 9 1 1 1 1 1 1 1 1 1 1 1     
1 1 * *                       

===============================
UP -- 8 2 8 3 LYING_ROW 0
========= CURRENT MAP =========

                      1 1 1 1 
  1 1 1 1 1 1 1 3 1 1 1 1 1 1 
  1 1 1 1               1 1 1 
  1 1 4 1                     
  1 1 1 1                     
      1 1 1 5 1 1 1 1 1 1     
                    1 1 1 1 3 
1 1 1               1 1 1 1 1 
1 9 * * 1 1 1 1 1 1 1 1 1     
1 1 1 1                       

===============================
LEFT -- 8 1 8 1 STANDING 0
========= CURRENT MAP =========

                      1 1 1 1 
  1 1 1 1 1 1 1 3 1 1 1 1 1 1 
  1 1 1 1               1 1 1 
  1 1 4 1                     
  1 1 1 1                     
      1 1 1 5 1 1 1 1 1 1     
                    1 1 1 1 3 
1 1 1               1 1 1 1 1 
1 * 1 1 1 1 1 1 1 1 1 1 1     
1 1 1 1                       

===============================

=========== STAT 05 ============
STATUS: SUCCESS
PROCESS TIME: 0:00:00.065403
PROCESS MEMORY: 770048
REAL STEP: 45
VIRTUAL STEP: 1033
===============================

PRESS KEY: LLLLRLLLDDLUULDRRDRRRRRDRRLLDDLLLLLLDLURDRUL

