START -- 6 3 6 3 STANDING 0
========= CURRENT MAP =========

  8                 1 1 1 
8 1 8     7 7 1     1 9 1 
  8                 1 1 1 
                          
                          
    1 1 1       1 1 1     
    1 * 1 1 1 1 1 8 1     
    1 1 1       1 1 1     

===============================
RIGHT -- 6 4 6 5 LYING_ROW 0
========= CURRENT MAP =========

  8                 1 1 1 
8 1 8     7 7 1     1 9 1 
  8                 1 1 1 
                          
                          
    1 1 1       1 1 1     
    1 1 * * 1 1 1 8 1     
    1 1 1       1 1 1     

===============================
RIGHT -- 6 6 6 6 STANDING 0
========= CURRENT MAP =========

  8                 1 1 1 
8 1 8     7 7 1     1 9 1 
  8                 1 1 1 
                          
                          
    1 1 1       1 1 1     
    1 1 1 1 * 1 1 8 1     
    1 1 1       1 1 1     

===============================
RIGHT -- 6 7 6 8 LYING_ROW 0
========= CURRENT MAP =========

  8                 1 1 1 
8 1 8     7 7 1     1 9 1 
  8                 1 1 1 
                          
                          
    1 1 1       1 1 1     
    1 1 1 1 1 * * 8 1     
    1 1 1       1 1 1     

===============================
RIGHT, WAIT -- 0 1 1 0 SPLIT 1
========= CURRENT MAP =========

  *                 1 1 1 
* 1 8     7 7 1     1 9 1 
  8                 1 1 1 
                          
                          
    1 1 1       1 1 1     
    1 1 1 1 1 1 1 8 1     
    1 1 1       1 1 1     

===============================
SPACE, RIGHT -- 0 1 1 1 LYING_COL 2
========= CURRENT MAP =========

  *                 1 1 1 
8 * 8     7 7 1     1 9 1 
  8                 1 1 1 
                          
                          
    1 1 1       1 1 1     
    1 1 1 1 1 1 1 8 1     
    1 1 1       1 1 1     

===============================
DOWN, WAIT -- 1 0 2 1 SPLIT 2
========= CURRENT MAP =========

  8                 1 1 1 
* 1 8     7 7 1     1 9 1 
  *                 1 1 1 
                          
                          
    1 1 1       1 1 1     
    1 1 1 1 1 1 1 8 1     
    1 1 1       1 1 1     

===============================
SPACE, RIGHT -- 1 1 2 1 LYING_COL 1
========= CURRENT MAP =========

  8                 1 1 1 
8 * 8     7 7 1     1 9 1 
  *                 1 1 1 
                          
                          
    1 1 1       1 1 1     
    1 1 1 1 1 1 1 8 1     
    1 1 1       1 1 1     

===============================
UP, WAIT -- 1 5 1 7 SPLIT 2
========= CURRENT MAP =========

  8                 1 1 1 
8 1 8     * 7 *     1 9 1 
  8                 1 1 1 
                          
                          
    1 1 1       1 1 1     
    1 1 1 1 1 1 1 8 1     
    1 1 1       1 1 1     

===============================
SPACE, RIGHT -- 1 6 1 7 LYING_ROW 1
========= CURRENT MAP =========

  8                 1 1 1 
8 1 8     7 * *     1 9 1 
  8                 1 1 1 
                          
                          
    1 1 1       1 1 1     
    1 1 1 1 1 1 1 8 1     
    1 1 1       1 1 1     

===============================
LEFT -- 1 5 1 5 STANDING 0
========= CURRENT MAP =========

  8                 1 1 1 
8 1 8 1 1 * 7 1     1 9 1 
  8                 1 1 1 
                          
                          
    1 1 1       1 1 1     
    1 1 1 1 1 1 1 8 1     
    1 1 1       1 1 1     

===============================
LEFT -- 1 3 1 4 LYING_ROW 0
========= CURRENT MAP =========

  8                 1 1 1 
8 1 8 * * 7 7 1     1 9 1 
  8                 1 1 1 
                          
                          
    1 1 1       1 1 1     
    1 1 1 1 1 1 1 8 1     
    1 1 1       1 1 1     

===============================
LEFT, WAIT -- 1 0 1 2 SPLIT 1
========= CURRENT MAP =========

  8                 1 1 1 
* 1 * 1 1 7 7 1     1 9 1 
  8                 1 1 1 
                          
                          
    1 1 1       1 1 1     
    1 1 1 1 1 1 1 8 1     
    1 1 1       1 1 1     

===============================
RIGHT -- 1 1 1 2 LYING_ROW 1
========= CURRENT MAP =========

  8                 1 1 1 
8 * * 1 1 7 7 1     1 9 1 
  8                 1 1 1 
                          
                          
    1 1 1       1 1 1     
    1 1 1 1 1 1 1 8 1     
    1 1 1       1 1 1     

===============================
RIGHT -- 1 3 1 3 STANDING 0
========= CURRENT MAP =========

  8                 1 1 1 
8 1 8 * 1 7 7 1     1 9 1 
  8                 1 1 1 
                          
                          
    1 1 1       1 1 1     
    1 1 1 1 1 1 1 8 1     
    1 1 1       1 1 1     

===============================
RIGHT -- 1 4 1 5 LYING_ROW 0
========= CURRENT MAP =========

  8                 1 1 1 
8 1 8 1 * * 7 1     1 9 1 
  8                 1 1 1 
                          
                          
    1 1 1       1 1 1     
    1 1 1 1 1 1 1 8 1     
    1 1 1       1 1 1     

===============================
RIGHT -- 1 6 1 6 STANDING 0
========= CURRENT MAP =========

  8                 1 1 1 
8 1 8 1 1 7 * 1 1 1 1 9 1 
  8                 1 1 1 
                          
                          
    1 1 1       1 1 1     
    1 1 1 1 1 1 1 8 1     
    1 1 1       1 1 1     

===============================
LEFT -- 1 4 1 5 LYING_ROW 0
========= CURRENT MAP =========

  8                 1 1 1 
8 1 8 1 * * 7 1 1 1 1 9 1 
  8                 1 1 1 
                          
                          
    1 1 1       1 1 1     
    1 1 1 1 1 1 1 8 1     
    1 1 1       1 1 1     

===============================
LEFT -- 1 3 1 3 STANDING 0
========= CURRENT MAP =========

  8                 1 1 1 
8 1 8 * 1 7 7 1 1 1 1 9 1 
  8                 1 1 1 
                          
                          
    1 1 1       1 1 1     
    1 1 1 1 1 1 1 8 1     
    1 1 1       1 1 1     

===============================
LEFT -- 1 1 1 2 LYING_ROW 0
========= CURRENT MAP =========

  8                 1 1 1 
8 * * 1 1 7 7 1 1 1 1 9 1 
  8                 1 1 1 
                          
                          
    1 1 1       1 1 1     
    1 1 1 1 1 1 1 8 1     
    1 1 1       1 1 1     

===============================
LEFT, WAIT -- 0 1 1 2 SPLIT 2
========= CURRENT MAP =========

  *                 1 1 1 
8 1 * 1 1 7 7 1 1 1 1 9 1 
  8                 1 1 1 
                          
                          
    1 1 1       1 1 1     
    1 1 1 1 1 1 1 8 1     
    1 1 1       1 1 1     

===============================
RIGHT -- 0 1 1 3 SPLIT 2
========= CURRENT MAP =========

  *                 1 1 1 
8 1 8 * 1 7 7 1 1 1 1 9 1 
  8                 1 1 1 
                          
                          
    1 1 1       1 1 1     
    1 1 1 1 1 1 1 8 1     
    1 1 1       1 1 1     

===============================
RIGHT -- 0 1 1 4 SPLIT 2
========= CURRENT MAP =========

  *                 1 1 1 
8 1 8 1 * 7 7 1 1 1 1 9 1 
  8                 1 1 1 
                          
                          
    1 1 1       1 1 1     
    1 1 1 1 1 1 1 8 1     
    1 1 1       1 1 1     

===============================
RIGHT -- 0 1 1 5 SPLIT 2
========= CURRENT MAP =========

  *                 1 1 1 
8 1 8 1 1 * 7 1 1 1 1 9 1 
  8                 1 1 1 
                          
                          
    1 1 1       1 1 1     
    1 1 1 1 1 1 1 8 1     
    1 1 1       1 1 1     

===============================
RIGHT -- 0 1 1 6 SPLIT 2
========= CURRENT MAP =========

  *                 1 1 1 
8 1 8 1 1 7 * 1 1 1 1 9 1 
  8                 1 1 1 
                          
                          
    1 1 1       1 1 1     
    1 1 1 1 1 1 1 8 1     
    1 1 1       1 1 1     

===============================
RIGHT -- 0 1 1 7 SPLIT 2
========= CURRENT MAP =========

  *                 1 1 1 
8 1 8 1 1 7 7 * 1 1 1 9 1 
  8                 1 1 1 
                          
                          
    1 1 1       1 1 1     
    1 1 1 1 1 1 1 8 1     
    1 1 1       1 1 1     

===============================
RIGHT -- 0 1 1 8 SPLIT 2
========= CURRENT MAP =========

  *                 1 1 1 
8 1 8 1 1 7 7 1 * 1 1 9 1 
  8                 1 1 1 
                          
                          
    1 1 1       1 1 1     
    1 1 1 1 1 1 1 8 1     
    1 1 1       1 1 1     

===============================
RIGHT -- 0 1 1 9 SPLIT 2
========= CURRENT MAP =========

  *                 1 1 1 
8 1 8 1 1 7 7 1 1 * 1 9 1 
  8                 1 1 1 
                          
                          
    1 1 1       1 1 1     
    1 1 1 1 1 1 1 8 1     
    1 1 1       1 1 1     

===============================
RIGHT -- 0 1 1 10 SPLIT 2
========= CURRENT MAP =========

  *                 1 1 1 
8 1 8 1 1 7 7 1 1 1 * 9 1 
  8                 1 1 1 
                          
                          
    1 1 1       1 1 1     
    1 1 1 1 1 1 1 8 1     
    1 1 1       1 1 1     

===============================
SPACE, DOWN -- 1 1 1 10 SPLIT 1
========= CURRENT MAP =========

  8                 1 1 1 
8 * 8 1 1 7 7 1 1 1 * 9 1 
  8                 1 1 1 
                          
                          
    1 1 1       1 1 1     
    1 1 1 1 1 1 1 8 1     
    1 1 1       1 1 1     

===============================
RIGHT -- 1 2 1 10 SPLIT 1
========= CURRENT MAP =========

  8                 1 1 1 
8 1 * 1 1 7 7 1 1 1 * 9 1 
  8                 1 1 1 
                          
                          
    1 1 1       1 1 1     
    1 1 1 1 1 1 1 8 1     
    1 1 1       1 1 1     

===============================
RIGHT -- 1 3 1 10 SPLIT 1
========= CURRENT MAP =========

  8                 1 1 1 
8 1 8 * 1 7 7 1 1 1 * 9 1 
  8                 1 1 1 
                          
                          
    1 1 1       1 1 1     
    1 1 1 1 1 1 1 8 1     
    1 1 1       1 1 1     

===============================
RIGHT -- 1 4 1 10 SPLIT 1
========= CURRENT MAP =========

  8                 1 1 1 
8 1 8 1 * 7 7 1 1 1 * 9 1 
  8                 1 1 1 
                          
                          
    1 1 1       1 1 1     
    1 1 1 1 1 1 1 8 1     
    1 1 1       1 1 1     

===============================
RIGHT -- 1 5 1 10 SPLIT 1
========= CURRENT MAP =========

  8                 1 1 1 
8 1 8 1 1 * 7 1 1 1 * 9 1 
  8                 1 1 1 
                          
                          
    1 1 1       1 1 1     
    1 1 1 1 1 1 1 8 1     
    1 1 1       1 1 1     

===============================
RIGHT -- 1 6 1 10 SPLIT 1
========= CURRENT MAP =========

  8                 1 1 1 
8 1 8 1 1 7 * 1 1 1 * 9 1 
  8                 1 1 1 
                          
                          
    1 1 1       1 1 1     
    1 1 1 1 1 1 1 8 1     
    1 1 1       1 1 1     

===============================
RIGHT -- 1 7 1 10 SPLIT 1
========= CURRENT MAP =========

  8                 1 1 1 
8 1 8 1 1 7 7 * 1 1 * 9 1 
  8                 1 1 1 
                          
                          
    1 1 1       1 1 1     
    1 1 1 1 1 1 1 8 1     
    1 1 1       1 1 1     

===============================
RIGHT -- 1 8 1 10 SPLIT 1
========= CURRENT MAP =========

  8                 1 1 1 
8 1 8 1 1 7 7 1 * 1 * 9 1 
  8                 1 1 1 
                          
                          
    1 1 1       1 1 1     
    1 1 1 1 1 1 1 8 1     
    1 1 1       1 1 1     

===============================
RIGHT -- 1 9 1 10 LYING_ROW 1
========= CURRENT MAP =========

  8                 1 1 1 
8 1 8 1 1 7 7 1 1 * * 9 1 
  8                 1 1 1 
                          
                          
    1 1 1       1 1 1     
    1 1 1 1 1 1 1 8 1     
    1 1 1       1 1 1     

===============================
RIGHT -- 1 11 1 11 STANDING 0
========= CURRENT MAP =========

  8                 1 1 1 
8 1 8 1 1 7 7 1 1 1 1 * 1 
  8                 1 1 1 
                          
                          
    1 1 1       1 1 1     
    1 1 1 1 1 1 1 8 1     
    1 1 1       1 1 1     

===============================

=========== STAT 16 ============
STATUS: SUCCESS
PROCESS TIME: 0:00:00.057350
PROCESS MEMORY: 589824
REAL STEP: 39
VIRTUAL STEP: 1277
===============================

PRESS KEY: RRRRw-RDw-RUw-RLLLwRRRRLLLLwRRRRRRRR-DRRRRRRRRR

