START -- 3 1 3 1 STANDING 0
========= CURRENT MAP =========

                1 1 1 1       
                1 1 1 1       
1 1 1           1     1 1 1 1 
1 * 1 1 1 1 1 1 1       1 9 1 
1 1 1         1 1 6     1 1 1 
1 1 1         1 1 1     1 1 1 
  1 1         1               
    1 1 1 1 1 1               

===============================
DOWN -- 4 1 5 1 LYING_COL 0
========= CURRENT MAP =========

                1 1 1 1       
                1 1 1 1       
1 1 1           1     1 1 1 1 
1 1 1 1 1 1 1 1 1       1 9 1 
1 * 1         1 1 6     1 1 1 
1 * 1         1 1 1     1 1 1 
  1 1         1               
    1 1 1 1 1 1               

===============================
LEFT -- 4 0 5 0 LYING_COL 0
========= CURRENT MAP =========

                1 1 1 1       
                1 1 1 1       
1 1 1           1     1 1 1 1 
1 1 1 1 1 1 1 1 1       1 9 1 
* 1 1         1 1 6     1 1 1 
* 1 1         1 1 1     1 1 1 
  1 1         1               
    1 1 1 1 1 1               

===============================
UP -- 3 0 3 0 STANDING 0
========= CURRENT MAP =========

                1 1 1 1       
                1 1 1 1       
1 1 1           1     1 1 1 1 
* 1 1 1 1 1 1 1 1       1 9 1 
1 1 1         1 1 6     1 1 1 
1 1 1         1 1 1     1 1 1 
  1 1         1               
    1 1 1 1 1 1               

===============================
RIGHT -- 3 1 3 2 LYING_ROW 0
========= CURRENT MAP =========

                1 1 1 1       
                1 1 1 1       
1 1 1           1     1 1 1 1 
1 * * 1 1 1 1 1 1       1 9 1 
1 1 1         1 1 6     1 1 1 
1 1 1         1 1 1     1 1 1 
  1 1         1               
    1 1 1 1 1 1               

===============================
RIGHT -- 3 3 3 3 STANDING 0
========= CURRENT MAP =========

                1 1 1 1       
                1 1 1 1       
1 1 1           1     1 1 1 1 
1 1 1 * 1 1 1 1 1       1 9 1 
1 1 1         1 1 6     1 1 1 
1 1 1         1 1 1     1 1 1 
  1 1         1               
    1 1 1 1 1 1               

===============================
RIGHT -- 3 4 3 5 LYING_ROW 0
========= CURRENT MAP =========

                1 1 1 1       
                1 1 1 1       
1 1 1           1     1 1 1 1 
1 1 1 1 * * 1 1 1       1 9 1 
1 1 1         1 1 6     1 1 1 
1 1 1         1 1 1     1 1 1 
  1 1         1               
    1 1 1 1 1 1               

===============================
RIGHT -- 3 6 3 6 STANDING 0
========= CURRENT MAP =========

                1 1 1 1       
                1 1 1 1       
1 1 1           1     1 1 1 1 
1 1 1 1 1 1 * 1 1       1 9 1 
1 1 1         1 1 6     1 1 1 
1 1 1         1 1 1     1 1 1 
  1 1         1               
    1 1 1 1 1 1               

===============================
RIGHT -- 3 7 3 8 LYING_ROW 0
========= CURRENT MAP =========

                1 1 1 1       
                1 1 1 1       
1 1 1           1     1 1 1 1 
1 1 1 1 1 1 1 * *       1 9 1 
1 1 1         1 1 6     1 1 1 
1 1 1         1 1 1     1 1 1 
  1 1         1               
    1 1 1 1 1 1               

===============================
DOWN -- 4 7 4 8 LYING_ROW 0
========= CURRENT MAP =========

                1 1 1 1       
                1 1 1 1       
1 1 1           1     1 1 1 1 
1 1 1 1 1 1 1 1 1       1 9 1 
1 1 1         * * 6     1 1 1 
1 1 1         1 1 1     1 1 1 
  1 1         1               
    1 1 1 1 1 1               

===============================
RIGHT -- 4 9 4 9 STANDING 0
========= CURRENT MAP =========

                1 1 1 1       
                1 1 1 1       
1 1 1           1     1 1 1 1 
1 1 1 1 1 1 1 1 1       1 9 1 
1 1 1         1 1 *     1 1 1 
1 1 1         1 1 1     1 1 1 
  1 1 1       1               
    1 1 1 1 1 1               

===============================
LEFT -- 4 7 4 8 LYING_ROW 0
========= CURRENT MAP =========

                1 1 1 1       
                1 1 1 1       
1 1 1           1     1 1 1 1 
1 1 1 1 1 1 1 1 1       1 9 1 
1 1 1         * * 6     1 1 1 
1 1 1         1 1 1     1 1 1 
  1 1 1       1               
    1 1 1 1 1 1               

===============================
UP -- 3 7 3 8 LYING_ROW 0
========= CURRENT MAP =========

                1 1 1 1       
                1 1 1 1       
1 1 1           1     1 1 1 1 
1 1 1 1 1 1 1 * *       1 9 1 
1 1 1         1 1 6     1 1 1 
1 1 1         1 1 1     1 1 1 
  1 1 1       1               
    1 1 1 1 1 1               

===============================
LEFT -- 3 6 3 6 STANDING 0
========= CURRENT MAP =========

                1 1 1 1       
                1 1 1 1       
1 1 1           1     1 1 1 1 
1 1 1 1 1 1 * 1 1       1 9 1 
1 1 1         1 1 6     1 1 1 
1 1 1         1 1 1     1 1 1 
  1 1 1       1               
    1 1 1 1 1 1               

===============================
LEFT -- 3 4 3 5 LYING_ROW 0
========= CURRENT MAP =========

                1 1 1 1       
                1 1 1 1       
1 1 1           1     1 1 1 1 
1 1 1 1 * * 1 1 1       1 9 1 
1 1 1         1 1 6     1 1 1 
1 1 1         1 1 1     1 1 1 
  1 1 1       1               
    1 1 1 1 1 1               

===============================
LEFT -- 3 3 3 3 STANDING 0
========= CURRENT MAP =========

                1 1 1 1       
                1 1 1 1       
1 1 1           1     1 1 1 1 
1 1 1 * 1 1 1 1 1       1 9 1 
1 1 1         1 1 6     1 1 1 
1 1 1         1 1 1     1 1 1 
  1 1 1       1               
    1 1 1 1 1 1               

===============================
LEFT -- 3 1 3 2 LYING_ROW 0
========= CURRENT MAP =========

                1 1 1 1       
                1 1 1 1       
1 1 1           1     1 1 1 1 
1 * * 1 1 1 1 1 1       1 9 1 
1 1 1         1 1 6     1 1 1 
1 1 1         1 1 1     1 1 1 
  1 1 1       1               
    1 1 1 1 1 1               

===============================
UP -- 2 1 2 2 LYING_ROW 0
========= CURRENT MAP =========

                1 1 1 1       
                1 1 1 1       
1 * *           1     1 1 1 1 
1 1 1 1 1 1 1 1 1       1 9 1 
1 1 1         1 1 6     1 1 1 
1 1 1         1 1 1     1 1 1 
  1 1 1       1               
    1 1 1 1 1 1               

===============================
LEFT -- 2 0 2 0 STANDING 0
========= CURRENT MAP =========

                1 1 1 1       
                1 1 1 1       
* 1 1           1     1 1 1 1 
1 1 1 1 1 1 1 1 1       1 9 1 
1 1 1         1 1 6     1 1 1 
1 1 1         1 1 1     1 1 1 
  1 1 1       1               
    1 1 1 1 1 1               

===============================
DOWN -- 3 0 4 0 LYING_COL 0
========= CURRENT MAP =========

                1 1 1 1       
                1 1 1 1       
1 1 1           1     1 1 1 1 
* 1 1 1 1 1 1 1 1       1 9 1 
* 1 1         1 1 6     1 1 1 
1 1 1         1 1 1     1 1 1 
  1 1 1       1               
    1 1 1 1 1 1               

===============================
RIGHT -- 3 1 4 1 LYING_COL 0
========= CURRENT MAP =========

                1 1 1 1       
                1 1 1 1       
1 1 1           1     1 1 1 1 
1 * 1 1 1 1 1 1 1       1 9 1 
1 * 1         1 1 6     1 1 1 
1 1 1         1 1 1     1 1 1 
  1 1 1       1               
    1 1 1 1 1 1               

===============================
RIGHT -- 3 2 4 2 LYING_COL 0
========= CURRENT MAP =========

                1 1 1 1       
                1 1 1 1       
1 1 1           1     1 1 1 1 
1 1 * 1 1 1 1 1 1       1 9 1 
1 1 *         1 1 6     1 1 1 
1 1 1         1 1 1     1 1 1 
  1 1 1       1               
    1 1 1 1 1 1               

===============================
UP -- 2 2 2 2 STANDING 0
========= CURRENT MAP =========

                1 1 1 1       
                1 1 1 1       
1 1 *           1     1 1 1 1 
1 1 1 1 1 1 1 1 1       1 9 1 
1 1 1         1 1 6     1 1 1 
1 1 1         1 1 1     1 1 1 
  1 1 1       1               
    1 1 1 1 1 1               

===============================
LEFT -- 2 0 2 1 LYING_ROW 0
========= CURRENT MAP =========

                1 1 1 1       
                1 1 1 1       
* * 1           1     1 1 1 1 
1 1 1 1 1 1 1 1 1       1 9 1 
1 1 1         1 1 6     1 1 1 
1 1 1         1 1 1     1 1 1 
  1 1 1       1               
    1 1 1 1 1 1               

===============================
DOWN -- 3 0 3 1 LYING_ROW 0
========= CURRENT MAP =========

                1 1 1 1       
                1 1 1 1       
1 1 1           1     1 1 1 1 
* * 1 1 1 1 1 1 1       1 9 1 
1 1 1         1 1 6     1 1 1 
1 1 1         1 1 1     1 1 1 
  1 1 1       1               
    1 1 1 1 1 1               

===============================
RIGHT -- 3 2 3 2 STANDING 0
========= CURRENT MAP =========

                1 1 1 1       
                1 1 1 1       
1 1 1           1     1 1 1 1 
1 1 * 1 1 1 1 1 1       1 9 1 
1 1 1         1 1 6     1 1 1 
1 1 1         1 1 1     1 1 1 
  1 1 1       1               
    1 1 1 1 1 1               

===============================
DOWN -- 4 2 5 2 LYING_COL 0
========= CURRENT MAP =========

                1 1 1 1       
                1 1 1 1       
1 1 1           1     1 1 1 1 
1 1 1 1 1 1 1 1 1       1 9 1 
1 1 *         1 1 6     1 1 1 
1 1 *         1 1 1     1 1 1 
  1 1 1       1               
    1 1 1 1 1 1               

===============================
LEFT -- 4 1 5 1 LYING_COL 0
========= CURRENT MAP =========

                1 1 1 1       
                1 1 1 1       
1 1 1           1     1 1 1 1 
1 1 1 1 1 1 1 1 1       1 9 1 
1 * 1         1 1 6     1 1 1 
1 * 1         1 1 1     1 1 1 
  1 1 1       1               
    1 1 1 1 1 1               

===============================
DOWN -- 6 1 6 1 STANDING 0
========= CURRENT MAP =========

                1 1 1 1       
                1 1 1 1       
1 1 1           1     1 1 1 1 
1 1 1 1 1 1 1 1 1       1 9 1 
1 1 1         1 1 6     1 1 1 
1 1 1         1 1 1     1 1 1 
  * 1 1       1               
    1 1 1 1 1 1               

===============================
RIGHT -- 6 2 6 3 LYING_ROW 0
========= CURRENT MAP =========

                1 1 1 1       
                1 1 1 1       
1 1 1           1     1 1 1 1 
1 1 1 1 1 1 1 1 1       1 9 1 
1 1 1         1 1 6     1 1 1 
1 1 1         1 1 1     1 1 1 
  1 * *       1               
    1 1 1 1 1 1               

===============================
DOWN -- 7 2 7 3 LYING_ROW 0
========= CURRENT MAP =========

                1 1 1 1       
                1 1 1 1       
1 1 1           1     1 1 1 1 
1 1 1 1 1 1 1 1 1       1 9 1 
1 1 1         1 1 6     1 1 1 
1 1 1         1 1 1     1 1 1 
  1 1 1       1               
    * * 1 1 1 1               

===============================
RIGHT -- 7 4 7 4 STANDING 0
========= CURRENT MAP =========

                1 1 1 1       
                1 1 1 1       
1 1 1           1     1 1 1 1 
1 1 1 1 1 1 1 1 1       1 9 1 
1 1 1         1 1 6     1 1 1 
1 1 1         1 1 1     1 1 1 
  1 1 1       1               
    1 1 * 1 1 1               

===============================
RIGHT -- 7 5 7 6 LYING_ROW 0
========= CURRENT MAP =========

                1 1 1 1       
                1 1 1 1       
1 1 1           1     1 1 1 1 
1 1 1 1 1 1 1 1 1       1 9 1 
1 1 1         1 1 6     1 1 1 
1 1 1         1 1 1     1 1 1 
  1 1 1       1               
    1 1 1 * * 1               

===============================
RIGHT -- 7 7 7 7 STANDING 0
========= CURRENT MAP =========

                1 1 1 1       
                1 1 1 1       
1 1 1           1     1 1 1 1 
1 1 1 1 1 1 1 1 1       1 9 1 
1 1 1         1 1 6     1 1 1 
1 1 1         1 1 1     1 1 1 
  1 1 1       1               
    1 1 1 1 1 *               

===============================
UP -- 5 7 6 7 LYING_COL 0
========= CURRENT MAP =========

                1 1 1 1       
                1 1 1 1       
1 1 1           1     1 1 1 1 
1 1 1 1 1 1 1 1 1       1 9 1 
1 1 1         1 1 6     1 1 1 
1 1 1         * 1 1     1 1 1 
  1 1 1       *               
    1 1 1 1 1 1               

===============================
UP -- 4 7 4 7 STANDING 0
========= CURRENT MAP =========

                1 1 1 1       
                1 1 1 1       
1 1 1           1     1 1 1 1 
1 1 1 1 1 1 1 1 1       1 9 1 
1 1 1         * 1 6     1 1 1 
1 1 1         1 1 1     1 1 1 
  1 1 1       1               
    1 1 1 1 1 1               

===============================
RIGHT -- 4 8 4 9 LYING_ROW 0
========= CURRENT MAP =========

                1 1 1 1       
                1 1 1 1       
1 1 1           1     1 1 1 1 
1 1 1 1 1 1 1 1 1       1 9 1 
1 1 1         1 * *     1 1 1 
1 1 1         1 1 1     1 1 1 
  1 1 1       1               
    1 1 1 1 1 1               

===============================
DOWN -- 5 8 5 9 LYING_ROW 0
========= CURRENT MAP =========

                1 1 1 1       
                1 1 1 1       
1 1 1           1     1 1 1 1 
1 1 1 1 1 1 1 1 1       1 9 1 
1 1 1         1 1 6     1 1 1 
1 1 1         1 * *     1 1 1 
  1 1 1       1               
    1 1 1 1 1 1               

===============================
LEFT -- 5 7 5 7 STANDING 0
========= CURRENT MAP =========

                1 1 1 1       
                1 1 1 1       
1 1 1           1     1 1 1 1 
1 1 1 1 1 1 1 1 1       1 9 1 
1 1 1         1 1 6     1 1 1 
1 1 1         * 1 1     1 1 1 
  1 1 1       1               
    1 1 1 1 1 1               

===============================
UP -- 3 7 4 7 LYING_COL 0
========= CURRENT MAP =========

                1 1 1 1       
                1 1 1 1       
1 1 1           1     1 1 1 1 
1 1 1 1 1 1 1 * 1       1 9 1 
1 1 1         * 1 6     1 1 1 
1 1 1         1 1 1     1 1 1 
  1 1 1       1               
    1 1 1 1 1 1               

===============================
RIGHT -- 3 8 4 8 LYING_COL 0
========= CURRENT MAP =========

                1 1 1 1       
                1 1 1 1       
1 1 1           1     1 1 1 1 
1 1 1 1 1 1 1 1 *       1 9 1 
1 1 1         1 * 6     1 1 1 
1 1 1         1 1 1     1 1 1 
  1 1 1       1               
    1 1 1 1 1 1               

===============================
UP -- 2 8 2 8 STANDING 0
========= CURRENT MAP =========

                1 1 1 1       
                1 1 1 1       
1 1 1           *     1 1 1 1 
1 1 1 1 1 1 1 1 1       1 9 1 
1 1 1         1 1 6     1 1 1 
1 1 1         1 1 1     1 1 1 
  1 1 1       1               
    1 1 1 1 1 1               

===============================
UP -- 0 8 1 8 LYING_COL 0
========= CURRENT MAP =========

                * 1 1 1       
                * 1 1 1       
1 1 1           1     1 1 1 1 
1 1 1 1 1 1 1 1 1       1 9 1 
1 1 1         1 1 6     1 1 1 
1 1 1         1 1 1     1 1 1 
  1 1 1       1               
    1 1 1 1 1 1               

===============================
RIGHT -- 0 9 1 9 LYING_COL 0
========= CURRENT MAP =========

                1 * 1 1       
                1 * 1 1       
1 1 1           1     1 1 1 1 
1 1 1 1 1 1 1 1 1       1 9 1 
1 1 1         1 1 6     1 1 1 
1 1 1         1 1 1     1 1 1 
  1 1 1       1               
    1 1 1 1 1 1               

===============================
RIGHT -- 0 10 1 10 LYING_COL 0
========= CURRENT MAP =========

                1 1 * 1       
                1 1 * 1       
1 1 1           1     1 1 1 1 
1 1 1 1 1 1 1 1 1       1 9 1 
1 1 1         1 1 6     1 1 1 
1 1 1         1 1 1     1 1 1 
  1 1 1       1               
    1 1 1 1 1 1               

===============================
RIGHT -- 0 11 1 11 LYING_COL 0
========= CURRENT MAP =========

                1 1 1 *       
                1 1 1 *       
1 1 1           1     1 1 1 1 
1 1 1 1 1 1 1 1 1       1 9 1 
1 1 1         1 1 6     1 1 1 
1 1 1         1 1 1     1 1 1 
  1 1 1       1               
    1 1 1 1 1 1               

===============================
DOWN -- 2 11 2 11 STANDING 0
========= CURRENT MAP =========

                1 1 1 1       
                1 1 1 1       
1 1 1           1     * 1 1 1 
1 1 1 1 1 1 1 1 1       1 9 1 
1 1 1         1 1 6     1 1 1 
1 1 1         1 1 1     1 1 1 
  1 1 1       1               
    1 1 1 1 1 1               

===============================
RIGHT -- 2 12 2 13 LYING_ROW 0
========= CURRENT MAP =========

                1 1 1 1       
                1 1 1 1       
1 1 1           1     1 * * 1 
1 1 1 1 1 1 1 1 1       1 9 1 
1 1 1         1 1 6     1 1 1 
1 1 1         1 1 1     1 1 1 
  1 1 1       1               
    1 1 1 1 1 1               

===============================
DOWN -- 3 12 3 13 LYING_ROW 0
========= CURRENT MAP =========

                1 1 1 1       
                1 1 1 1       
1 1 1           1     1 1 1 1 
1 1 1 1 1 1 1 1 1       * * 1 
1 1 1         1 1 6     1 1 1 
1 1 1         1 1 1     1 1 1 
  1 1 1       1               
    1 1 1 1 1 1               

===============================
RIGHT -- 3 14 3 14 STANDING 0
========= CURRENT MAP =========

                1 1 1 1       
                1 1 1 1       
1 1 1           1     1 1 1 1 
1 1 1 1 1 1 1 1 1       1 9 * 
1 1 1         1 1 6     1 1 1 
1 1 1         1 1 1     1 1 1 
  1 1 1       1               
    1 1 1 1 1 1               

===============================
DOWN -- 4 14 5 14 LYING_COL 0
========= CURRENT MAP =========

                1 1 1 1       
                1 1 1 1       
1 1 1           1     1 1 1 1 
1 1 1 1 1 1 1 1 1       1 9 1 
1 1 1         1 1 6     1 1 * 
1 1 1         1 1 1     1 1 * 
  1 1 1       1               
    1 1 1 1 1 1               

===============================
LEFT -- 4 13 5 13 LYING_COL 0
========= CURRENT MAP =========

                1 1 1 1       
                1 1 1 1       
1 1 1           1     1 1 1 1 
1 1 1 1 1 1 1 1 1       1 9 1 
1 1 1         1 1 6     1 * 1 
1 1 1         1 1 1     1 * 1 
  1 1 1       1               
    1 1 1 1 1 1               

===============================
UP -- 3 13 3 13 STANDING 0
========= CURRENT MAP =========

                1 1 1 1       
                1 1 1 1       
1 1 1           1     1 1 1 1 
1 1 1 1 1 1 1 1 1       1 * 1 
1 1 1         1 1 6     1 1 1 
1 1 1         1 1 1     1 1 1 
  1 1 1       1               
    1 1 1 1 1 1               

===============================

=========== STAT 07 ============
STATUS: SUCCESS
PROCESS TIME: 0:00:00.034811
PROCESS MEMORY: 425984
REAL STEP: 53
VIRTUAL STEP: 661
===============================

PRESS KEY: DLURRRRRDRLULLLLULDRRULDRDLDRDRRRUURDLURUURRRDRDRDLU

