START -- 7 12 7 12 STANDING 0
========= CURRENT MAP =========

                      1 1 1   
  1 1 1         6     1 9 1   
  1 1 1 1 1 1 1 1     1 1 1   
  1 1 1     1 1 1       1     
  2 2 2     5 1 1       2     
    2       1 1 1     2 2 2   
    1       1 1 1     1 1 1   
1 1 1 1     1 5 1 1 1 1 * 1   
1 1 7 1     6         1 1 1   
1 1 1 1                       

===============================
UP -- 5 12 6 12 LYING_COL 0
========= CURRENT MAP =========

                      1 1 1   
  1 1 1         6     1 9 1   
  1 1 1 1 1 1 1 1     1 1 1   
  1 1 1     1 1 1       1     
  2 2 2     5 1 1       2     
    2       1 1 1     2 * 2   
    1       1 1 1     1 * 1   
1 1 1 1     1 5 1 1 1 1 1 1   
1 1 7 1     6         1 1 1   
1 1 1 1                       

===============================
LEFT -- 5 11 6 11 LYING_COL 0
========= CURRENT MAP =========

                      1 1 1   
  1 1 1         6     1 9 1   
  1 1 1 1 1 1 1 1     1 1 1   
  1 1 1     1 1 1       1     
  2 2 2     5 1 1       2     
    2       1 1 1     * 2 2   
    1       1 1 1     * 1 1   
1 1 1 1     1 5 1 1 1 1 1 1   
1 1 7 1     6         1 1 1   
1 1 1 1                       

===============================
DOWN -- 7 11 7 11 STANDING 0
========= CURRENT MAP =========

                      1 1 1   
  1 1 1         6     1 9 1   
  1 1 1 1 1 1 1 1     1 1 1   
  1 1 1     1 1 1       1     
  2 2 2     5 1 1       2     
    2       1 1 1     2 2 2   
    1       1 1 1     1 1 1   
1 1 1 1     1 5 1 1 1 * 1 1   
1 1 7 1     6         1 1 1   
1 1 1 1                       

===============================
LEFT -- 7 9 7 10 LYING_ROW 0
========= CURRENT MAP =========

                      1 1 1   
  1 1 1         6     1 9 1   
  1 1 1 1 1 1 1 1     1 1 1   
  1 1 1     1 1 1       1     
  2 2 2     5 1 1       2     
    2       1 1 1     2 2 2   
    1       1 1 1     1 1 1   
1 1 1 1     1 5 1 * * 1 1 1   
1 1 7 1     6         1 1 1   
1 1 1 1                       

===============================
LEFT -- 7 8 7 8 STANDING 0
========= CURRENT MAP =========

                      1 1 1   
  1 1 1         6     1 9 1   
  1 1 1 1 1 1 1 1     1 1 1   
  1 1 1     1 1 1       1     
  2 2 2     5 1 1       2     
    2       1 1 1     2 2 2   
    1       1 1 1     1 1 1   
1 1 1 1     1 5 * 1 1 1 1 1   
1 1 7 1     6         1 1 1   
1 1 1 1                       

===============================
UP -- 5 8 6 8 LYING_COL 0
========= CURRENT MAP =========

                      1 1 1   
  1 1 1         6     1 9 1   
  1 1 1 1 1 1 1 1     1 1 1   
  1 1 1     1 1 1       1     
  2 2 2     5 1 1       2     
    2       1 1 *     2 2 2   
    1       1 1 *     1 1 1   
1 1 1 1     1 5 1 1 1 1 1 1   
1 1 7 1     6         1 1 1   
1 1 1 1                       

===============================
UP -- 4 8 4 8 STANDING 0
========= CURRENT MAP =========

                      1 1 1   
  1 1 1         6     1 9 1   
  1 1 1 1 1 1 1 1     1 1 1   
  1 1 1     1 1 1       1     
  2 2 2     5 1 *       2     
    2       1 1 1     2 2 2   
    1       1 1 1     1 1 1   
1 1 1 1     1 5 1 1 1 1 1 1   
1 1 7 1     6         1 1 1   
1 1 1 1                       

===============================
UP -- 2 8 3 8 LYING_COL 0
========= CURRENT MAP =========

                      1 1 1   
  1 1 1         6     1 9 1   
  1 1 1 1 1 1 1 *     1 1 1   
  1 1 1     1 1 *       1     
  2 2 2     5 1 1       2     
    2       1 1 1     2 2 2   
    1       1 1 1     1 1 1   
1 1 1 1     1 5 1 1 1 1 1 1   
1 1 7 1     6         1 1 1   
1 1 1 1                       

===============================
UP -- 1 8 1 8 STANDING 0
========= CURRENT MAP =========

                      1 1 1   
  1 1 1         *     1 9 1   
  1 1 1 1 1 1 1 1 1 1 1 1 1   
  1 1 1     1 1 1       1     
  2 2 2     5 1 1       2     
    2       1 1 1     2 2 2   
    1       1 1 1     1 1 1   
1 1 1 1     1 5 1 1 1 1 1 1   
1 1 7 1     6         1 1 1   
1 1 1 1                       

===============================
DOWN -- 2 8 3 8 LYING_COL 0
========= CURRENT MAP =========

                      1 1 1   
  1 1 1         6     1 9 1   
  1 1 1 1 1 1 1 * 1 1 1 1 1   
  1 1 1     1 1 *       1     
  2 2 2     5 1 1       2     
    2       1 1 1     2 2 2   
    1       1 1 1     1 1 1   
1 1 1 1     1 5 1 1 1 1 1 1   
1 1 7 1     6         1 1 1   
1 1 1 1                       

===============================
DOWN -- 4 8 4 8 STANDING 0
========= CURRENT MAP =========

                      1 1 1   
  1 1 1         6     1 9 1   
  1 1 1 1 1 1 1 1 1 1 1 1 1   
  1 1 1     1 1 1       1     
  2 2 2     5 1 *       2     
    2       1 1 1     2 2 2   
    1       1 1 1     1 1 1   
1 1 1 1     1 5 1 1 1 1 1 1   
1 1 7 1     6         1 1 1   
1 1 1 1                       

===============================
DOWN -- 5 8 6 8 LYING_COL 0
========= CURRENT MAP =========

                      1 1 1   
  1 1 1         6     1 9 1   
  1 1 1 1 1 1 1 1 1 1 1 1 1   
  1 1 1     1 1 1       1     
  2 2 2     5 1 1       2     
    2       1 1 *     2 2 2   
    1       1 1 *     1 1 1   
1 1 1 1     1 5 1 1 1 1 1 1   
1 1 7 1     6         1 1 1   
1 1 1 1                       

===============================
DOWN -- 7 8 7 8 STANDING 0
========= CURRENT MAP =========

                      1 1 1   
  1 1 1         6     1 9 1   
  1 1 1 1 1 1 1 1 1 1 1 1 1   
  1 1 1     1 1 1       1     
  2 2 2     5 1 1       2     
    2       1 1 1     2 2 2   
    1       1 1 1     1 1 1   
1 1 1 1     1 5 * 1 1 1 1 1   
1 1 7 1     6         1 1 1   
1 1 1 1                       

===============================
RIGHT -- 7 9 7 10 LYING_ROW 0
========= CURRENT MAP =========

                      1 1 1   
  1 1 1         6     1 9 1   
  1 1 1 1 1 1 1 1 1 1 1 1 1   
  1 1 1     1 1 1       1     
  2 2 2     5 1 1       2     
    2       1 1 1     2 2 2   
    1       1 1 1     1 1 1   
1 1 1 1     1 5 1 * * 1 1 1   
1 1 7 1     6         1 1 1   
1 1 1 1                       

===============================
RIGHT -- 7 11 7 11 STANDING 0
========= CURRENT MAP =========

                      1 1 1   
  1 1 1         6     1 9 1   
  1 1 1 1 1 1 1 1 1 1 1 1 1   
  1 1 1     1 1 1       1     
  2 2 2     5 1 1       2     
    2       1 1 1     2 2 2   
    1       1 1 1     1 1 1   
1 1 1 1     1 5 1 1 1 * 1 1   
1 1 7 1     6         1 1 1   
1 1 1 1                       

===============================
RIGHT -- 7 12 7 13 LYING_ROW 0
========= CURRENT MAP =========

                      1 1 1   
  1 1 1         6     1 9 1   
  1 1 1 1 1 1 1 1 1 1 1 1 1   
  1 1 1     1 1 1       1     
  2 2 2     5 1 1       2     
    2       1 1 1     2 2 2   
    1       1 1 1     1 1 1   
1 1 1 1     1 5 1 1 1 1 * *   
1 1 7 1     6         1 1 1   
1 1 1 1                       

===============================
UP -- 6 12 6 13 LYING_ROW 0
========= CURRENT MAP =========

                      1 1 1   
  1 1 1         6     1 9 1   
  1 1 1 1 1 1 1 1 1 1 1 1 1   
  1 1 1     1 1 1       1     
  2 2 2     5 1 1       2     
    2       1 1 1     2 2 2   
    1       1 1 1     1 * *   
1 1 1 1     1 5 1 1 1 1 1 1   
1 1 7 1     6         1 1 1   
1 1 1 1                       

===============================
LEFT -- 6 11 6 11 STANDING 0
========= CURRENT MAP =========

                      1 1 1   
  1 1 1         6     1 9 1   
  1 1 1 1 1 1 1 1 1 1 1 1 1   
  1 1 1     1 1 1       1     
  2 2 2     5 1 1       2     
    2       1 1 1     2 2 2   
    1       1 1 1     * 1 1   
1 1 1 1     1 5 1 1 1 1 1 1   
1 1 7 1     6         1 1 1   
1 1 1 1                       

===============================
DOWN -- 7 11 8 11 LYING_COL 0
========= CURRENT MAP =========

                      1 1 1   
  1 1 1         6     1 9 1   
  1 1 1 1 1 1 1 1 1 1 1 1 1   
  1 1 1     1 1 1       1     
  2 2 2     5 1 1       2     
    2       1 1 1     2 2 2   
    1       1 1 1     1 1 1   
1 1 1 1     1 5 1 1 1 * 1 1   
1 1 7 1     6         * 1 1   
1 1 1 1                       

===============================
RIGHT -- 7 12 8 12 LYING_COL 0
========= CURRENT MAP =========

                      1 1 1   
  1 1 1         6     1 9 1   
  1 1 1 1 1 1 1 1 1 1 1 1 1   
  1 1 1     1 1 1       1     
  2 2 2     5 1 1       2     
    2       1 1 1     2 2 2   
    1       1 1 1     1 1 1   
1 1 1 1     1 5 1 1 1 1 * 1   
1 1 7 1     6         1 * 1   
1 1 1 1                       

===============================
UP -- 6 12 6 12 STANDING 0
========= CURRENT MAP =========

                      1 1 1   
  1 1 1         6     1 9 1   
  1 1 1 1 1 1 1 1 1 1 1 1 1   
  1 1 1     1 1 1       1     
  2 2 2     5 1 1       2     
    2       1 1 1     2 2 2   
    1       1 1 1     1 * 1   
1 1 1 1     1 5 1 1 1 1 1 1   
1 1 7 1     6         1 1 1   
1 1 1 1                       

===============================
UP -- 4 12 5 12 LYING_COL 0
========= CURRENT MAP =========

                      1 1 1   
  1 1 1         6     1 9 1   
  1 1 1 1 1 1 1 1 1 1 1 1 1   
  1 1 1     1 1 1       1     
  2 2 2     5 1 1       *     
    2       1 1 1     2 * 2   
    1       1 1 1     1 1 1   
1 1 1 1     1 5 1 1 1 1 1 1   
1 1 7 1     6         1 1 1   
1 1 1 1                       

===============================
UP -- 3 12 3 12 STANDING 0
========= CURRENT MAP =========

                      1 1 1   
  1 1 1         6     1 9 1   
  1 1 1 1 1 1 1 1 1 1 1 1 1   
  1 1 1     1 1 1       *     
  2 2 2     5 1 1       2     
    2       1 1 1     2 2 2   
    1       1 1 1     1 1 1   
1 1 1 1     1 5 1 1 1 1 1 1   
1 1 7 1     6         1 1 1   
1 1 1 1                       

===============================
UP -- 1 12 2 12 LYING_COL 0
========= CURRENT MAP =========

                      1 1 1   
  1 1 1         6     1 * 1   
  1 1 1 1 1 1 1 1 1 1 1 * 1   
  1 1 1     1 1 1       1     
  2 2 2     5 1 1       2     
    2       1 1 1     2 2 2   
    1       1 1 1     1 1 1   
1 1 1 1     1 5 1 1 1 1 1 1   
1 1 7 1     6         1 1 1   
1 1 1 1                       

===============================
RIGHT -- 1 13 2 13 LYING_COL 0
========= CURRENT MAP =========

                      1 1 1   
  1 1 1         6     1 9 *   
  1 1 1 1 1 1 1 1 1 1 1 1 *   
  1 1 1     1 1 1       1     
  2 2 2     5 1 1       2     
    2       1 1 1     2 2 2   
    1       1 1 1     1 1 1   
1 1 1 1     1 5 1 1 1 1 1 1   
1 1 7 1     6         1 1 1   
1 1 1 1                       

===============================
UP -- 0 13 0 13 STANDING 0
========= CURRENT MAP =========

                      1 1 *   
  1 1 1         6     1 9 1   
  1 1 1 1 1 1 1 1 1 1 1 1 1   
  1 1 1     1 1 1       1     
  2 2 2     5 1 1       2     
    2       1 1 1     2 2 2   
    1       1 1 1     1 1 1   
1 1 1 1     1 5 1 1 1 1 1 1   
1 1 7 1     6         1 1 1   
1 1 1 1                       

===============================
LEFT -- 0 11 0 12 LYING_ROW 0
========= CURRENT MAP =========

                      * * 1   
  1 1 1         6     1 9 1   
  1 1 1 1 1 1 1 1 1 1 1 1 1   
  1 1 1     1 1 1       1     
  2 2 2     5 1 1       2     
    2       1 1 1     2 2 2   
    1       1 1 1     1 1 1   
1 1 1 1     1 5 1 1 1 1 1 1   
1 1 7 1     6         1 1 1   
1 1 1 1                       

===============================
DOWN -- 1 11 1 12 LYING_ROW 0
========= CURRENT MAP =========

                      1 1 1   
  1 1 1         6     * * 1   
  1 1 1 1 1 1 1 1 1 1 1 1 1   
  1 1 1     1 1 1       1     
  2 2 2     5 1 1       2     
    2       1 1 1     2 2 2   
    1       1 1 1     1 1 1   
1 1 1 1     1 5 1 1 1 1 1 1   
1 1 7 1     6         1 1 1   
1 1 1 1                       

===============================
DOWN -- 2 11 2 12 LYING_ROW 0
========= CURRENT MAP =========

                      1 1 1   
  1 1 1         6     1 9 1   
  1 1 1 1 1 1 1 1 1 1 * * 1   
  1 1 1     1 1 1       1     
  2 2 2     5 1 1       2     
    2       1 1 1     2 2 2   
    1       1 1 1     1 1 1   
1 1 1 1     1 5 1 1 1 1 1 1   
1 1 7 1     6         1 1 1   
1 1 1 1                       

===============================
RIGHT -- 2 13 2 13 STANDING 0
========= CURRENT MAP =========

                      1 1 1   
  1 1 1         6     1 9 1   
  1 1 1 1 1 1 1 1 1 1 1 1 *   
  1 1 1     1 1 1       1     
  2 2 2     5 1 1       2     
    2       1 1 1     2 2 2   
    1       1 1 1     1 1 1   
1 1 1 1     1 5 1 1 1 1 1 1   
1 1 7 1     6         1 1 1   
1 1 1 1                       

===============================
UP -- 0 13 1 13 LYING_COL 0
========= CURRENT MAP =========

                      1 1 *   
  1 1 1         6     1 9 *   
  1 1 1 1 1 1 1 1 1 1 1 1 1   
  1 1 1     1 1 1       1     
  2 2 2     5 1 1       2     
    2       1 1 1     2 2 2   
    1       1 1 1     1 1 1   
1 1 1 1     1 5 1 1 1 1 1 1   
1 1 7 1     6         1 1 1   
1 1 1 1                       

===============================
LEFT -- 0 12 1 12 LYING_COL 0
========= CURRENT MAP =========

                      1 * 1   
  1 1 1         6     1 * 1   
  1 1 1 1 1 1 1 1 1 1 1 1 1   
  1 1 1     1 1 1       1     
  2 2 2     5 1 1       2     
    2       1 1 1     2 2 2   
    1       1 1 1     1 1 1   
1 1 1 1     1 5 1 1 1 1 1 1   
1 1 7 1     6         1 1 1   
1 1 1 1                       

===============================
DOWN -- 2 12 2 12 STANDING 0
========= CURRENT MAP =========

                      1 1 1   
  1 1 1         6     1 9 1   
  1 1 1 1 1 1 1 1 1 1 1 * 1   
  1 1 1     1 1 1       1     
  2 2 2     5 1 1       2     
    2       1 1 1     2 2 2   
    1       1 1 1     1 1 1   
1 1 1 1     1 5 1 1 1 1 1 1   
1 1 7 1     6         1 1 1   
1 1 1 1                       

===============================
LEFT -- 2 10 2 11 LYING_ROW 0
========= CURRENT MAP =========

                      1 1 1   
  1 1 1         6     1 9 1   
  1 1 1 1 1 1 1 1 1 * * 1 1   
  1 1 1     1 1 1       1     
  2 2 2     5 1 1       2     
    2       1 1 1     2 2 2   
    1       1 1 1     1 1 1   
1 1 1 1     1 5 1 1 1 1 1 1   
1 1 7 1     6         1 1 1   
1 1 1 1                       

===============================
LEFT -- 2 9 2 9 STANDING 0
========= CURRENT MAP =========

                      1 1 1   
  1 1 1         6     1 9 1   
  1 1 1 1 1 1 1 1 * 1 1 1 1   
  1 1 1     1 1 1       1     
  2 2 2     5 1 1       2     
    2       1 1 1     2 2 2   
    1       1 1 1     1 1 1   
1 1 1 1     1 5 1 1 1 1 1 1   
1 1 7 1     6         1 1 1   
1 1 1 1                       

===============================
LEFT -- 2 7 2 8 LYING_ROW 0
========= CURRENT MAP =========

                      1 1 1   
  1 1 1         6     1 9 1   
  1 1 1 1 1 1 * * 1 1 1 1 1   
  1 1 1     1 1 1       1     
  2 2 2     5 1 1       2     
    2       1 1 1     2 2 2   
    1       1 1 1     1 1 1   
1 1 1 1     1 5 1 1 1 1 1 1   
1 1 7 1     6         1 1 1   
1 1 1 1                       

===============================
DOWN -- 3 7 3 8 LYING_ROW 0
========= CURRENT MAP =========

                      1 1 1   
  1 1 1         6     1 9 1   
  1 1 1 1 1 1 1 1 1 1 1 1 1   
  1 1 1     1 * *       1     
  2 2 2     5 1 1       2     
    2       1 1 1     2 2 2   
    1       1 1 1     1 1 1   
1 1 1 1     1 5 1 1 1 1 1 1   
1 1 7 1     6         1 1 1   
1 1 1 1                       

===============================
DOWN -- 4 7 4 8 LYING_ROW 0
========= CURRENT MAP =========

                      1 1 1   
  1 1 1         6     1 9 1   
  1 1 1 1 1 1 1 1 1 1 1 1 1   
  1 1 1     1 1 1       1     
  2 2 2     5 * *       2     
    2       1 1 1     2 2 2   
    1       1 1 1     1 1 1   
1 1 1 1     1 5 1 1 1 1 1 1   
1 1 7 1     6         1 1 1   
1 1 1 1                       

===============================
DOWN -- 5 7 5 8 LYING_ROW 0
========= CURRENT MAP =========

                      1 1 1   
  1 1 1         6     1 9 1   
  1 1 1 1 1 1 1 1 1 1 1 1 1   
  1 1 1     1 1 1       1     
  2 2 2     5 1 1       2     
    2       1 * *     2 2 2   
    1       1 1 1     1 1 1   
1 1 1 1     1 5 1 1 1 1 1 1   
1 1 7 1     6         1 1 1   
1 1 1 1                       

===============================
LEFT -- 5 6 5 6 STANDING 0
========= CURRENT MAP =========

                      1 1 1   
  1 1 1         6     1 9 1   
  1 1 1 1 1 1 1 1 1 1 1 1 1   
  1 1 1     1 1 1       1     
  2 2 2     5 1 1       2     
    2       * 1 1     2 2 2   
    1       1 1 1     1 1 1   
1 1 1 1     1 5 1 1 1 1 1 1   
1 1 7 1     6         1 1 1   
1 1 1 1                       

===============================
DOWN -- 6 6 7 6 LYING_COL 0
========= CURRENT MAP =========

                      1 1 1   
  1 1 1         6     1 9 1   
  1 1 1 1 1 1 1 1 1 1 1 1 1   
  1 1 1     1 1 1       1     
  2 2 2     5 1 1       2     
    2       1 1 1     2 2 2   
    1       * 1 1     1 1 1   
1 1 1 1     * 5 1 1 1 1 1 1   
1 1 7 1     6         1 1 1   
1 1 1 1                       

===============================
DOWN -- 8 6 8 6 STANDING 0
========= CURRENT MAP =========

                      1 1 1   
  1 1 1         6     1 9 1   
  1 1 1 1 1 1 1 1 1 1 1 1 1   
  1 1 1     1 1 1       1     
  2 2 2     5 1 1       2     
    2       1 1 1     2 2 2   
    1       1 1 1     1 1 1   
1 1 1 1 1 1 1 5 1 1 1 1 1 1   
1 1 7 1     *         1 1 1   
1 1 1 1                       

===============================
UP -- 6 6 7 6 LYING_COL 0
========= CURRENT MAP =========

                      1 1 1   
  1 1 1         6     1 9 1   
  1 1 1 1 1 1 1 1 1 1 1 1 1   
  1 1 1     1 1 1       1     
  2 2 2     5 1 1       2     
    2       1 1 1     2 2 2   
    1       * 1 1     1 1 1   
1 1 1 1 1 1 * 5 1 1 1 1 1 1   
1 1 7 1     6         1 1 1   
1 1 1 1                       

===============================
UP -- 5 6 5 6 STANDING 0
========= CURRENT MAP =========

                      1 1 1   
  1 1 1         6     1 9 1   
  1 1 1 1 1 1 1 1 1 1 1 1 1   
  1 1 1     1 1 1       1     
  2 2 2     5 1 1       2     
    2       * 1 1     2 2 2   
    1       1 1 1     1 1 1   
1 1 1 1 1 1 1 5 1 1 1 1 1 1   
1 1 7 1     6         1 1 1   
1 1 1 1                       

===============================
RIGHT -- 5 7 5 8 LYING_ROW 0
========= CURRENT MAP =========

                      1 1 1   
  1 1 1         6     1 9 1   
  1 1 1 1 1 1 1 1 1 1 1 1 1   
  1 1 1     1 1 1       1     
  2 2 2     5 1 1       2     
    2       1 * *     2 2 2   
    1       1 1 1     1 1 1   
1 1 1 1 1 1 1 5 1 1 1 1 1 1   
1 1 7 1     6         1 1 1   
1 1 1 1                       

===============================
UP -- 4 7 4 8 LYING_ROW 0
========= CURRENT MAP =========

                      1 1 1   
  1 1 1         6     1 9 1   
  1 1 1 1 1 1 1 1 1 1 1 1 1   
  1 1 1     1 1 1       1     
  2 2 2     5 * *       2     
    2       1 1 1     2 2 2   
    1       1 1 1     1 1 1   
1 1 1 1 1 1 1 5 1 1 1 1 1 1   
1 1 7 1     6         1 1 1   
1 1 1 1                       

===============================
UP -- 3 7 3 8 LYING_ROW 0
========= CURRENT MAP =========

                      1 1 1   
  1 1 1         6     1 9 1   
  1 1 1 1 1 1 1 1 1 1 1 1 1   
  1 1 1     1 * *       1     
  2 2 2     5 1 1       2     
    2       1 1 1     2 2 2   
    1       1 1 1     1 1 1   
1 1 1 1 1 1 1 5 1 1 1 1 1 1   
1 1 7 1     6         1 1 1   
1 1 1 1                       

===============================
UP -- 2 7 2 8 LYING_ROW 0
========= CURRENT MAP =========

                      1 1 1   
  1 1 1         6     1 9 1   
  1 1 1 1 1 1 * * 1 1 1 1 1   
  1 1 1     1 1 1       1     
  2 2 2     5 1 1       2     
    2       1 1 1     2 2 2   
    1       1 1 1     1 1 1   
1 1 1 1 1 1 1 5 1 1 1 1 1 1   
1 1 7 1     6         1 1 1   
1 1 1 1                       

===============================
LEFT -- 2 6 2 6 STANDING 0
========= CURRENT MAP =========

                      1 1 1   
  1 1 1         6     1 9 1   
  1 1 1 1 1 * 1 1 1 1 1 1 1   
  1 1 1     1 1 1       1     
  2 2 2     5 1 1       2     
    2       1 1 1     2 2 2   
    1       1 1 1     1 1 1   
1 1 1 1 1 1 1 5 1 1 1 1 1 1   
1 1 7 1     6         1 1 1   
1 1 1 1                       

===============================
LEFT -- 2 4 2 5 LYING_ROW 0
========= CURRENT MAP =========

                      1 1 1   
  1 1 1         6     1 9 1   
  1 1 1 * * 1 1 1 1 1 1 1 1   
  1 1 1     1 1 1       1     
  2 2 2     5 1 1       2     
    2       1 1 1     2 2 2   
    1       1 1 1     1 1 1   
1 1 1 1 1 1 1 5 1 1 1 1 1 1   
1 1 7 1     6         1 1 1   
1 1 1 1                       

===============================
LEFT -- 2 3 2 3 STANDING 0
========= CURRENT MAP =========

                      1 1 1   
  1 1 1         6     1 9 1   
  1 1 * 1 1 1 1 1 1 1 1 1 1   
  1 1 1     1 1 1       1     
  2 2 2     5 1 1       2     
    2       1 1 1     2 2 2   
    1       1 1 1     1 1 1   
1 1 1 1 1 1 1 5 1 1 1 1 1 1   
1 1 7 1     6         1 1 1   
1 1 1 1                       

===============================
LEFT -- 2 1 2 2 LYING_ROW 0
========= CURRENT MAP =========

                      1 1 1   
  1 1 1         6     1 9 1   
  * * 1 1 1 1 1 1 1 1 1 1 1   
  1 1 1     1 1 1       1     
  2 2 2     5 1 1       2     
    2       1 1 1     2 2 2   
    1       1 1 1     1 1 1   
1 1 1 1 1 1 1 5 1 1 1 1 1 1   
1 1 7 1     6         1 1 1   
1 1 1 1                       

===============================
DOWN -- 3 1 3 2 LYING_ROW 0
========= CURRENT MAP =========

                      1 1 1   
  1 1 1         6     1 9 1   
  1 1 1 1 1 1 1 1 1 1 1 1 1   
  * * 1     1 1 1       1     
  2 2 2     5 1 1       2     
    2       1 1 1     2 2 2   
    1       1 1 1     1 1 1   
1 1 1 1 1 1 1 5 1 1 1 1 1 1   
1 1 7 1     6         1 1 1   
1 1 1 1                       

===============================
RIGHT -- 3 3 3 3 STANDING 0
========= CURRENT MAP =========

                      1 1 1   
  1 1 1         6     1 9 1   
  1 1 1 1 1 1 1 1 1 1 1 1 1   
  1 1 *     1 1 1       1     
  2 2 2     5 1 1       2     
    2       1 1 1     2 2 2   
    1       1 1 1     1 1 1   
1 1 1 1 1 1 1 5 1 1 1 1 1 1   
1 1 7 1     6         1 1 1   
1 1 1 1                       

===============================
UP -- 1 3 2 3 LYING_COL 0
========= CURRENT MAP =========

                      1 1 1   
  1 1 *         6     1 9 1   
  1 1 * 1 1 1 1 1 1 1 1 1 1   
  1 1 1     1 1 1       1     
  2 2 2     5 1 1       2     
    2       1 1 1     2 2 2   
    1       1 1 1     1 1 1   
1 1 1 1 1 1 1 5 1 1 1 1 1 1   
1 1 7 1     6         1 1 1   
1 1 1 1                       

===============================
LEFT -- 1 2 2 2 LYING_COL 0
========= CURRENT MAP =========

                      1 1 1   
  1 * 1         6     1 9 1   
  1 * 1 1 1 1 1 1 1 1 1 1 1   
  1 1 1     1 1 1       1     
  2 2 2     5 1 1       2     
    2       1 1 1     2 2 2   
    1       1 1 1     1 1 1   
1 1 1 1 1 1 1 5 1 1 1 1 1 1   
1 1 7 1     6         1 1 1   
1 1 1 1                       

===============================
DOWN -- 3 2 3 2 STANDING 0
========= CURRENT MAP =========

                      1 1 1   
  1 1 1         6     1 9 1   
  1 1 1 1 1 1 1 1 1 1 1 1 1   
  1 * 1     1 1 1       1     
  2 2 2     5 1 1       2     
    2       1 1 1     2 2 2   
    1       1 1 1     1 1 1   
1 1 1 1 1 1 1 5 1 1 1 1 1 1   
1 1 7 1     6         1 1 1   
1 1 1 1                       

===============================
DOWN -- 4 2 5 2 LYING_COL 0
========= CURRENT MAP =========

                      1 1 1   
  1 1 1         6     1 9 1   
  1 1 1 1 1 1 1 1 1 1 1 1 1   
  1 1 1     1 1 1       1     
  2 * 2     5 1 1       2     
    *       1 1 1     2 2 2   
    1       1 1 1     1 1 1   
1 1 1 1 1 1 1 5 1 1 1 1 1 1   
1 1 7 1     6         1 1 1   
1 1 1 1                       

===============================
DOWN -- 6 2 6 2 STANDING 0
========= CURRENT MAP =========

                      1 1 1   
  1 1 1         6     1 9 1   
  1 1 1 1 1 1 1 1 1 1 1 1 1   
  1 1 1     1 1 1       1     
  2 2 2     5 1 1       2     
    2       1 1 1     2 2 2   
    *       1 1 1     1 1 1   
1 1 1 1 1 1 1 5 1 1 1 1 1 1   
1 1 7 1     6         1 1 1   
1 1 1 1                       

===============================
DOWN -- 7 2 8 2 LYING_COL 0
========= CURRENT MAP =========

                      1 1 1   
  1 1 1         6     1 9 1   
  1 1 1 1 1 1 1 1 1 1 1 1 1   
  1 1 1     1 1 1       1     
  2 2 2     5 1 1       2     
    2       1 1 1     2 2 2   
    1       1 1 1     1 1 1   
1 1 * 1 1 1 1 5 1 1 1 1 1 1   
1 1 * 1     6         1 1 1   
1 1 1 1                       

===============================
DOWN -- 9 2 9 2 STANDING 0
========= CURRENT MAP =========

                      1 1 1   
  1 1 1         6     1 9 1   
  1 1 1 1 1 1 1 1 1 1 1 1 1   
  1 1 1     1 1 1       1     
  2 2 2     5 1 1       2     
    2       1 1 1     2 2 2   
    1       1 1 1     1 1 1   
1 1 1 1 1 1 1 5 1 1 1 1 1 1   
1 1 7 1     6         1 1 1   
1 1 * 1                       

===============================
LEFT -- 9 0 9 1 LYING_ROW 0
========= CURRENT MAP =========

                      1 1 1   
  1 1 1         6     1 9 1   
  1 1 1 1 1 1 1 1 1 1 1 1 1   
  1 1 1     1 1 1       1     
  2 2 2     5 1 1       2     
    2       1 1 1     2 2 2   
    1       1 1 1     1 1 1   
1 1 1 1 1 1 1 5 1 1 1 1 1 1   
1 1 7 1     6         1 1 1   
* * 1 1                       

===============================
UP -- 8 0 8 1 LYING_ROW 0
========= CURRENT MAP =========

                      1 1 1   
  1 1 1         6     1 9 1   
  1 1 1 1 1 1 1 1 1 1 1 1 1   
  1 1 1     1 1 1       1     
  2 2 2     5 1 1       2     
    2       1 1 1     2 2 2   
    1       1 1 1     1 1 1   
1 1 1 1 1 1 1 5 1 1 1 1 1 1   
* * 7 1     6         1 1 1   
1 1 1 1                       

===============================
RIGHT -- 8 2 8 2 STANDING 0
========= CURRENT MAP =========

                      1 1 1 1 
  1 1 1         6     1 9 1 1 
  1 1 1     1 1 1 1 1 1 1 1 1 
  1 1 1     1 1 1       1     
  2 2 2     5 1 1       2     
    2       1 1 1     2 2 2   
    1       1 1 1     1 1 1   
1 1 1 1 1 1 1 5 1 1 1 1 1 1   
1 1 * 1     6         1 1 1   
1 1 1 1                       

===============================
LEFT -- 8 0 8 1 LYING_ROW 0
========= CURRENT MAP =========

                      1 1 1 1 
  1 1 1         6     1 9 1 1 
  1 1 1     1 1 1 1 1 1 1 1 1 
  1 1 1     1 1 1       1     
  2 2 2     5 1 1       2     
    2       1 1 1     2 2 2   
    1       1 1 1     1 1 1   
1 1 1 1 1 1 1 5 1 1 1 1 1 1   
* * 7 1     6         1 1 1   
1 1 1 1                       

===============================
UP -- 7 0 7 1 LYING_ROW 0
========= CURRENT MAP =========

                      1 1 1 1 
  1 1 1         6     1 9 1 1 
  1 1 1     1 1 1 1 1 1 1 1 1 
  1 1 1     1 1 1       1     
  2 2 2     5 1 1       2     
    2       1 1 1     2 2 2   
    1       1 1 1     1 1 1   
* * 1 1 1 1 1 5 1 1 1 1 1 1   
1 1 7 1     6         1 1 1   
1 1 1 1                       

===============================
RIGHT -- 7 2 7 2 STANDING 0
========= CURRENT MAP =========

                      1 1 1 1 
  1 1 1         6     1 9 1 1 
  1 1 1     1 1 1 1 1 1 1 1 1 
  1 1 1     1 1 1       1     
  2 2 2     5 1 1       2     
    2       1 1 1     2 2 2   
    1       1 1 1     1 1 1   
1 1 * 1 1 1 1 5 1 1 1 1 1 1   
1 1 7 1     6         1 1 1   
1 1 1 1                       

===============================
DOWN -- 8 2 9 2 LYING_COL 0
========= CURRENT MAP =========

                      1 1 1 1 
  1 1 1         6     1 9 1 1 
  1 1 1     1 1 1 1 1 1 1 1 1 
  1 1 1     1 1 1       1     
  2 2 2     5 1 1       2     
    2       1 1 1     2 2 2   
    1       1 1 1     1 1 1   
1 1 1 1 1 1 1 5 1 1 1 1 1 1   
1 1 * 1     6         1 1 1   
1 1 * 1                       

===============================
RIGHT -- 8 3 9 3 LYING_COL 0
========= CURRENT MAP =========

                      1 1 1 1 
  1 1 1         6     1 9 1 1 
  1 1 1     1 1 1 1 1 1 1 1 1 
  1 1 1     1 1 1       1     
  2 2 2     5 1 1       2     
    2       1 1 1     2 2 2   
    1       1 1 1     1 1 1   
1 1 1 1 1 1 1 5 1 1 1 1 1 1   
1 1 7 *     6         1 1 1   
1 1 1 *                       

===============================
UP -- 7 3 7 3 STANDING 0
========= CURRENT MAP =========

                      1 1 1 1 
  1 1 1         6     1 9 1 1 
  1 1 1     1 1 1 1 1 1 1 1 1 
  1 1 1     1 1 1       1     
  2 2 2     5 1 1       2     
    2       1 1 1     2 2 2   
    1       1 1 1     1 1 1   
1 1 1 * 1 1 1 5 1 1 1 1 1 1   
1 1 7 1     6         1 1 1   
1 1 1 1                       

===============================
RIGHT -- 7 4 7 5 LYING_ROW 0
========= CURRENT MAP =========

                      1 1 1 1 
  1 1 1         6     1 9 1 1 
  1 1 1     1 1 1 1 1 1 1 1 1 
  1 1 1     1 1 1       1     
  2 2 2     5 1 1       2     
    2       1 1 1     2 2 2   
    1       1 1 1     1 1 1   
1 1 1 1 * * 1 5 1 1 1 1 1 1   
1 1 7 1     6         1 1 1   
1 1 1 1                       

===============================
RIGHT -- 7 6 7 6 STANDING 0
========= CURRENT MAP =========

                      1 1 1 1 
  1 1 1         6     1 9 1 1 
  1 1 1     1 1 1 1 1 1 1 1 1 
  1 1 1     1 1 1       1     
  2 2 2     5 1 1       2     
    2       1 1 1     2 2 2   
    1       1 1 1     1 1 1   
1 1 1 1 1 1 * 5 1 1 1 1 1 1   
1 1 7 1     6         1 1 1   
1 1 1 1                       

===============================
UP -- 5 6 6 6 LYING_COL 0
========= CURRENT MAP =========

                      1 1 1 1 
  1 1 1         6     1 9 1 1 
  1 1 1     1 1 1 1 1 1 1 1 1 
  1 1 1     1 1 1       1     
  2 2 2     5 1 1       2     
    2       * 1 1     2 2 2   
    1       * 1 1     1 1 1   
1 1 1 1 1 1 1 5 1 1 1 1 1 1   
1 1 7 1     6         1 1 1   
1 1 1 1                       

===============================
RIGHT -- 5 7 6 7 LYING_COL 0
========= CURRENT MAP =========

                      1 1 1 1 
  1 1 1         6     1 9 1 1 
  1 1 1     1 1 1 1 1 1 1 1 1 
  1 1 1     1 1 1       1     
  2 2 2     5 1 1       2     
    2       1 * 1     2 2 2   
    1       1 * 1     1 1 1   
1 1 1 1 1 1 1 5 1 1 1 1 1 1   
1 1 7 1     6         1 1 1   
1 1 1 1                       

===============================
RIGHT -- 5 8 6 8 LYING_COL 0
========= CURRENT MAP =========

                      1 1 1 1 
  1 1 1         6     1 9 1 1 
  1 1 1     1 1 1 1 1 1 1 1 1 
  1 1 1     1 1 1       1     
  2 2 2     5 1 1       2     
    2       1 1 *     2 2 2   
    1       1 1 *     1 1 1   
1 1 1 1 1 1 1 5 1 1 1 1 1 1   
1 1 7 1     6         1 1 1   
1 1 1 1                       

===============================
DOWN -- 7 8 7 8 STANDING 0
========= CURRENT MAP =========

                      1 1 1 1 
  1 1 1         6     1 9 1 1 
  1 1 1     1 1 1 1 1 1 1 1 1 
  1 1 1     1 1 1       1     
  2 2 2     5 1 1       2     
    2       1 1 1     2 2 2   
    1       1 1 1     1 1 1   
1 1 1 1 1 1 1 5 * 1 1 1 1 1   
1 1 7 1     6         1 1 1   
1 1 1 1                       

===============================
RIGHT -- 7 9 7 10 LYING_ROW 0
========= CURRENT MAP =========

                      1 1 1 1 
  1 1 1         6     1 9 1 1 
  1 1 1     1 1 1 1 1 1 1 1 1 
  1 1 1     1 1 1       1     
  2 2 2     5 1 1       2     
    2       1 1 1     2 2 2   
    1       1 1 1     1 1 1   
1 1 1 1 1 1 1 5 1 * * 1 1 1   
1 1 7 1     6         1 1 1   
1 1 1 1                       

===============================
RIGHT -- 7 11 7 11 STANDING 0
========= CURRENT MAP =========

                      1 1 1 1 
  1 1 1         6     1 9 1 1 
  1 1 1     1 1 1 1 1 1 1 1 1 
  1 1 1     1 1 1       1     
  2 2 2     5 1 1       2     
    2       1 1 1     2 2 2   
    1       1 1 1     1 1 1   
1 1 1 1 1 1 1 5 1 1 1 * 1 1   
1 1 7 1     6         1 1 1   
1 1 1 1                       

===============================
RIGHT -- 7 12 7 13 LYING_ROW 0
========= CURRENT MAP =========

                      1 1 1 1 
  1 1 1         6     1 9 1 1 
  1 1 1     1 1 1 1 1 1 1 1 1 
  1 1 1     1 1 1       1     
  2 2 2     5 1 1       2     
    2       1 1 1     2 2 2   
    1       1 1 1     1 1 1   
1 1 1 1 1 1 1 5 1 1 1 1 * *   
1 1 7 1     6         1 1 1   
1 1 1 1                       

===============================
UP -- 6 12 6 13 LYING_ROW 0
========= CURRENT MAP =========

                      1 1 1 1 
  1 1 1         6     1 9 1 1 
  1 1 1     1 1 1 1 1 1 1 1 1 
  1 1 1     1 1 1       1     
  2 2 2     5 1 1       2     
    2       1 1 1     2 2 2   
    1       1 1 1     1 * *   
1 1 1 1 1 1 1 5 1 1 1 1 1 1   
1 1 7 1     6         1 1 1   
1 1 1 1                       

===============================
LEFT -- 6 11 6 11 STANDING 0
========= CURRENT MAP =========

                      1 1 1 1 
  1 1 1         6     1 9 1 1 
  1 1 1     1 1 1 1 1 1 1 1 1 
  1 1 1     1 1 1       1     
  2 2 2     5 1 1       2     
    2       1 1 1     2 2 2   
    1       1 1 1     * 1 1   
1 1 1 1 1 1 1 5 1 1 1 1 1 1   
1 1 7 1     6         1 1 1   
1 1 1 1                       

===============================
DOWN -- 7 11 8 11 LYING_COL 0
========= CURRENT MAP =========

                      1 1 1 1 
  1 1 1         6     1 9 1 1 
  1 1 1     1 1 1 1 1 1 1 1 1 
  1 1 1     1 1 1       1     
  2 2 2     5 1 1       2     
    2       1 1 1     2 2 2   
    1       1 1 1     1 1 1   
1 1 1 1 1 1 1 5 1 1 1 * 1 1   
1 1 7 1     6         * 1 1   
1 1 1 1                       

===============================
RIGHT -- 7 12 8 12 LYING_COL 0
========= CURRENT MAP =========

                      1 1 1 1 
  1 1 1         6     1 9 1 1 
  1 1 1     1 1 1 1 1 1 1 1 1 
  1 1 1     1 1 1       1     
  2 2 2     5 1 1       2     
    2       1 1 1     2 2 2   
    1       1 1 1     1 1 1   
1 1 1 1 1 1 1 5 1 1 1 1 * 1   
1 1 7 1     6         1 * 1   
1 1 1 1                       

===============================
UP -- 6 12 6 12 STANDING 0
========= CURRENT MAP =========

                      1 1 1 1 
  1 1 1         6     1 9 1 1 
  1 1 1     1 1 1 1 1 1 1 1 1 
  1 1 1     1 1 1       1     
  2 2 2     5 1 1       2     
    2       1 1 1     2 2 2   
    1       1 1 1     1 * 1   
1 1 1 1 1 1 1 5 1 1 1 1 1 1   
1 1 7 1     6         1 1 1   
1 1 1 1                       

===============================
UP -- 4 12 5 12 LYING_COL 0
========= CURRENT MAP =========

                      1 1 1 1 
  1 1 1         6     1 9 1 1 
  1 1 1     1 1 1 1 1 1 1 1 1 
  1 1 1     1 1 1       1     
  2 2 2     5 1 1       *     
    2       1 1 1     2 * 2   
    1       1 1 1     1 1 1   
1 1 1 1 1 1 1 5 1 1 1 1 1 1   
1 1 7 1     6         1 1 1   
1 1 1 1                       

===============================
UP -- 3 12 3 12 STANDING 0
========= CURRENT MAP =========

                      1 1 1 1 
  1 1 1         6     1 9 1 1 
  1 1 1     1 1 1 1 1 1 1 1 1 
  1 1 1     1 1 1       *     
  2 2 2     5 1 1       2     
    2       1 1 1     2 2 2   
    1       1 1 1     1 1 1   
1 1 1 1 1 1 1 5 1 1 1 1 1 1   
1 1 7 1     6         1 1 1   
1 1 1 1                       

===============================
UP -- 1 12 2 12 LYING_COL 0
========= CURRENT MAP =========

                      1 1 1 1 
  1 1 1         6     1 * 1 1 
  1 1 1     1 1 1 1 1 1 * 1 1 
  1 1 1     1 1 1       1     
  2 2 2     5 1 1       2     
    2       1 1 1     2 2 2   
    1       1 1 1     1 1 1   
1 1 1 1 1 1 1 5 1 1 1 1 1 1   
1 1 7 1     6         1 1 1   
1 1 1 1                       

===============================
UP -- 0 12 0 12 STANDING 0
========= CURRENT MAP =========

                      1 * 1 1 
  1 1 1         6     1 9 1 1 
  1 1 1     1 1 1 1 1 1 1 1 1 
  1 1 1     1 1 1       1     
  2 2 2     5 1 1       2     
    2       1 1 1     2 2 2   
    1       1 1 1     1 1 1   
1 1 1 1 1 1 1 5 1 1 1 1 1 1   
1 1 7 1     6         1 1 1   
1 1 1 1                       

===============================
RIGHT -- 0 13 0 14 LYING_ROW 0
========= CURRENT MAP =========

                      1 1 * * 
  1 1 1         6     1 9 1 1 
  1 1 1     1 1 1 1 1 1 1 1 1 
  1 1 1     1 1 1       1     
  2 2 2     5 1 1       2     
    2       1 1 1     2 2 2   
    1       1 1 1     1 1 1   
1 1 1 1 1 1 1 5 1 1 1 1 1 1   
1 1 7 1     6         1 1 1   
1 1 1 1                       

===============================
DOWN -- 1 13 1 14 LYING_ROW 0
========= CURRENT MAP =========

                      1 1 1 1 
  1 1 1         6     1 9 * * 
  1 1 1     1 1 1 1 1 1 1 1 1 
  1 1 1     1 1 1       1     
  2 2 2     5 1 1       2     
    2       1 1 1     2 2 2   
    1       1 1 1     1 1 1   
1 1 1 1 1 1 1 5 1 1 1 1 1 1   
1 1 7 1     6         1 1 1   
1 1 1 1                       

===============================
LEFT -- 1 12 1 12 STANDING 0
========= CURRENT MAP =========

                      1 1 1 1 
  1 1 1         6     1 * 1 1 
  1 1 1     1 1 1 1 1 1 1 1 1 
  1 1 1     1 1 1       1     
  2 2 2     5 1 1       2     
    2       1 1 1     2 2 2   
    1       1 1 1     1 1 1   
1 1 1 1 1 1 1 5 1 1 1 1 1 1   
1 1 7 1     6         1 1 1   
1 1 1 1                       

===============================

=========== STAT 31 ============
STATUS: SUCCESS
PROCESS TIME: 0:00:00.318893
PROCESS MEMORY: 2555904
REAL STEP: 92
VIRTUAL STEP: 3533
===============================

PRESS KEY: ULDLLUUUUDDDDRRRULDRUUUURULDDRULDLLLDDDLDDUURUUULLLLDRULDDDDDLURLURDRURRURRDRRRULDRUUUUURDL

