START -- 1 1 1 1 STANDING 0
========= CURRENT MAP =========

1 1 1                         
1 * 1 1 1 1 1 1 1       1 1 1 
1 1 1           1 1 1 1 1 9 1 
1 1 1                   7 7 1 
1 1 1                         
1 1 1                         
1 1 1         1 1 1 1 1 7     
1 1 1 1 1 1 1 1       1 1     
1 3 1                 1 1     
1 1 1                 1 7     

===============================
DOWN -- 2 1 3 1 LYING_COL 0
========= CURRENT MAP =========

1 1 1                         
1 1 1 1 1 1 1 1 1       1 1 1 
1 * 1           1 1 1 1 1 9 1 
1 * 1                   7 7 1 
1 1 1                         
1 1 1                         
1 1 1         1 1 1 1 1 7     
1 1 1 1 1 1 1 1       1 1     
1 3 1                 1 1     
1 1 1                 1 7     

===============================
LEFT -- 2 0 3 0 LYING_COL 0
========= CURRENT MAP =========

1 1 1                         
1 1 1 1 1 1 1 1 1       1 1 1 
* 1 1           1 1 1 1 1 9 1 
* 1 1                   7 7 1 
1 1 1                         
1 1 1                         
1 1 1         1 1 1 1 1 7     
1 1 1 1 1 1 1 1       1 1     
1 3 1                 1 1     
1 1 1                 1 7     

===============================
UP -- 1 0 1 0 STANDING 0
========= CURRENT MAP =========

1 1 1                         
* 1 1 1 1 1 1 1 1       1 1 1 
1 1 1           1 1 1 1 1 9 1 
1 1 1                   7 7 1 
1 1 1                         
1 1 1                         
1 1 1         1 1 1 1 1 7     
1 1 1 1 1 1 1 1       1 1     
1 3 1                 1 1     
1 1 1                 1 7     

===============================
RIGHT -- 1 1 1 2 LYING_ROW 0
========= CURRENT MAP =========

1 1 1                         
1 * * 1 1 1 1 1 1       1 1 1 
1 1 1           1 1 1 1 1 9 1 
1 1 1                   7 7 1 
1 1 1                         
1 1 1                         
1 1 1         1 1 1 1 1 7     
1 1 1 1 1 1 1 1       1 1     
1 3 1                 1 1     
1 1 1                 1 7     

===============================
DOWN -- 2 1 2 2 LYING_ROW 0
========= CURRENT MAP =========

1 1 1                         
1 1 1 1 1 1 1 1 1       1 1 1 
1 * *           1 1 1 1 1 9 1 
1 1 1                   7 7 1 
1 1 1                         
1 1 1                         
1 1 1         1 1 1 1 1 7     
1 1 1 1 1 1 1 1       1 1     
1 3 1                 1 1     
1 1 1                 1 7     

===============================
DOWN -- 3 1 3 2 LYING_ROW 0
========= CURRENT MAP =========

1 1 1                         
1 1 1 1 1 1 1 1 1       1 1 1 
1 1 1           1 1 1 1 1 9 1 
1 * *                   7 7 1 
1 1 1                         
1 1 1                         
1 1 1         1 1 1 1 1 7     
1 1 1 1 1 1 1 1       1 1     
1 3 1                 1 1     
1 1 1                 1 7     

===============================
DOWN -- 4 1 4 2 LYING_ROW 0
========= CURRENT MAP =========

1 1 1                         
1 1 1 1 1 1 1 1 1       1 1 1 
1 1 1           1 1 1 1 1 9 1 
1 1 1                   7 7 1 
1 * *                         
1 1 1                         
1 1 1         1 1 1 1 1 7     
1 1 1 1 1 1 1 1       1 1     
1 3 1                 1 1     
1 1 1                 1 7     

===============================
DOWN -- 5 1 5 2 LYING_ROW 0
========= CURRENT MAP =========

1 1 1                         
1 1 1 1 1 1 1 1 1       1 1 1 
1 1 1           1 1 1 1 1 9 1 
1 1 1                   7 7 1 
1 1 1                         
1 * *                         
1 1 1         1 1 1 1 1 7     
1 1 1 1 1 1 1 1       1 1     
1 3 1                 1 1     
1 1 1                 1 7     

===============================
DOWN -- 6 1 6 2 LYING_ROW 0
========= CURRENT MAP =========

1 1 1                         
1 1 1 1 1 1 1 1 1       1 1 1 
1 1 1           1 1 1 1 1 9 1 
1 1 1                   7 7 1 
1 1 1                         
1 1 1                         
1 * *         1 1 1 1 1 7     
1 1 1 1 1 1 1 1       1 1     
1 3 1                 1 1     
1 1 1                 1 7     

===============================
DOWN -- 7 1 7 2 LYING_ROW 0
========= CURRENT MAP =========

1 1 1                         
1 1 1 1 1 1 1 1 1       1 1 1 
1 1 1           1 1 1 1 1 9 1 
1 1 1                   7 7 1 
1 1 1                         
1 1 1                         
1 1 1         1 1 1 1 1 7     
1 * * 1 1 1 1 1       1 1     
1 3 1                 1 1     
1 1 1                 1 7     

===============================
DOWN -- 8 1 8 2 LYING_ROW 0
========= CURRENT MAP =========

1 1 1                         
1 1 1 1 1 1 1 1 1       1 1 1 
1 1 1           1 1 1 1 1 9 1 
1 1 1                   7 7 1 
1 1 1                         
1 1 1                         
1 1 1         1 1 1 1 1 7     
1 1 1 1 1 1 1 1 1     1 1     
1 * *                 1 1     
1 1 1                 1 7     

===============================
UP -- 7 1 7 2 LYING_ROW 0
========= CURRENT MAP =========

1 1 1                         
1 1 1 1 1 1 1 1 1       1 1 1 
1 1 1           1 1 1 1 1 9 1 
1 1 1                   7 7 1 
1 1 1                         
1 1 1                         
1 1 1         1 1 1 1 1 7     
1 * * 1 1 1 1 1 1     1 1     
1 3 1                 1 1     
1 1 1                 1 7     

===============================
RIGHT -- 7 3 7 3 STANDING 0
========= CURRENT MAP =========

1 1 1                         
1 1 1 1 1 1 1 1 1       1 1 1 
1 1 1           1 1 1 1 1 9 1 
1 1 1                   7 7 1 
1 1 1                         
1 1 1                         
1 1 1         1 1 1 1 1 7     
1 1 1 * 1 1 1 1 1     1 1     
1 3 1                 1 1     
1 1 1                 1 7     

===============================
RIGHT -- 7 4 7 5 LYING_ROW 0
========= CURRENT MAP =========

1 1 1                         
1 1 1 1 1 1 1 1 1       1 1 1 
1 1 1           1 1 1 1 1 9 1 
1 1 1                   7 7 1 
1 1 1                         
1 1 1                         
1 1 1         1 1 1 1 1 7     
1 1 1 1 * * 1 1 1     1 1     
1 3 1                 1 1     
1 1 1                 1 7     

===============================
RIGHT -- 7 6 7 6 STANDING 0
========= CURRENT MAP =========

1 1 1                         
1 1 1 1 1 1 1 1 1       1 1 1 
1 1 1           1 1 1 1 1 9 1 
1 1 1                   7 7 1 
1 1 1                         
1 1 1                         
1 1 1         1 1 1 1 1 7     
1 1 1 1 1 1 * 1 1     1 1     
1 3 1                 1 1     
1 1 1                 1 7     

===============================
RIGHT -- 7 7 7 8 LYING_ROW 0
========= CURRENT MAP =========

1 1 1                         
1 1 1 1 1 1 1 1 1       1 1 1 
1 1 1           1 1 1 1 1 9 1 
1 1 1                   7 7 1 
1 1 1                         
1 1 1                         
1 1 1         1 1 1 1 1 7     
1 1 1 1 1 1 1 * *     1 1     
1 3 1                 1 1     
1 1 1                 1 7     

===============================
UP -- 6 7 6 8 LYING_ROW 0
========= CURRENT MAP =========

1 1 1                         
1 1 1 1 1 1 1 1 1       1 1 1 
1 1 1           1 1 1 1 1 9 1 
1 1 1                   7 7 1 
1 1 1                         
1 1 1                         
1 1 1         * * 1 1 1 7     
1 1 1 1 1 1 1 1 1     1 1     
1 3 1                 1 1     
1 1 1                 1 7     

===============================
RIGHT -- 6 9 6 9 STANDING 0
========= CURRENT MAP =========

1 1 1                         
1 1 1 1 1 1 1 1 1       1 1 1 
1 1 1           1 1 1 1 1 9 1 
1 1 1                   7 7 1 
1 1 1                         
1 1 1                         
1 1 1         1 1 * 1 1 7     
1 1 1 1 1 1 1 1 1     1 1     
1 3 1                 1 1     
1 1 1                 1 7     

===============================
RIGHT -- 6 10 6 11 LYING_ROW 0
========= CURRENT MAP =========

1 1 1                         
1 1 1 1 1 1 1 1 1       1 1 1 
1 1 1           1 1 1 1 1 9 1 
1 1 1                   7 7 1 
1 1 1                         
1 1 1                         
1 1 1         1 1 1 * * 7     
1 1 1 1 1 1 1 1 1     1 1     
1 3 1                 1 1     
1 1 1                 1 7     

===============================
RIGHT -- 6 12 6 12 STANDING 0
========= CURRENT MAP =========

1 1 1                         
1 1 1 1 1 1 1 1 1       1 1 1 
1 1 1         1 1 1 1 1 1 9 1 
1 1 1                   7 7 1 
1 1 1                         
1 1 1                         
1 1 1         1 1 1 1 1 *     
1 1 1 1 1 1 1 1 1     1 1     
1 3 1                 1 1     
1 1 1                 1 7     

===============================
LEFT -- 6 10 6 11 LYING_ROW 0
========= CURRENT MAP =========

1 1 1                         
1 1 1 1 1 1 1 1 1       1 1 1 
1 1 1         1 1 1 1 1 1 9 1 
1 1 1                   7 7 1 
1 1 1                         
1 1 1                         
1 1 1         1 1 1 * * 7     
1 1 1 1 1 1 1 1 1     1 1     
1 3 1                 1 1     
1 1 1                 1 7     

===============================
LEFT -- 6 9 6 9 STANDING 0
========= CURRENT MAP =========

1 1 1                         
1 1 1 1 1 1 1 1 1       1 1 1 
1 1 1         1 1 1 1 1 1 9 1 
1 1 1                   7 7 1 
1 1 1                         
1 1 1                         
1 1 1         1 1 * 1 1 7     
1 1 1 1 1 1 1 1 1     1 1     
1 3 1                 1 1     
1 1 1                 1 7     

===============================
LEFT -- 6 7 6 8 LYING_ROW 0
========= CURRENT MAP =========

1 1 1                         
1 1 1 1 1 1 1 1 1       1 1 1 
1 1 1         1 1 1 1 1 1 9 1 
1 1 1                   7 7 1 
1 1 1                         
1 1 1                         
1 1 1         * * 1 1 1 7     
1 1 1 1 1 1 1 1 1     1 1     
1 3 1                 1 1     
1 1 1                 1 7     

===============================
DOWN -- 7 7 7 8 LYING_ROW 0
========= CURRENT MAP =========

1 1 1                         
1 1 1 1 1 1 1 1 1       1 1 1 
1 1 1         1 1 1 1 1 1 9 1 
1 1 1                   7 7 1 
1 1 1                         
1 1 1                         
1 1 1         1 1 1 1 1 7     
1 1 1 1 1 1 1 * *     1 1     
1 3 1                 1 1     
1 1 1                 1 7     

===============================
LEFT -- 7 6 7 6 STANDING 0
========= CURRENT MAP =========

1 1 1                         
1 1 1 1 1 1 1 1 1       1 1 1 
1 1 1         1 1 1 1 1 1 9 1 
1 1 1                   7 7 1 
1 1 1                         
1 1 1                         
1 1 1         1 1 1 1 1 7     
1 1 1 1 1 1 * 1 1     1 1     
1 3 1                 1 1     
1 1 1                 1 7     

===============================
LEFT -- 7 4 7 5 LYING_ROW 0
========= CURRENT MAP =========

1 1 1                         
1 1 1 1 1 1 1 1 1       1 1 1 
1 1 1         1 1 1 1 1 1 9 1 
1 1 1                   7 7 1 
1 1 1                         
1 1 1                         
1 1 1         1 1 1 1 1 7     
1 1 1 1 * * 1 1 1     1 1     
1 3 1                 1 1     
1 1 1                 1 7     

===============================
LEFT -- 7 3 7 3 STANDING 0
========= CURRENT MAP =========

1 1 1                         
1 1 1 1 1 1 1 1 1       1 1 1 
1 1 1         1 1 1 1 1 1 9 1 
1 1 1                   7 7 1 
1 1 1                         
1 1 1                         
1 1 1         1 1 1 1 1 7     
1 1 1 * 1 1 1 1 1     1 1     
1 3 1                 1 1     
1 1 1                 1 7     

===============================
LEFT -- 7 1 7 2 LYING_ROW 0
========= CURRENT MAP =========

1 1 1                         
1 1 1 1 1 1 1 1 1       1 1 1 
1 1 1         1 1 1 1 1 1 9 1 
1 1 1                   7 7 1 
1 1 1                         
1 1 1                         
1 1 1         1 1 1 1 1 7     
1 * * 1 1 1 1 1 1     1 1     
1 3 1                 1 1     
1 1 1                 1 7     

===============================
UP -- 6 1 6 2 LYING_ROW 0
========= CURRENT MAP =========

1 1 1                         
1 1 1 1 1 1 1 1 1       1 1 1 
1 1 1         1 1 1 1 1 1 9 1 
1 1 1                   7 7 1 
1 1 1                         
1 1 1                         
1 * *         1 1 1 1 1 7     
1 1 1 1 1 1 1 1 1     1 1     
1 3 1                 1 1     
1 1 1                 1 7     

===============================
UP -- 5 1 5 2 LYING_ROW 0
========= CURRENT MAP =========

1 1 1                         
1 1 1 1 1 1 1 1 1       1 1 1 
1 1 1         1 1 1 1 1 1 9 1 
1 1 1                   7 7 1 
1 1 1                         
1 * *                         
1 1 1         1 1 1 1 1 7     
1 1 1 1 1 1 1 1 1     1 1     
1 3 1                 1 1     
1 1 1                 1 7     

===============================
UP -- 4 1 4 2 LYING_ROW 0
========= CURRENT MAP =========

1 1 1                         
1 1 1 1 1 1 1 1 1       1 1 1 
1 1 1         1 1 1 1 1 1 9 1 
1 1 1                   7 7 1 
1 * *                         
1 1 1                         
1 1 1         1 1 1 1 1 7     
1 1 1 1 1 1 1 1 1     1 1     
1 3 1                 1 1     
1 1 1                 1 7     

===============================
UP -- 3 1 3 2 LYING_ROW 0
========= CURRENT MAP =========

1 1 1                         
1 1 1 1 1 1 1 1 1       1 1 1 
1 1 1         1 1 1 1 1 1 9 1 
1 * *                   7 7 1 
1 1 1                         
1 1 1                         
1 1 1         1 1 1 1 1 7     
1 1 1 1 1 1 1 1 1     1 1     
1 3 1                 1 1     
1 1 1                 1 7     

===============================
UP -- 2 1 2 2 LYING_ROW 0
========= CURRENT MAP =========

1 1 1                         
1 1 1 1 1 1 1 1 1       1 1 1 
1 * *         1 1 1 1 1 1 9 1 
1 1 1                   7 7 1 
1 1 1                         
1 1 1                         
1 1 1         1 1 1 1 1 7     
1 1 1 1 1 1 1 1 1     1 1     
1 3 1                 1 1     
1 1 1                 1 7     

===============================
UP -- 1 1 1 2 LYING_ROW 0
========= CURRENT MAP =========

1 1 1                         
1 * * 1 1 1 1 1 1       1 1 1 
1 1 1         1 1 1 1 1 1 9 1 
1 1 1                   7 7 1 
1 1 1                         
1 1 1                         
1 1 1         1 1 1 1 1 7     
1 1 1 1 1 1 1 1 1     1 1     
1 3 1                 1 1     
1 1 1                 1 7     

===============================
RIGHT -- 1 3 1 3 STANDING 0
========= CURRENT MAP =========

1 1 1                         
1 1 1 * 1 1 1 1 1       1 1 1 
1 1 1         1 1 1 1 1 1 9 1 
1 1 1                   7 7 1 
1 1 1                         
1 1 1                         
1 1 1         1 1 1 1 1 7     
1 1 1 1 1 1 1 1 1     1 1     
1 3 1                 1 1     
1 1 1                 1 7     

===============================
RIGHT -- 1 4 1 5 LYING_ROW 0
========= CURRENT MAP =========

1 1 1                         
1 1 1 1 * * 1 1 1       1 1 1 
1 1 1         1 1 1 1 1 1 9 1 
1 1 1                   7 7 1 
1 1 1                         
1 1 1                         
1 1 1         1 1 1 1 1 7     
1 1 1 1 1 1 1 1 1     1 1     
1 3 1                 1 1     
1 1 1                 1 7     

===============================
RIGHT -- 1 6 1 6 STANDING 0
========= CURRENT MAP =========

1 1 1                         
1 1 1 1 1 1 * 1 1       1 1 1 
1 1 1         1 1 1 1 1 1 9 1 
1 1 1                   7 7 1 
1 1 1                         
1 1 1                         
1 1 1         1 1 1 1 1 7     
1 1 1 1 1 1 1 1 1     1 1     
1 3 1                 1 1     
1 1 1                 1 7     

===============================
RIGHT -- 1 7 1 8 LYING_ROW 0
========= CURRENT MAP =========

1 1 1                         
1 1 1 1 1 1 1 * *       1 1 1 
1 1 1         1 1 1 1 1 1 9 1 
1 1 1                   7 7 1 
1 1 1                         
1 1 1                         
1 1 1         1 1 1 1 1 7     
1 1 1 1 1 1 1 1 1     1 1     
1 3 1                 1 1     
1 1 1                 1 7     

===============================
DOWN -- 2 7 2 8 LYING_ROW 0
========= CURRENT MAP =========

1 1 1                         
1 1 1 1 1 1 1 1 1       1 1 1 
1 1 1         * * 1 1 1 1 9 1 
1 1 1                   7 7 1 
1 1 1                         
1 1 1                         
1 1 1         1 1 1 1 1 7     
1 1 1 1 1 1 1 1 1     1 1     
1 3 1                 1 1     
1 1 1                 1 7     

===============================
RIGHT -- 2 9 2 9 STANDING 0
========= CURRENT MAP =========

1 1 1                         
1 1 1 1 1 1 1 1 1       1 1 1 
1 1 1         1 1 * 1 1 1 9 1 
1 1 1                   7 7 1 
1 1 1                         
1 1 1                         
1 1 1         1 1 1 1 1 7     
1 1 1 1 1 1 1 1 1     1 1     
1 3 1                 1 1     
1 1 1                 1 7     

===============================
RIGHT -- 2 10 2 11 LYING_ROW 0
========= CURRENT MAP =========

1 1 1                         
1 1 1 1 1 1 1 1 1       1 1 1 
1 1 1         1 1 1 * * 1 9 1 
1 1 1                   7 7 1 
1 1 1                         
1 1 1                         
1 1 1         1 1 1 1 1 7     
1 1 1 1 1 1 1 1 1     1 1     
1 3 1                 1 1     
1 1 1                 1 7     

===============================
RIGHT -- 2 12 2 12 STANDING 0
========= CURRENT MAP =========

1 1 1                         
1 1 1 1 1 1 1 1 1       1 1 1 
1 1 1         1 1 1 1 1 * 9 1 
1 1 1                   7 7 1 
1 1 1                         
1 1 1                         
1 1 1         1 1 1 1 1 7     
1 1 1 1 1 1 1 1 1     1 1     
1 3 1                 1 1     
1 1 1                 1 7     

===============================
RIGHT -- 2 13 2 14 LYING_ROW 0
========= CURRENT MAP =========

1 1 1                         
1 1 1 1 1 1 1 1 1       1 1 1 
1 1 1         1 1 1 1 1 1 * * 
1 1 1                   7 7 1 
1 1 1                         
1 1 1                         
1 1 1         1 1 1 1 1 7     
1 1 1 1 1 1 1 1 1     1 1     
1 3 1                 1 1     
1 1 1                 1 7     

===============================
DOWN -- 3 13 3 14 LYING_ROW 0
========= CURRENT MAP =========

1 1 1                         
1 1 1 1 1 1 1 1 1       1 1 1 
1 1 1         1 1 1 1 1 1 9 1 
1 1 1                   7 * * 
1 1 1                         
1 1 1                         
1 1 1         1 1 1 1 1 7     
1 1 1 1 1 1 1 1 1     1 1     
1 3 1                 1 1     
1 1 1                 1 7     

===============================
LEFT -- 3 12 3 12 STANDING 0
========= CURRENT MAP =========

1 1 1                         
1 1 1 1 1 1 1 1 1       1 1 1 
1 1 1         1 1 1 1 1 1 9 1 
1 1 1                   * 7 1 
1 1 1                         
1 1 1                         
1 1 1         1 1 1 1 1 7     
1 1 1 1 1 1 1 1 1     1 1     
1 3 1                 1 1     
1 1 1                 1 7     

===============================
UP -- 1 12 2 12 LYING_COL 0
========= CURRENT MAP =========

1 1 1                         
1 1 1 1 1 1 1 1 1       * 1 1 
1 1 1         1 1 1 1 1 * 9 1 
1 1 1                   7 7 1 
1 1 1                         
1 1 1                         
1 1 1         1 1 1 1 1 7     
1 1 1 1 1 1 1 1 1     1 1     
1 3 1                 1 1     
1 1 1                 1 7     

===============================
RIGHT -- 1 13 2 13 LYING_COL 0
========= CURRENT MAP =========

1 1 1                         
1 1 1 1 1 1 1 1 1       1 * 1 
1 1 1         1 1 1 1 1 1 * 1 
1 1 1                   7 7 1 
1 1 1                         
1 1 1                         
1 1 1         1 1 1 1 1 7     
1 1 1 1 1 1 1 1 1     1 1     
1 3 1                 1 1     
1 1 1                 1 7     

===============================
DOWN -- 3 13 3 13 STANDING 0
========= CURRENT MAP =========

1 1 1                         
1 1 1 1 1 1 1 1 1       1 1 1 
1 1 1         1 1 1 1 1 1 9 1 
1 1 1                   7 * 1 
1 1 1                         
1 1 1                         
1 1 1       1 1 1 1 1 1 7     
1 1 1 1 1 1 1 1 1     1 1     
1 3 1                 1 1     
1 1 1                 1 7     

===============================
UP -- 1 13 2 13 LYING_COL 0
========= CURRENT MAP =========

1 1 1                         
1 1 1 1 1 1 1 1 1       1 * 1 
1 1 1         1 1 1 1 1 1 * 1 
1 1 1                   7 7 1 
1 1 1                         
1 1 1                         
1 1 1       1 1 1 1 1 1 7     
1 1 1 1 1 1 1 1 1     1 1     
1 3 1                 1 1     
1 1 1                 1 7     

===============================
RIGHT -- 1 14 2 14 LYING_COL 0
========= CURRENT MAP =========

1 1 1                         
1 1 1 1 1 1 1 1 1       1 1 * 
1 1 1         1 1 1 1 1 1 9 * 
1 1 1                   7 7 1 
1 1 1                         
1 1 1                         
1 1 1       1 1 1 1 1 1 7     
1 1 1 1 1 1 1 1 1     1 1     
1 3 1                 1 1     
1 1 1                 1 7     

===============================
DOWN -- 3 14 3 14 STANDING 0
========= CURRENT MAP =========

1 1 1                         
1 1 1 1 1 1 1 1 1       1 1 1 
1 1 1         1 1 1 1 1 1 9 1 
1 1 1                   7 7 * 
1 1 1                         
1 1 1                         
1 1 1       1 1 1 1 1 1 7     
1 1 1 1 1 1 1 1 1     1 1     
1 3 1                 1 1     
1 1 1                 1 7     

===============================
LEFT -- 3 12 3 13 LYING_ROW 0
========= CURRENT MAP =========

1 1 1                         
1 1 1 1 1 1 1 1 1       1 1 1 
1 1 1         1 1 1 1 1 1 9 1 
1 1 1                   * * 1 
1 1 1                         
1 1 1                         
1 1 1       1 1 1 1 1 1 7     
1 1 1 1 1 1 1 1 1     1 1     
1 3 1                 1 1     
1 1 1                 1 7     

===============================
UP -- 2 12 2 13 LYING_ROW 0
========= CURRENT MAP =========

1 1 1                         
1 1 1 1 1 1 1 1 1       1 1 1 
1 1 1         1 1 1 1 1 * * 1 
1 1 1                   7 7 1 
1 1 1                         
1 1 1                         
1 1 1       1 1 1 1 1 1 7     
1 1 1 1 1 1 1 1 1     1 1     
1 3 1                 1 1     
1 1 1                 1 7     

===============================
UP -- 1 12 1 13 LYING_ROW 0
========= CURRENT MAP =========

1 1 1                         
1 1 1 1 1 1 1 1 1       * * 1 
1 1 1         1 1 1 1 1 1 9 1 
1 1 1                   7 7 1 
1 1 1                         
1 1 1                         
1 1 1       1 1 1 1 1 1 7     
1 1 1 1 1 1 1 1 1     1 1     
1 3 1                 1 1     
1 1 1                 1 7     

===============================
RIGHT -- 1 14 1 14 STANDING 0
========= CURRENT MAP =========

1 1 1                         
1 1 1 1 1 1 1 1 1       1 1 * 
1 1 1         1 1 1 1 1 1 9 1 
1 1 1                   7 7 1 
1 1 1                         
1 1 1                         
1 1 1       1 1 1 1 1 1 7     
1 1 1 1 1 1 1 1 1     1 1     
1 3 1                 1 1     
1 1 1                 1 7     

===============================
DOWN -- 2 14 3 14 LYING_COL 0
========= CURRENT MAP =========

1 1 1                         
1 1 1 1 1 1 1 1 1       1 1 1 
1 1 1         1 1 1 1 1 1 9 * 
1 1 1                   7 7 * 
1 1 1                         
1 1 1                         
1 1 1       1 1 1 1 1 1 7     
1 1 1 1 1 1 1 1 1     1 1     
1 3 1                 1 1     
1 1 1                 1 7     

===============================
LEFT -- 2 13 3 13 LYING_COL 0
========= CURRENT MAP =========

1 1 1                         
1 1 1 1 1 1 1 1 1       1 1 1 
1 1 1         1 1 1 1 1 1 * 1 
1 1 1                   7 * 1 
1 1 1                         
1 1 1                         
1 1 1       1 1 1 1 1 1 7     
1 1 1 1 1 1 1 1 1     1 1     
1 3 1                 1 1     
1 1 1                 1 7     

===============================
LEFT -- 2 12 3 12 LYING_COL 0
========= CURRENT MAP =========

1 1 1                         
1 1 1 1 1 1 1 1 1       1 1 1 
1 1 1         1 1 1 1 1 * 9 1 
1 1 1                   * 7 1 
1 1 1                         
1 1 1                         
1 1 1       1 1 1 1 1 1 7     
1 1 1 1 1 1 1 1 1     1 1     
1 3 1                 1 1     
1 1 1                 1 7     

===============================
UP -- 1 12 1 12 STANDING 0
========= CURRENT MAP =========

1 1 1                         
1 1 1 1 1 1 1 1 1       * 1 1 
1 1 1         1 1 1 1 1 1 9 1 
1 1 1                   7 7 1 
1 1 1                         
1 1 1                         
1 1 1       1 1 1 1 1 1 7     
1 1 1 1 1 1 1 1 1     1 1     
1 3 1                 1 1     
1 1 1                 1 7     

===============================
RIGHT -- 1 13 1 14 LYING_ROW 0
========= CURRENT MAP =========

1 1 1                         
1 1 1 1 1 1 1 1 1       1 * * 
1 1 1         1 1 1 1 1 1 9 1 
1 1 1                   7 7 1 
1 1 1                         
1 1 1                         
1 1 1       1 1 1 1 1 1 7     
1 1 1 1 1 1 1 1 1     1 1     
1 3 1                 1 1     
1 1 1                 1 7     

===============================
DOWN -- 2 13 2 14 LYING_ROW 0
========= CURRENT MAP =========

1 1 1                         
1 1 1 1 1 1 1 1 1       1 1 1 
1 1 1         1 1 1 1 1 1 * * 
1 1 1                   7 7 1 
1 1 1                         
1 1 1                         
1 1 1       1 1 1 1 1 1 7     
1 1 1 1 1 1 1 1 1     1 1     
1 3 1                 1 1     
1 1 1                 1 7     

===============================
LEFT -- 2 12 2 12 STANDING 0
========= CURRENT MAP =========

1 1 1                         
1 1 1 1 1 1 1 1 1       1 1 1 
1 1 1         1 1 1 1 1 * 9 1 
1 1 1                   7 7 1 
1 1 1                         
1 1 1                         
1 1 1       1 1 1 1 1 1 7     
1 1 1 1 1 1 1 1 1     1 1     
1 3 1                 1 1     
1 1 1                 1 7     

===============================
LEFT -- 2 10 2 11 LYING_ROW 0
========= CURRENT MAP =========

1 1 1                         
1 1 1 1 1 1 1 1 1       1 1 1 
1 1 1         1 1 1 * * 1 9 1 
1 1 1                   7 7 1 
1 1 1                         
1 1 1                         
1 1 1       1 1 1 1 1 1 7     
1 1 1 1 1 1 1 1 1     1 1     
1 3 1                 1 1     
1 1 1                 1 7     

===============================
LEFT -- 2 9 2 9 STANDING 0
========= CURRENT MAP =========

1 1 1                         
1 1 1 1 1 1 1 1 1       1 1 1 
1 1 1         1 1 * 1 1 1 9 1 
1 1 1                   7 7 1 
1 1 1                         
1 1 1                         
1 1 1       1 1 1 1 1 1 7     
1 1 1 1 1 1 1 1 1     1 1     
1 3 1                 1 1     
1 1 1                 1 7     

===============================
LEFT -- 2 7 2 8 LYING_ROW 0
========= CURRENT MAP =========

1 1 1                         
1 1 1 1 1 1 1 1 1       1 1 1 
1 1 1         * * 1 1 1 1 9 1 
1 1 1                   7 7 1 
1 1 1                         
1 1 1                         
1 1 1       1 1 1 1 1 1 7     
1 1 1 1 1 1 1 1 1     1 1     
1 3 1                 1 1     
1 1 1                 1 7     

===============================
UP -- 1 7 1 8 LYING_ROW 0
========= CURRENT MAP =========

1 1 1                         
1 1 1 1 1 1 1 * *       1 1 1 
1 1 1         1 1 1 1 1 1 9 1 
1 1 1                   7 7 1 
1 1 1                         
1 1 1                         
1 1 1       1 1 1 1 1 1 7     
1 1 1 1 1 1 1 1 1     1 1     
1 3 1                 1 1     
1 1 1                 1 7     

===============================
LEFT -- 1 6 1 6 STANDING 0
========= CURRENT MAP =========

1 1 1                         
1 1 1 1 1 1 * 1 1       1 1 1 
1 1 1         1 1 1 1 1 1 9 1 
1 1 1                   7 7 1 
1 1 1                         
1 1 1                         
1 1 1       1 1 1 1 1 1 7     
1 1 1 1 1 1 1 1 1     1 1     
1 3 1                 1 1     
1 1 1                 1 7     

===============================
LEFT -- 1 4 1 5 LYING_ROW 0
========= CURRENT MAP =========

1 1 1                         
1 1 1 1 * * 1 1 1       1 1 1 
1 1 1         1 1 1 1 1 1 9 1 
1 1 1                   7 7 1 
1 1 1                         
1 1 1                         
1 1 1       1 1 1 1 1 1 7     
1 1 1 1 1 1 1 1 1     1 1     
1 3 1                 1 1     
1 1 1                 1 7     

===============================
LEFT -- 1 3 1 3 STANDING 0
========= CURRENT MAP =========

1 1 1                         
1 1 1 * 1 1 1 1 1       1 1 1 
1 1 1         1 1 1 1 1 1 9 1 
1 1 1                   7 7 1 
1 1 1                         
1 1 1                         
1 1 1       1 1 1 1 1 1 7     
1 1 1 1 1 1 1 1 1     1 1     
1 3 1                 1 1     
1 1 1                 1 7     

===============================
LEFT -- 1 1 1 2 LYING_ROW 0
========= CURRENT MAP =========

1 1 1                         
1 * * 1 1 1 1 1 1       1 1 1 
1 1 1         1 1 1 1 1 1 9 1 
1 1 1                   7 7 1 
1 1 1                         
1 1 1                         
1 1 1       1 1 1 1 1 1 7     
1 1 1 1 1 1 1 1 1     1 1     
1 3 1                 1 1     
1 1 1                 1 7     

===============================
DOWN -- 2 1 2 2 LYING_ROW 0
========= CURRENT MAP =========

1 1 1                         
1 1 1 1 1 1 1 1 1       1 1 1 
1 * *         1 1 1 1 1 1 9 1 
1 1 1                   7 7 1 
1 1 1                         
1 1 1                         
1 1 1       1 1 1 1 1 1 7     
1 1 1 1 1 1 1 1 1     1 1     
1 3 1                 1 1     
1 1 1                 1 7     

===============================
DOWN -- 3 1 3 2 LYING_ROW 0
========= CURRENT MAP =========

1 1 1                         
1 1 1 1 1 1 1 1 1       1 1 1 
1 1 1         1 1 1 1 1 1 9 1 
1 * *                   7 7 1 
1 1 1                         
1 1 1                         
1 1 1       1 1 1 1 1 1 7     
1 1 1 1 1 1 1 1 1     1 1     
1 3 1                 1 1     
1 1 1                 1 7     

===============================
DOWN -- 4 1 4 2 LYING_ROW 0
========= CURRENT MAP =========

1 1 1                         
1 1 1 1 1 1 1 1 1       1 1 1 
1 1 1         1 1 1 1 1 1 9 1 
1 1 1                   7 7 1 
1 * *                         
1 1 1                         
1 1 1       1 1 1 1 1 1 7     
1 1 1 1 1 1 1 1 1     1 1     
1 3 1                 1 1     
1 1 1                 1 7     

===============================
DOWN -- 5 1 5 2 LYING_ROW 0
========= CURRENT MAP =========

1 1 1                         
1 1 1 1 1 1 1 1 1       1 1 1 
1 1 1         1 1 1 1 1 1 9 1 
1 1 1                   7 7 1 
1 1 1                         
1 * *                         
1 1 1       1 1 1 1 1 1 7     
1 1 1 1 1 1 1 1 1     1 1     
1 3 1                 1 1     
1 1 1                 1 7     

===============================
DOWN -- 6 1 6 2 LYING_ROW 0
========= CURRENT MAP =========

1 1 1                         
1 1 1 1 1 1 1 1 1       1 1 1 
1 1 1         1 1 1 1 1 1 9 1 
1 1 1                   7 7 1 
1 1 1                         
1 1 1                         
1 * *       1 1 1 1 1 1 7     
1 1 1 1 1 1 1 1 1     1 1     
1 3 1                 1 1     
1 1 1                 1 7     

===============================
DOWN -- 7 1 7 2 LYING_ROW 0
========= CURRENT MAP =========

1 1 1                         
1 1 1 1 1 1 1 1 1       1 1 1 
1 1 1         1 1 1 1 1 1 9 1 
1 1 1                   7 7 1 
1 1 1                         
1 1 1                         
1 1 1       1 1 1 1 1 1 7     
1 * * 1 1 1 1 1 1     1 1     
1 3 1                 1 1     
1 1 1                 1 7     

===============================
RIGHT -- 7 3 7 3 STANDING 0
========= CURRENT MAP =========

1 1 1                         
1 1 1 1 1 1 1 1 1       1 1 1 
1 1 1         1 1 1 1 1 1 9 1 
1 1 1                   7 7 1 
1 1 1                         
1 1 1                         
1 1 1       1 1 1 1 1 1 7     
1 1 1 * 1 1 1 1 1     1 1     
1 3 1                 1 1     
1 1 1                 1 7     

===============================
RIGHT -- 7 4 7 5 LYING_ROW 0
========= CURRENT MAP =========

1 1 1                         
1 1 1 1 1 1 1 1 1       1 1 1 
1 1 1         1 1 1 1 1 1 9 1 
1 1 1                   7 7 1 
1 1 1                         
1 1 1                         
1 1 1       1 1 1 1 1 1 7     
1 1 1 1 * * 1 1 1     1 1     
1 3 1                 1 1     
1 1 1                 1 7     

===============================
RIGHT -- 7 6 7 6 STANDING 0
========= CURRENT MAP =========

1 1 1                         
1 1 1 1 1 1 1 1 1       1 1 1 
1 1 1         1 1 1 1 1 1 9 1 
1 1 1                   7 7 1 
1 1 1                         
1 1 1                         
1 1 1       1 1 1 1 1 1 7     
1 1 1 1 1 1 * 1 1     1 1     
1 3 1                 1 1     
1 1 1                 1 7     

===============================
RIGHT -- 7 7 7 8 LYING_ROW 0
========= CURRENT MAP =========

1 1 1                         
1 1 1 1 1 1 1 1 1       1 1 1 
1 1 1         1 1 1 1 1 1 9 1 
1 1 1                   7 7 1 
1 1 1                         
1 1 1                         
1 1 1       1 1 1 1 1 1 7     
1 1 1 1 1 1 1 * *     1 1     
1 3 1                 1 1     
1 1 1                 1 7     

===============================
UP -- 6 7 6 8 LYING_ROW 0
========= CURRENT MAP =========

1 1 1                         
1 1 1 1 1 1 1 1 1       1 1 1 
1 1 1         1 1 1 1 1 1 9 1 
1 1 1                   7 7 1 
1 1 1                         
1 1 1                         
1 1 1       1 * * 1 1 1 7     
1 1 1 1 1 1 1 1 1     1 1     
1 3 1                 1 1     
1 1 1                 1 7     

===============================
RIGHT -- 6 9 6 9 STANDING 0
========= CURRENT MAP =========

1 1 1                         
1 1 1 1 1 1 1 1 1       1 1 1 
1 1 1         1 1 1 1 1 1 9 1 
1 1 1                   7 7 1 
1 1 1                         
1 1 1                         
1 1 1       1 1 1 * 1 1 7     
1 1 1 1 1 1 1 1 1     1 1     
1 3 1                 1 1     
1 1 1                 1 7     

===============================
RIGHT -- 6 10 6 11 LYING_ROW 0
========= CURRENT MAP =========

1 1 1                         
1 1 1 1 1 1 1 1 1       1 1 1 
1 1 1         1 1 1 1 1 1 9 1 
1 1 1                   7 7 1 
1 1 1                         
1 1 1                         
1 1 1       1 1 1 1 * * 7     
1 1 1 1 1 1 1 1 1     1 1     
1 3 1                 1 1     
1 1 1                 1 7     

===============================
RIGHT -- 6 12 6 12 STANDING 0
========= CURRENT MAP =========

1 1 1                         
1 1 1 1 1 1 1 1 1       1 1 1 
1 1 1         1 1 1 1 1 1 9 1 
1 1 1                   7 7 1 
1 1 1                         
1 1 1                         
1 1 1       1 1 1 1 1 1 *     
1 1 1 1 1 1 1 1 1     1 1     
1 3 1                 1 1     
1 1 1                 1 7     

===============================
DOWN -- 7 12 8 12 LYING_COL 0
========= CURRENT MAP =========

1 1 1                         
1 1 1 1 1 1 1 1 1       1 1 1 
1 1 1         1 1 1 1 1 1 9 1 
1 1 1                   7 7 1 
1 1 1                         
1 1 1                         
1 1 1       1 1 1 1 1 1 7     
1 1 1 1 1 1 1 1 1     1 *     
1 3 1                 1 *     
1 1 1                 1 7     

===============================
DOWN -- 9 12 9 12 STANDING 0
========= CURRENT MAP =========

1 1 1                         
1 1 1 1 1 1 1 1 1 1     1 1 1 
1 1 1         1 1 1 1 1 1 9 1 
1 1 1                   7 7 1 
1 1 1                         
1 1 1                         
1 1 1       1 1 1 1 1 1 7     
1 1 1 1 1 1 1 1       1 1     
1 3 1                 1 1     
1 1 1                 1 *     

===============================
UP -- 7 12 8 12 LYING_COL 0
========= CURRENT MAP =========

1 1 1                         
1 1 1 1 1 1 1 1 1 1     1 1 1 
1 1 1         1 1 1 1 1 1 9 1 
1 1 1                   7 7 1 
1 1 1                         
1 1 1                         
1 1 1       1 1 1 1 1 1 7     
1 1 1 1 1 1 1 1       1 *     
1 3 1                 1 *     
1 1 1                 1 7     

===============================
LEFT -- 7 11 8 11 LYING_COL 0
========= CURRENT MAP =========

1 1 1                         
1 1 1 1 1 1 1 1 1 1     1 1 1 
1 1 1         1 1 1 1 1 1 9 1 
1 1 1                   7 7 1 
1 1 1                         
1 1 1                         
1 1 1       1 1 1 1 1 1 7     
1 1 1 1 1 1 1 1       * 1     
1 3 1                 * 1     
1 1 1                 1 7     

===============================
UP -- 6 11 6 11 STANDING 0
========= CURRENT MAP =========

1 1 1                         
1 1 1 1 1 1 1 1 1 1     1 1 1 
1 1 1         1 1 1 1 1 1 9 1 
1 1 1                   7 7 1 
1 1 1                         
1 1 1                         
1 1 1       1 1 1 1 1 * 7     
1 1 1 1 1 1 1 1       1 1     
1 3 1                 1 1     
1 1 1                 1 7     

===============================
LEFT -- 6 9 6 10 LYING_ROW 0
========= CURRENT MAP =========

1 1 1                         
1 1 1 1 1 1 1 1 1 1     1 1 1 
1 1 1         1 1 1 1 1 1 9 1 
1 1 1                   7 7 1 
1 1 1                         
1 1 1                         
1 1 1       1 1 1 * * 1 7     
1 1 1 1 1 1 1 1       1 1     
1 3 1                 1 1     
1 1 1                 1 7     

===============================
LEFT -- 6 8 6 8 STANDING 0
========= CURRENT MAP =========

1 1 1                         
1 1 1 1 1 1 1 1 1 1     1 1 1 
1 1 1         1 1 1 1 1 1 9 1 
1 1 1                   7 7 1 
1 1 1                         
1 1 1                         
1 1 1       1 1 * 1 1 1 7     
1 1 1 1 1 1 1 1       1 1     
1 3 1                 1 1     
1 1 1                 1 7     

===============================
LEFT -- 6 6 6 7 LYING_ROW 0
========= CURRENT MAP =========

1 1 1                         
1 1 1 1 1 1 1 1 1 1     1 1 1 
1 1 1         1 1 1 1 1 1 9 1 
1 1 1                   7 7 1 
1 1 1                         
1 1 1                         
1 1 1       * * 1 1 1 1 7     
1 1 1 1 1 1 1 1       1 1     
1 3 1                 1 1     
1 1 1                 1 7     

===============================
DOWN -- 7 6 7 7 LYING_ROW 0
========= CURRENT MAP =========

1 1 1                         
1 1 1 1 1 1 1 1 1 1     1 1 1 
1 1 1         1 1 1 1 1 1 9 1 
1 1 1                   7 7 1 
1 1 1                         
1 1 1                         
1 1 1       1 1 1 1 1 1 7     
1 1 1 1 1 1 * *       1 1     
1 3 1                 1 1     
1 1 1                 1 7     

===============================
LEFT -- 7 5 7 5 STANDING 0
========= CURRENT MAP =========

1 1 1                         
1 1 1 1 1 1 1 1 1 1     1 1 1 
1 1 1         1 1 1 1 1 1 9 1 
1 1 1                   7 7 1 
1 1 1                         
1 1 1                         
1 1 1       1 1 1 1 1 1 7     
1 1 1 1 1 * 1 1       1 1     
1 3 1                 1 1     
1 1 1                 1 7     

===============================
LEFT -- 7 3 7 4 LYING_ROW 0
========= CURRENT MAP =========

1 1 1                         
1 1 1 1 1 1 1 1 1 1     1 1 1 
1 1 1         1 1 1 1 1 1 9 1 
1 1 1                   7 7 1 
1 1 1                         
1 1 1                         
1 1 1       1 1 1 1 1 1 7     
1 1 1 * * 1 1 1       1 1     
1 3 1                 1 1     
1 1 1                 1 7     

===============================
LEFT -- 7 2 7 2 STANDING 0
========= CURRENT MAP =========

1 1 1                         
1 1 1 1 1 1 1 1 1 1     1 1 1 
1 1 1         1 1 1 1 1 1 9 1 
1 1 1                   7 7 1 
1 1 1                         
1 1 1                         
1 1 1       1 1 1 1 1 1 7     
1 1 * 1 1 1 1 1       1 1     
1 3 1                 1 1     
1 1 1                 1 7     

===============================
UP -- 5 2 6 2 LYING_COL 0
========= CURRENT MAP =========

1 1 1                         
1 1 1 1 1 1 1 1 1 1     1 1 1 
1 1 1         1 1 1 1 1 1 9 1 
1 1 1                   7 7 1 
1 1 1                         
1 1 *                         
1 1 *       1 1 1 1 1 1 7     
1 1 1 1 1 1 1 1       1 1     
1 3 1                 1 1     
1 1 1                 1 7     

===============================
UP -- 4 2 4 2 STANDING 0
========= CURRENT MAP =========

1 1 1                         
1 1 1 1 1 1 1 1 1 1     1 1 1 
1 1 1         1 1 1 1 1 1 9 1 
1 1 1                   7 7 1 
1 1 *                         
1 1 1                         
1 1 1       1 1 1 1 1 1 7     
1 1 1 1 1 1 1 1       1 1     
1 3 1                 1 1     
1 1 1                 1 7     

===============================
UP -- 2 2 3 2 LYING_COL 0
========= CURRENT MAP =========

1 1 1                         
1 1 1 1 1 1 1 1 1 1     1 1 1 
1 1 *         1 1 1 1 1 1 9 1 
1 1 *                   7 7 1 
1 1 1                         
1 1 1                         
1 1 1       1 1 1 1 1 1 7     
1 1 1 1 1 1 1 1       1 1     
1 3 1                 1 1     
1 1 1                 1 7     

===============================
LEFT -- 2 1 3 1 LYING_COL 0
========= CURRENT MAP =========

1 1 1                         
1 1 1 1 1 1 1 1 1 1     1 1 1 
1 * 1         1 1 1 1 1 1 9 1 
1 * 1                   7 7 1 
1 1 1                         
1 1 1                         
1 1 1       1 1 1 1 1 1 7     
1 1 1 1 1 1 1 1       1 1     
1 3 1                 1 1     
1 1 1                 1 7     

===============================
UP -- 1 1 1 1 STANDING 0
========= CURRENT MAP =========

1 1 1                         
1 * 1 1 1 1 1 1 1 1     1 1 1 
1 1 1         1 1 1 1 1 1 9 1 
1 1 1                   7 7 1 
1 1 1                         
1 1 1                         
1 1 1       1 1 1 1 1 1 7     
1 1 1 1 1 1 1 1       1 1     
1 3 1                 1 1     
1 1 1                 1 7     

===============================
RIGHT -- 1 2 1 3 LYING_ROW 0
========= CURRENT MAP =========

1 1 1                         
1 1 * * 1 1 1 1 1 1     1 1 1 
1 1 1         1 1 1 1 1 1 9 1 
1 1 1                   7 7 1 
1 1 1                         
1 1 1                         
1 1 1       1 1 1 1 1 1 7     
1 1 1 1 1 1 1 1       1 1     
1 3 1                 1 1     
1 1 1                 1 7     

===============================
RIGHT -- 1 4 1 4 STANDING 0
========= CURRENT MAP =========

1 1 1                         
1 1 1 1 * 1 1 1 1 1     1 1 1 
1 1 1         1 1 1 1 1 1 9 1 
1 1 1                   7 7 1 
1 1 1                         
1 1 1                         
1 1 1       1 1 1 1 1 1 7     
1 1 1 1 1 1 1 1       1 1     
1 3 1                 1 1     
1 1 1                 1 7     

===============================
RIGHT -- 1 5 1 6 LYING_ROW 0
========= CURRENT MAP =========

1 1 1                         
1 1 1 1 1 * * 1 1 1     1 1 1 
1 1 1         1 1 1 1 1 1 9 1 
1 1 1                   7 7 1 
1 1 1                         
1 1 1                         
1 1 1       1 1 1 1 1 1 7     
1 1 1 1 1 1 1 1       1 1     
1 3 1                 1 1     
1 1 1                 1 7     

===============================
RIGHT -- 1 7 1 7 STANDING 0
========= CURRENT MAP =========

1 1 1                         
1 1 1 1 1 1 1 * 1 1     1 1 1 
1 1 1         1 1 1 1 1 1 9 1 
1 1 1                   7 7 1 
1 1 1                         
1 1 1                         
1 1 1       1 1 1 1 1 1 7     
1 1 1 1 1 1 1 1       1 1     
1 3 1                 1 1     
1 1 1                 1 7     

===============================
RIGHT -- 1 8 1 9 LYING_ROW 0
========= CURRENT MAP =========

1 1 1                         
1 1 1 1 1 1 1 1 * *     1 1 1 
1 1 1         1 1 1 1 1 1 9 1 
1 1 1                   7 7 1 
1 1 1                         
1 1 1                         
1 1 1       1 1 1 1 1 1 7     
1 1 1 1 1 1 1 1       1 1     
1 3 1                 1 1     
1 1 1                 1 7     

===============================
DOWN -- 2 8 2 9 LYING_ROW 0
========= CURRENT MAP =========

1 1 1                         
1 1 1 1 1 1 1 1 1 1     1 1 1 
1 1 1         1 * * 1 1 1 9 1 
1 1 1                   7 7 1 
1 1 1                         
1 1 1                         
1 1 1       1 1 1 1 1 1 7     
1 1 1 1 1 1 1 1       1 1     
1 3 1                 1 1     
1 1 1                 1 7     

===============================
RIGHT -- 2 10 2 10 STANDING 0
========= CURRENT MAP =========

1 1 1                         
1 1 1 1 1 1 1 1 1 1     1 1 1 
1 1 1         1 1 1 * 1 1 9 1 
1 1 1                   7 7 1 
1 1 1                         
1 1 1                         
1 1 1       1 1 1 1 1 1 7     
1 1 1 1 1 1 1 1       1 1     
1 3 1                 1 1     
1 1 1                 1 7     

===============================
RIGHT -- 2 11 2 12 LYING_ROW 0
========= CURRENT MAP =========

1 1 1                         
1 1 1 1 1 1 1 1 1 1     1 1 1 
1 1 1         1 1 1 1 * * 9 1 
1 1 1                   7 7 1 
1 1 1                         
1 1 1                         
1 1 1       1 1 1 1 1 1 7     
1 1 1 1 1 1 1 1       1 1     
1 3 1                 1 1     
1 1 1                 1 7     

===============================
RIGHT -- 2 13 2 13 STANDING 0
========= CURRENT MAP =========

1 1 1                         
1 1 1 1 1 1 1 1 1 1     1 1 1 
1 1 1         1 1 1 1 1 1 * 1 
1 1 1                   7 7 1 
1 1 1                         
1 1 1                         
1 1 1       1 1 1 1 1 1 7     
1 1 1 1 1 1 1 1       1 1     
1 3 1                 1 1     
1 1 1                 1 7     

===============================

=========== STAT 17 ============
STATUS: SUCCESS
PROCESS TIME: 0:00:00.352957
PROCESS MEMORY: 3145728
REAL STEP: 111
VIRTUAL STEP: 4129
===============================

PRESS KEY: DLURDDDDDDDURRRRURRRLLLDLLLLUUUUUURRRRDRRRRDLURDURDLUURDLLURDLLLLULLLLDDDDDDRRRRURRRDDULULLLDLLLUUULURRRRRDRRR

