START -- 7 1 7 1 STANDING 0
========= CURRENT MAP =========

    1 1                     
    1 1 1                   
    1 1 3           1 1 1   
      1 1 1 1       1 9 1   
            1 1     1 1 1   
  1 1       1 1             
1 1 7 1 1 1 1 1             
1 * 1       1 1       1 1 1 
1 1 1       1 1 5 1 1 1 1 1 
                      1 1 1 

===============================
UP -- 5 1 6 1 LYING_COL 0
========= CURRENT MAP =========

    1 1                     
    1 1 1                   
    1 1 3           1 1 1   
      1 1 1 1       1 9 1   
            1 1     1 1 1   
  * 1       1 1             
1 * 7 1 1 1 1 1             
1 1 1       1 1       1 1 1 
1 1 1       1 1 5 1 1 1 1 1 
                      1 1 1 

===============================
RIGHT -- 5 2 6 2 LYING_COL 0
========= CURRENT MAP =========

    1 1                     
    1 1 1                   
    1 1 3           1 1 1   
      1 1 1 1       1 9 1   
            1 1     1 1 1   
  1 *       1 1             
1 1 * 1 1 1 1 1             
1 1 1       1 1       1 1 1 
1 1 1       1 1 5 1 1 1 1 1 
                      1 1 1 

===============================
DOWN -- 7 2 7 2 STANDING 0
========= CURRENT MAP =========

    1 1                     
    1 1 1                   
    1 1 3           1 1 1   
      1 1 1 1       1 9 1   
            1 1     1 1 1   
  1 1       1 1             
1 1 7 1 1 1 1 1             
1 1 *       1 1       1 1 1 
1 1 1       1 1 5 1 1 1 1 1 
                      1 1 1 

===============================
LEFT -- 7 0 7 1 LYING_ROW 0
========= CURRENT MAP =========

    1 1                     
    1 1 1                   
    1 1 3           1 1 1   
      1 1 1 1       1 9 1   
            1 1     1 1 1   
  1 1       1 1             
1 1 7 1 1 1 1 1             
* * 1       1 1       1 1 1 
1 1 1       1 1 5 1 1 1 1 1 
                      1 1 1 

===============================
UP -- 6 0 6 1 LYING_ROW 0
========= CURRENT MAP =========

    1 1                     
    1 1 1                   
    1 1 3           1 1 1   
      1 1 1 1       1 9 1   
            1 1     1 1 1   
  1 1       1 1             
* * 7 1 1 1 1 1             
1 1 1       1 1       1 1 1 
1 1 1       1 1 5 1 1 1 1 1 
                      1 1 1 

===============================
RIGHT -- 6 2 6 2 STANDING 0
========= CURRENT MAP =========

    1 1                     
    1 1 1                   
    1 1 3           1 1 1   
      1 1 1 1       1 9 1   
            1 1 1 1 1 1 1   
  1 1       1 1             
1 1 * 1 1 1 1 1             
1 1 1       1 1       1 1 1 
1 1 1       1 1 5 1 1 1 1 1 
                      1 1 1 

===============================
DOWN -- 7 2 8 2 LYING_COL 0
========= CURRENT MAP =========

    1 1                     
    1 1 1                   
    1 1 3           1 1 1   
      1 1 1 1       1 9 1   
            1 1 1 1 1 1 1   
  1 1       1 1             
1 1 7 1 1 1 1 1             
1 1 *       1 1       1 1 1 
1 1 *       1 1 5 1 1 1 1 1 
                      1 1 1 

===============================
LEFT -- 7 1 8 1 LYING_COL 0
========= CURRENT MAP =========

    1 1                     
    1 1 1                   
    1 1 3           1 1 1   
      1 1 1 1       1 9 1   
            1 1 1 1 1 1 1   
  1 1       1 1             
1 1 7 1 1 1 1 1             
1 * 1       1 1       1 1 1 
1 * 1       1 1 5 1 1 1 1 1 
                      1 1 1 

===============================
UP -- 6 1 6 1 STANDING 0
========= CURRENT MAP =========

    1 1                     
    1 1 1                   
    1 1 3           1 1 1   
      1 1 1 1       1 9 1   
            1 1 1 1 1 1 1   
  1 1       1 1             
1 * 7 1 1 1 1 1             
1 1 1       1 1       1 1 1 
1 1 1       1 1 5 1 1 1 1 1 
                      1 1 1 

===============================
RIGHT -- 6 2 6 3 LYING_ROW 0
========= CURRENT MAP =========

    1 1                     
    1 1 1                   
    1 1 3           1 1 1   
      1 1 1 1       1 9 1   
            1 1 1 1 1 1 1   
  1 1       1 1             
1 1 * * 1 1 1 1             
1 1 1       1 1       1 1 1 
1 1 1       1 1 5 1 1 1 1 1 
                      1 1 1 

===============================
RIGHT -- 6 4 6 4 STANDING 0
========= CURRENT MAP =========

    1 1                     
    1 1 1                   
    1 1 3           1 1 1   
      1 1 1 1       1 9 1   
            1 1 1 1 1 1 1   
  1 1       1 1             
1 1 7 1 * 1 1 1             
1 1 1       1 1       1 1 1 
1 1 1       1 1 5 1 1 1 1 1 
                      1 1 1 

===============================
RIGHT -- 6 5 6 6 LYING_ROW 0
========= CURRENT MAP =========

    1 1                     
    1 1 1                   
    1 1 3           1 1 1   
      1 1 1 1       1 9 1   
            1 1 1 1 1 1 1   
  1 1       1 1             
1 1 7 1 1 * * 1             
1 1 1       1 1       1 1 1 
1 1 1       1 1 5 1 1 1 1 1 
                      1 1 1 

===============================
RIGHT -- 6 7 6 7 STANDING 0
========= CURRENT MAP =========

    1 1                     
    1 1 1                   
    1 1 3           1 1 1   
      1 1 1 1       1 9 1   
            1 1 1 1 1 1 1   
  1 1       1 1             
1 1 7 1 1 1 1 *             
1 1 1       1 1       1 1 1 
1 1 1       1 1 5 1 1 1 1 1 
                      1 1 1 

===============================
UP -- 4 7 5 7 LYING_COL 0
========= CURRENT MAP =========

    1 1                     
    1 1 1                   
    1 1 3           1 1 1   
      1 1 1 1       1 9 1   
            1 * 1 1 1 1 1   
  1 1       1 *             
1 1 7 1 1 1 1 1             
1 1 1       1 1       1 1 1 
1 1 1       1 1 5 1 1 1 1 1 
                      1 1 1 

===============================
LEFT -- 4 6 5 6 LYING_COL 0
========= CURRENT MAP =========

    1 1                     
    1 1 1                   
    1 1 3           1 1 1   
      1 1 1 1       1 9 1   
            * 1 1 1 1 1 1   
  1 1       * 1             
1 1 7 1 1 1 1 1             
1 1 1       1 1       1 1 1 
1 1 1       1 1 5 1 1 1 1 1 
                      1 1 1 

===============================
UP -- 3 6 3 6 STANDING 0
========= CURRENT MAP =========

    1 1                     
    1 1 1                   
    1 1 3           1 1 1   
      1 1 1 *       1 9 1   
            1 1 1 1 1 1 1   
  1 1       1 1             
1 1 7 1 1 1 1 1             
1 1 1       1 1       1 1 1 
1 1 1       1 1 5 1 1 1 1 1 
                      1 1 1 

===============================
LEFT -- 3 4 3 5 LYING_ROW 0
========= CURRENT MAP =========

    1 1                     
    1 1 1                   
    1 1 3           1 1 1   
      1 * * 1       1 9 1   
            1 1 1 1 1 1 1   
  1 1       1 1             
1 1 7 1 1 1 1 1             
1 1 1       1 1       1 1 1 
1 1 1       1 1 5 1 1 1 1 1 
                      1 1 1 

===============================
LEFT -- 3 3 3 3 STANDING 0
========= CURRENT MAP =========

    1 1                     
    1 1 1                   
    1 1 3           1 1 1   
      * 1 1 1       1 9 1   
            1 1 1 1 1 1 1   
  1 1       1 1             
1 1 7 1 1 1 1 1             
1 1 1       1 1       1 1 1 
1 1 1       1 1 5 1 1 1 1 1 
                      1 1 1 

===============================
UP -- 1 3 2 3 LYING_COL 0
========= CURRENT MAP =========

    1 1                     
    1 * 1                   
    1 * 3           1 1 1   
      1 1 1 1       1 9 1   
            1 1 1 1 1 1 1   
  1 1       1 1             
1 1 7 1 1 1 1 1             
1 1 1       1 1       1 1 1 
1 1 1       1 1 5 1 1 1 1 1 
                      1 1 1 

===============================
RIGHT -- 1 4 2 4 LYING_COL 0
========= CURRENT MAP =========

    1 1                     
    1 1 *                   
    1 1 *           1 1 1 1 
      1 1 1 1       1 9 1 1 
            1 1     1 1 1   
  1 1       1 1             
1 1 7 1 1 1 1 1             
1 1 1       1 1       1 1 1 
1 1 1       1 1 5 1 1 1 1 1 
                      1 1 1 

===============================
LEFT -- 1 3 2 3 LYING_COL 0
========= CURRENT MAP =========

    1 1                     
    1 * 1                   
    1 * 3           1 1 1 1 
      1 1 1 1       1 9 1 1 
            1 1     1 1 1   
  1 1       1 1             
1 1 7 1 1 1 1 1             
1 1 1       1 1       1 1 1 
1 1 1       1 1 5 1 1 1 1 1 
                      1 1 1 

===============================
DOWN -- 3 3 3 3 STANDING 0
========= CURRENT MAP =========

    1 1                     
    1 1 1                   
    1 1 3           1 1 1 1 
      * 1 1 1       1 9 1 1 
            1 1     1 1 1   
  1 1       1 1             
1 1 7 1 1 1 1 1             
1 1 1       1 1       1 1 1 
1 1 1       1 1 5 1 1 1 1 1 
                      1 1 1 

===============================
RIGHT -- 3 4 3 5 LYING_ROW 0
========= CURRENT MAP =========

    1 1                     
    1 1 1                   
    1 1 3           1 1 1 1 
      1 * * 1       1 9 1 1 
            1 1     1 1 1   
  1 1       1 1             
1 1 7 1 1 1 1 1             
1 1 1       1 1       1 1 1 
1 1 1       1 1 5 1 1 1 1 1 
                      1 1 1 

===============================
RIGHT -- 3 6 3 6 STANDING 0
========= CURRENT MAP =========

    1 1                     
    1 1 1                   
    1 1 3           1 1 1 1 
      1 1 1 *       1 9 1 1 
            1 1     1 1 1   
  1 1       1 1             
1 1 7 1 1 1 1 1             
1 1 1       1 1       1 1 1 
1 1 1       1 1 5 1 1 1 1 1 
                      1 1 1 

===============================
DOWN -- 4 6 5 6 LYING_COL 0
========= CURRENT MAP =========

    1 1                     
    1 1 1                   
    1 1 3           1 1 1 1 
      1 1 1 1       1 9 1 1 
            * 1     1 1 1   
  1 1       * 1             
1 1 7 1 1 1 1 1             
1 1 1       1 1       1 1 1 
1 1 1       1 1 5 1 1 1 1 1 
                      1 1 1 

===============================
RIGHT -- 4 7 5 7 LYING_COL 0
========= CURRENT MAP =========

    1 1                     
    1 1 1                   
    1 1 3           1 1 1 1 
      1 1 1 1       1 9 1 1 
            1 *     1 1 1   
  1 1       1 *             
1 1 7 1 1 1 1 1             
1 1 1       1 1       1 1 1 
1 1 1       1 1 5 1 1 1 1 1 
                      1 1 1 

===============================
DOWN -- 6 7 6 7 STANDING 0
========= CURRENT MAP =========

    1 1                     
    1 1 1                   
    1 1 3           1 1 1 1 
      1 1 1 1       1 9 1 1 
            1 1     1 1 1   
  1 1       1 1             
1 1 7 1 1 1 1 *             
1 1 1       1 1       1 1 1 
1 1 1       1 1 5 1 1 1 1 1 
                      1 1 1 

===============================
LEFT -- 6 5 6 6 LYING_ROW 0
========= CURRENT MAP =========

    1 1                     
    1 1 1                   
    1 1 3           1 1 1 1 
      1 1 1 1       1 9 1 1 
            1 1     1 1 1   
  1 1       1 1             
1 1 7 1 1 * * 1             
1 1 1       1 1       1 1 1 
1 1 1       1 1 5 1 1 1 1 1 
                      1 1 1 

===============================
LEFT -- 6 4 6 4 STANDING 0
========= CURRENT MAP =========

    1 1                     
    1 1 1                   
    1 1 3           1 1 1 1 
      1 1 1 1       1 9 1 1 
            1 1     1 1 1   
  1 1       1 1             
1 1 7 1 * 1 1 1             
1 1 1       1 1       1 1 1 
1 1 1       1 1 5 1 1 1 1 1 
                      1 1 1 

===============================
LEFT -- 6 2 6 3 LYING_ROW 0
========= CURRENT MAP =========

    1 1                     
    1 1 1                   
    1 1 3           1 1 1 1 
      1 1 1 1       1 9 1 1 
            1 1     1 1 1   
  1 1       1 1             
1 1 * * 1 1 1 1             
1 1 1       1 1       1 1 1 
1 1 1       1 1 5 1 1 1 1 1 
                      1 1 1 

===============================
LEFT -- 6 1 6 1 STANDING 0
========= CURRENT MAP =========

    1 1                     
    1 1 1                   
    1 1 3           1 1 1 1 
      1 1 1 1       1 9 1 1 
            1 1     1 1 1   
  1 1       1 1             
1 * 7 1 1 1 1 1             
1 1 1       1 1       1 1 1 
1 1 1       1 1 5 1 1 1 1 1 
                      1 1 1 

===============================
DOWN -- 7 1 8 1 LYING_COL 0
========= CURRENT MAP =========

    1 1                     
    1 1 1                   
    1 1 3           1 1 1 1 
      1 1 1 1       1 9 1 1 
            1 1     1 1 1   
  1 1       1 1             
1 1 7 1 1 1 1 1             
1 * 1       1 1       1 1 1 
1 * 1       1 1 5 1 1 1 1 1 
                      1 1 1 

===============================
RIGHT -- 7 2 8 2 LYING_COL 0
========= CURRENT MAP =========

    1 1                     
    1 1 1                   
    1 1 3           1 1 1 1 
      1 1 1 1       1 9 1 1 
            1 1     1 1 1   
  1 1       1 1             
1 1 7 1 1 1 1 1             
1 1 *       1 1       1 1 1 
1 1 *       1 1 5 1 1 1 1 1 
                      1 1 1 

===============================
UP -- 6 2 6 2 STANDING 0
========= CURRENT MAP =========

    1 1                     
    1 1 1                   
    1 1 3           1 1 1 1 
      1 1 1 1       1 9 1 1 
            1 1 1 1 1 1 1   
  1 1       1 1             
1 1 * 1 1 1 1 1             
1 1 1       1 1       1 1 1 
1 1 1       1 1 5 1 1 1 1 1 
                      1 1 1 

===============================
RIGHT -- 6 3 6 4 LYING_ROW 0
========= CURRENT MAP =========

    1 1                     
    1 1 1                   
    1 1 3           1 1 1 1 
      1 1 1 1       1 9 1 1 
            1 1 1 1 1 1 1   
  1 1       1 1             
1 1 7 * * 1 1 1             
1 1 1       1 1       1 1 1 
1 1 1       1 1 5 1 1 1 1 1 
                      1 1 1 

===============================
RIGHT -- 6 5 6 5 STANDING 0
========= CURRENT MAP =========

    1 1                     
    1 1 1                   
    1 1 3           1 1 1 1 
      1 1 1 1       1 9 1 1 
            1 1 1 1 1 1 1   
  1 1       1 1             
1 1 7 1 1 * 1 1             
1 1 1       1 1       1 1 1 
1 1 1       1 1 5 1 1 1 1 1 
                      1 1 1 

===============================
RIGHT -- 6 6 6 7 LYING_ROW 0
========= CURRENT MAP =========

    1 1                     
    1 1 1                   
    1 1 3           1 1 1 1 
      1 1 1 1       1 9 1 1 
            1 1 1 1 1 1 1   
  1 1       1 1             
1 1 7 1 1 1 * *             
1 1 1       1 1       1 1 1 
1 1 1       1 1 5 1 1 1 1 1 
                      1 1 1 

===============================
UP -- 5 6 5 7 LYING_ROW 0
========= CURRENT MAP =========

    1 1                     
    1 1 1                   
    1 1 3           1 1 1 1 
      1 1 1 1       1 9 1 1 
            1 1 1 1 1 1 1   
  1 1       * *             
1 1 7 1 1 1 1 1             
1 1 1       1 1       1 1 1 
1 1 1       1 1 5 1 1 1 1 1 
                      1 1 1 

===============================
UP -- 4 6 4 7 LYING_ROW 0
========= CURRENT MAP =========

    1 1                     
    1 1 1                   
    1 1 3           1 1 1 1 
      1 1 1 1       1 9 1 1 
            * * 1 1 1 1 1   
  1 1       1 1             
1 1 7 1 1 1 1 1             
1 1 1       1 1       1 1 1 
1 1 1       1 1 5 1 1 1 1 1 
                      1 1 1 

===============================
RIGHT -- 4 8 4 8 STANDING 0
========= CURRENT MAP =========

    1 1                     
    1 1 1                   
    1 1 3           1 1 1 1 
      1 1 1 1       1 9 1 1 
            1 1 * 1 1 1 1   
  1 1       1 1             
1 1 7 1 1 1 1 1             
1 1 1       1 1       1 1 1 
1 1 1       1 1 5 1 1 1 1 1 
                      1 1 1 

===============================
RIGHT -- 4 9 4 10 LYING_ROW 0
========= CURRENT MAP =========

    1 1                     
    1 1 1                   
    1 1 3           1 1 1 1 
      1 1 1 1       1 9 1 1 
            1 1 1 * * 1 1   
  1 1       1 1             
1 1 7 1 1 1 1 1             
1 1 1       1 1       1 1 1 
1 1 1       1 1 5 1 1 1 1 1 
                      1 1 1 

===============================
RIGHT -- 4 11 4 11 STANDING 0
========= CURRENT MAP =========

    1 1                     
    1 1 1                   
    1 1 3           1 1 1 1 
      1 1 1 1       1 9 1 1 
            1 1 1 1 1 * 1   
  1 1       1 1             
1 1 7 1 1 1 1 1             
1 1 1       1 1       1 1 1 
1 1 1       1 1 5 1 1 1 1 1 
                      1 1 1 

===============================
UP -- 2 11 3 11 LYING_COL 0
========= CURRENT MAP =========

    1 1                     
    1 1 1                   
    1 1 3           1 * 1 1 
      1 1 1 1       1 * 1 1 
            1 1 1 1 1 1 1   
  1 1       1 1             
1 1 7 1 1 1 1 1             
1 1 1       1 1       1 1 1 
1 1 1       1 1 5 1 1 1 1 1 
                      1 1 1 

===============================
LEFT -- 2 10 3 10 LYING_COL 0
========= CURRENT MAP =========

    1 1                     
    1 1 1                   
    1 1 3           * 1 1 1 
      1 1 1 1       * 9 1 1 
            1 1 1 1 1 1 1   
  1 1       1 1             
1 1 7 1 1 1 1 1             
1 1 1       1 1       1 1 1 
1 1 1       1 1 5 1 1 1 1 1 
                      1 1 1 

===============================
DOWN -- 4 10 4 10 STANDING 0
========= CURRENT MAP =========

    1 1                     
    1 1 1                   
    1 1 3           1 1 1 1 
      1 1 1 1       1 9 1 1 
            1 1 1 1 * 1 1   
  1 1       1 1             
1 1 7 1 1 1 1 1             
1 1 1       1 1       1 1 1 
1 1 1       1 1 5 1 1 1 1 1 
                      1 1 1 

===============================
RIGHT -- 4 11 4 12 LYING_ROW 0
========= CURRENT MAP =========

    1 1                     
    1 1 1                   
    1 1 3           1 1 1 1 
      1 1 1 1       1 9 1 1 
            1 1 1 1 1 * *   
  1 1       1 1             
1 1 7 1 1 1 1 1             
1 1 1       1 1       1 1 1 
1 1 1       1 1 5 1 1 1 1 1 
                      1 1 1 

===============================
UP -- 3 11 3 12 LYING_ROW 0
========= CURRENT MAP =========

    1 1                     
    1 1 1                   
    1 1 3           1 1 1 1 
      1 1 1 1       1 * * 1 
            1 1 1 1 1 1 1   
  1 1       1 1             
1 1 7 1 1 1 1 1             
1 1 1       1 1       1 1 1 
1 1 1       1 1 5 1 1 1 1 1 
                      1 1 1 

===============================
UP -- 2 11 2 12 LYING_ROW 0
========= CURRENT MAP =========

    1 1                     
    1 1 1                   
    1 1 3           1 * * 1 
      1 1 1 1       1 9 1 1 
            1 1 1 1 1 1 1   
  1 1       1 1             
1 1 7 1 1 1 1 1             
1 1 1       1 1       1 1 1 
1 1 1       1 1 5 1 1 1 1 1 
                      1 1 1 

===============================
LEFT -- 2 10 2 10 STANDING 0
========= CURRENT MAP =========

    1 1                     
    1 1 1                   
    1 1 3           * 1 1 1 
      1 1 1 1       1 9 1 1 
            1 1 1 1 1 1 1   
  1 1       1 1             
1 1 7 1 1 1 1 1             
1 1 1       1 1       1 1 1 
1 1 1       1 1 5 1 1 1 1 1 
                      1 1 1 

===============================
DOWN -- 3 10 4 10 LYING_COL 0
========= CURRENT MAP =========

    1 1                     
    1 1 1                   
    1 1 3           1 1 1 1 
      1 1 1 1       * 9 1 1 
            1 1 1 1 * 1 1   
  1 1       1 1             
1 1 7 1 1 1 1 1             
1 1 1       1 1       1 1 1 
1 1 1       1 1 5 1 1 1 1 1 
                      1 1 1 

===============================
RIGHT -- 3 11 4 11 LYING_COL 0
========= CURRENT MAP =========

    1 1                     
    1 1 1                   
    1 1 3           1 1 1 1 
      1 1 1 1       1 * 1 1 
            1 1 1 1 1 * 1   
  1 1       1 1             
1 1 7 1 1 1 1 1             
1 1 1       1 1       1 1 1 
1 1 1       1 1 5 1 1 1 1 1 
                      1 1 1 

===============================
UP -- 2 11 2 11 STANDING 0
========= CURRENT MAP =========

    1 1                     
    1 1 1                   
    1 1 3           1 * 1 1 
      1 1 1 1       1 9 1 1 
            1 1 1 1 1 1 1   
  1 1       1 1             
1 1 7 1 1 1 1 1             
1 1 1       1 1       1 1 1 
1 1 1       1 1 5 1 1 1 1 1 
                      1 1 1 

===============================
RIGHT -- 2 12 2 13 LYING_ROW 0
========= CURRENT MAP =========

    1 1                     
    1 1 1                   
    1 1 3           1 1 * * 
      1 1 1 1       1 9 1 1 
            1 1 1 1 1 1 1   
  1 1       1 1             
1 1 7 1 1 1 1 1             
1 1 1       1 1       1 1 1 
1 1 1       1 1 5 1 1 1 1 1 
                      1 1 1 

===============================
DOWN -- 3 12 3 13 LYING_ROW 0
========= CURRENT MAP =========

    1 1                     
    1 1 1                   
    1 1 3           1 1 1 1 
      1 1 1 1       1 9 * * 
            1 1 1 1 1 1 1   
  1 1       1 1             
1 1 7 1 1 1 1 1             
1 1 1       1 1       1 1 1 
1 1 1       1 1 5 1 1 1 1 1 
                      1 1 1 

===============================
LEFT -- 3 11 3 11 STANDING 0
========= CURRENT MAP =========

    1 1                     
    1 1 1                   
    1 1 3           1 1 1 1 
      1 1 1 1       1 * 1 1 
            1 1 1 1 1 1 1   
  1 1       1 1             
1 1 7 1 1 1 1 1             
1 1 1       1 1       1 1 1 
1 1 1       1 1 5 1 1 1 1 1 
                      1 1 1 

===============================

=========== STAT 25 ============
STATUS: SUCCESS
PROCESS TIME: 0:00:00.072024
PROCESS MEMORY: 851968
REAL STEP: 56
VIRTUAL STEP: 1233
===============================

PRESS KEY: URDLURDLURRRRULULLURLDRRDRDLLLLDRURRRUURRRULDRUULDRURDL

