START -- 4 2 4 2 STANDING 0
========= CURRENT MAP =========

      1 1 1 1 1 2 2 1 1 1 1   
      1 9 1 1           2 1   
      1 1 1             2 1 7 
              2 1 1 1 1 1 1 1 
    *         2 2           1 
  7 1 2       2 2           1 
2 2 2 2       1 1         1 1 
2 2 2 1 2 1 2 2 1 2     6 1   
1 2 2 2 2 2 2 2 2 2 2 2 1     
  2 1 2 2 2     2 2 2 2 1     

===============================
DOWN -- 5 2 6 2 LYING_COL 0
========= CURRENT MAP =========

      1 1 1 1 1 2 2 1 1 1 1   
      1 9 1 1           2 1   
      1 1 1             2 1 7 
              2 1 1 1 1 1 1 1 
    1         2 2           1 
  7 * 2       2 2           1 
2 2 * 2       1 1         1 1 
2 2 2 1 2 1 2 2 1 2     6 1   
1 2 2 2 2 2 2 2 2 2 2 2 1     
  2 1 2 2 2     2 2 2 2 1     

===============================
RIGHT -- 5 3 6 3 LYING_COL 0
========= CURRENT MAP =========

      1 1 1 1 1 2 2 1 1 1 1   
      1 9 1 1           2 1   
      1 1 1             2 1 7 
              2 1 1 1 1 1 1 1 
    1         2 2           1 
  7 1 *       2 2           1 
2 2 2 *       1 1         1 1 
2 2 2 1 2 1 2 2 1 2     6 1   
1 2 2 2 2 2 2 2 2 2 2 2 1     
  2 1 2 2 2     2 2 2 2 1     

===============================
DOWN -- 7 3 7 3 STANDING 0
========= CURRENT MAP =========

      1 1 1 1 1 2 2 1 1 1 1   
      1 9 1 1           2 1   
      1 1 1             2 1 7 
              2 1 1 1 1 1 1 1 
    1         2 2           1 
  7 1 2       2 2           1 
2 2 2 2       1 1         1 1 
2 2 2 * 2 1 2 2 1 2     6 1   
1 2 2 2 2 2 2 2 2 2 2 2 1     
  2 1 2 2 2     2 2 2 2 1     

===============================
DOWN -- 8 3 9 3 LYING_COL 0
========= CURRENT MAP =========

      1 1 1 1 1 2 2 1 1 1 1   
      1 9 1 1           2 1   
      1 1 1             2 1 7 
              2 1 1 1 1 1 1 1 
    1         2 2           1 
  7 1 2       2 2           1 
2 2 2 2       1 1         1 1 
2 2 2 1 2 1 2 2 1 2     6 1   
1 2 2 * 2 2 2 2 2 2 2 2 1     
  2 1 * 2 2     2 2 2 2 1     

===============================
RIGHT -- 8 4 9 4 LYING_COL 0
========= CURRENT MAP =========

      1 1 1 1 1 2 2 1 1 1 1   
      1 9 1 1           2 1   
      1 1 1             2 1 7 
              2 1 1 1 1 1 1 1 
    1         2 2           1 
  7 1 2       2 2           1 
2 2 2 2       1 1         1 1 
2 2 2 1 2 1 2 2 1 2     6 1   
1 2 2 2 * 2 2 2 2 2 2 2 1     
  2 1 2 * 2     2 2 2 2 1     

===============================
RIGHT -- 8 5 9 5 LYING_COL 0
========= CURRENT MAP =========

      1 1 1 1 1 2 2 1 1 1 1   
      1 9 1 1           2 1   
      1 1 1             2 1 7 
              2 1 1 1 1 1 1 1 
    1         2 2           1 
  7 1 2       2 2           1 
2 2 2 2       1 1         1 1 
2 2 2 1 2 1 2 2 1 2     6 1   
1 2 2 2 2 * 2 2 2 2 2 2 1     
  2 1 2 2 *     2 2 2 2 1     

===============================
UP -- 7 5 7 5 STANDING 0
========= CURRENT MAP =========

      1 1 1 1 1 2 2 1 1 1 1   
      1 9 1 1           2 1   
      1 1 1             2 1 7 
              2 1 1 1 1 1 1 1 
    1         2 2           1 
  7 1 2       2 2           1 
2 2 2 2       1 1         1 1 
2 2 2 1 2 * 2 2 1 2     6 1   
1 2 2 2 2 2 2 2 2 2 2 2 1     
  2 1 2 2 2     2 2 2 2 1     

===============================
RIGHT -- 7 6 7 7 LYING_ROW 0
========= CURRENT MAP =========

      1 1 1 1 1 2 2 1 1 1 1   
      1 9 1 1           2 1   
      1 1 1             2 1 7 
              2 1 1 1 1 1 1 1 
    1         2 2           1 
  7 1 2       2 2           1 
2 2 2 2       1 1         1 1 
2 2 2 1 2 1 * * 1 2     6 1   
1 2 2 2 2 2 2 2 2 2 2 2 1     
  2 1 2 2 2     2 2 2 2 1     

===============================
RIGHT -- 7 8 7 8 STANDING 0
========= CURRENT MAP =========

      1 1 1 1 1 2 2 1 1 1 1   
      1 9 1 1           2 1   
      1 1 1             2 1 7 
              2 1 1 1 1 1 1 1 
    1         2 2           1 
  7 1 2       2 2           1 
2 2 2 2       1 1         1 1 
2 2 2 1 2 1 2 2 * 2     6 1   
1 2 2 2 2 2 2 2 2 2 2 2 1     
  2 1 2 2 2     2 2 2 2 1     

===============================
DOWN -- 8 8 9 8 LYING_COL 0
========= CURRENT MAP =========

      1 1 1 1 1 2 2 1 1 1 1   
      1 9 1 1           2 1   
      1 1 1             2 1 7 
              2 1 1 1 1 1 1 1 
    1         2 2           1 
  7 1 2       2 2           1 
2 2 2 2       1 1         1 1 
2 2 2 1 2 1 2 2 1 2     6 1   
1 2 2 2 2 2 2 2 * 2 2 2 1     
  2 1 2 2 2     * 2 2 2 1     

===============================
RIGHT -- 8 9 9 9 LYING_COL 0
========= CURRENT MAP =========

      1 1 1 1 1 2 2 1 1 1 1   
      1 9 1 1           2 1   
      1 1 1             2 1 7 
              2 1 1 1 1 1 1 1 
    1         2 2           1 
  7 1 2       2 2           1 
2 2 2 2       1 1         1 1 
2 2 2 1 2 1 2 2 1 2     6 1   
1 2 2 2 2 2 2 2 2 * 2 2 1     
  2 1 2 2 2     2 * 2 2 1     

===============================
RIGHT -- 8 10 9 10 LYING_COL 0
========= CURRENT MAP =========

      1 1 1 1 1 2 2 1 1 1 1   
      1 9 1 1           2 1   
      1 1 1             2 1 7 
              2 1 1 1 1 1 1 1 
    1         2 2           1 
  7 1 2       2 2           1 
2 2 2 2       1 1         1 1 
2 2 2 1 2 1 2 2 1 2     6 1   
1 2 2 2 2 2 2 2 2 2 * 2 1     
  2 1 2 2 2     2 2 * 2 1     

===============================
RIGHT -- 8 11 9 11 LYING_COL 0
========= CURRENT MAP =========

      1 1 1 1 1 2 2 1 1 1 1   
      1 9 1 1           2 1   
      1 1 1             2 1 7 
              2 1 1 1 1 1 1 1 
    1         2 2           1 
  7 1 2       2 2           1 
2 2 2 2       1 1         1 1 
2 2 2 1 2 1 2 2 1 2     6 1   
1 2 2 2 2 2 2 2 2 2 2 * 1     
  2 1 2 2 2     2 2 2 * 1     

===============================
RIGHT -- 8 12 9 12 LYING_COL 0
========= CURRENT MAP =========

      1 1 1 1 1 2 2 1 1 1 1   
      1 9 1 1           2 1   
      1 1 1             2 1 7 
              2 1 1 1 1 1 1 1 
    1         2 2           1 
  7 1 2       2 2           1 
2 2 2 2       1 1         1 1 
2 2 2 1 2 1 2 2 1 2     6 1   
1 2 2 2 2 2 2 2 2 2 2 2 *     
  2 1 2 2 2     2 2 2 2 *     

===============================
UP -- 7 12 7 12 STANDING 0
========= CURRENT MAP =========

      1 1 1 1 1 2 2 1 1 1 1   
      1 9 1 1           2 1   
      1 1 1             2 1 7 
              2 1 1 1 1 1 1 1 
    1         2 2           1 
  7 1 2       2 2           1 
2 2 2 2       1 1         1 1 
2 2 2 1 2 1 2 2 1 2     * 1 1 
1 2 2 2 2 2 2 2 2 2 2 2 1     
  2 1 2 2 2     2 2 2 2 1     

===============================
DOWN -- 8 12 9 12 LYING_COL 0
========= CURRENT MAP =========

      1 1 1 1 1 2 2 1 1 1 1   
      1 9 1 1           2 1   
      1 1 1             2 1 7 
              2 1 1 1 1 1 1 1 
    1         2 2           1 
  7 1 2       2 2           1 
2 2 2 2       1 1         1 1 
2 2 2 1 2 1 2 2 1 2     6 1 1 
1 2 2 2 2 2 2 2 2 2 2 2 *     
  2 1 2 2 2     2 2 2 2 *     

===============================
LEFT -- 8 11 9 11 LYING_COL 0
========= CURRENT MAP =========

      1 1 1 1 1 2 2 1 1 1 1   
      1 9 1 1           2 1   
      1 1 1             2 1 7 
              2 1 1 1 1 1 1 1 
    1         2 2           1 
  7 1 2       2 2           1 
2 2 2 2       1 1         1 1 
2 2 2 1 2 1 2 2 1 2     6 1 1 
1 2 2 2 2 2 2 2 2 2 2 * 1     
  2 1 2 2 2     2 2 2 * 1     

===============================
LEFT -- 8 10 9 10 LYING_COL 0
========= CURRENT MAP =========

      1 1 1 1 1 2 2 1 1 1 1   
      1 9 1 1           2 1   
      1 1 1             2 1 7 
              2 1 1 1 1 1 1 1 
    1         2 2           1 
  7 1 2       2 2           1 
2 2 2 2       1 1         1 1 
2 2 2 1 2 1 2 2 1 2     6 1 1 
1 2 2 2 2 2 2 2 2 2 * 2 1     
  2 1 2 2 2     2 2 * 2 1     

===============================
LEFT -- 8 9 9 9 LYING_COL 0
========= CURRENT MAP =========

      1 1 1 1 1 2 2 1 1 1 1   
      1 9 1 1           2 1   
      1 1 1             2 1 7 
              2 1 1 1 1 1 1 1 
    1         2 2           1 
  7 1 2       2 2           1 
2 2 2 2       1 1         1 1 
2 2 2 1 2 1 2 2 1 2     6 1 1 
1 2 2 2 2 2 2 2 2 * 2 2 1     
  2 1 2 2 2     2 * 2 2 1     

===============================
LEFT -- 8 8 9 8 LYING_COL 0
========= CURRENT MAP =========

      1 1 1 1 1 2 2 1 1 1 1   
      1 9 1 1           2 1   
      1 1 1             2 1 7 
              2 1 1 1 1 1 1 1 
    1         2 2           1 
  7 1 2       2 2           1 
2 2 2 2       1 1         1 1 
2 2 2 1 2 1 2 2 1 2     6 1 1 
1 2 2 2 2 2 2 2 * 2 2 2 1     
  2 1 2 2 2     * 2 2 2 1     

===============================
UP -- 7 8 7 8 STANDING 0
========= CURRENT MAP =========

      1 1 1 1 1 2 2 1 1 1 1   
      1 9 1 1           2 1   
      1 1 1             2 1 7 
              2 1 1 1 1 1 1 1 
    1         2 2           1 
  7 1 2       2 2           1 
2 2 2 2       1 1         1 1 
2 2 2 1 2 1 2 2 * 2     6 1 1 
1 2 2 2 2 2 2 2 2 2 2 2 1     
  2 1 2 2 2     2 2 2 2 1     

===============================
LEFT -- 7 6 7 7 LYING_ROW 0
========= CURRENT MAP =========

      1 1 1 1 1 2 2 1 1 1 1   
      1 9 1 1           2 1   
      1 1 1             2 1 7 
              2 1 1 1 1 1 1 1 
    1         2 2           1 
  7 1 2       2 2           1 
2 2 2 2       1 1         1 1 
2 2 2 1 2 1 * * 1 2     6 1 1 
1 2 2 2 2 2 2 2 2 2 2 2 1     
  2 1 2 2 2     2 2 2 2 1     

===============================
LEFT -- 7 5 7 5 STANDING 0
========= CURRENT MAP =========

      1 1 1 1 1 2 2 1 1 1 1   
      1 9 1 1           2 1   
      1 1 1             2 1 7 
              2 1 1 1 1 1 1 1 
    1         2 2           1 
  7 1 2       2 2           1 
2 2 2 2       1 1         1 1 
2 2 2 1 2 * 2 2 1 2     6 1 1 
1 2 2 2 2 2 2 2 2 2 2 2 1     
  2 1 2 2 2     2 2 2 2 1     

===============================
LEFT -- 7 3 7 4 LYING_ROW 0
========= CURRENT MAP =========

      1 1 1 1 1 2 2 1 1 1 1   
      1 9 1 1           2 1   
      1 1 1             2 1 7 
              2 1 1 1 1 1 1 1 
    1         2 2           1 
  7 1 2       2 2           1 
2 2 2 2       1 1         1 1 
2 2 2 * * 1 2 2 1 2     6 1 1 
1 2 2 2 2 2 2 2 2 2 2 2 1     
  2 1 2 2 2     2 2 2 2 1     

===============================
DOWN -- 8 3 8 4 LYING_ROW 0
========= CURRENT MAP =========

      1 1 1 1 1 2 2 1 1 1 1   
      1 9 1 1           2 1   
      1 1 1             2 1 7 
              2 1 1 1 1 1 1 1 
    1         2 2           1 
  7 1 2       2 2           1 
2 2 2 2       1 1         1 1 
2 2 2 1 2 1 2 2 1 2     6 1 1 
1 2 2 * * 2 2 2 2 2 2 2 1     
  2 1 2 2 2     2 2 2 2 1     

===============================
DOWN -- 9 3 9 4 LYING_ROW 0
========= CURRENT MAP =========

      1 1 1 1 1 2 2 1 1 1 1   
      1 9 1 1           2 1   
      1 1 1             2 1 7 
              2 1 1 1 1 1 1 1 
    1         2 2           1 
  7 1 2       2 2           1 
2 2 2 2       1 1         1 1 
2 2 2 1 2 1 2 2 1 2     6 1 1 
1 2 2 2 2 2 2 2 2 2 2 2 1     
  2 1 * * 2     2 2 2 2 1     

===============================
LEFT -- 9 2 9 2 STANDING 0
========= CURRENT MAP =========

      1 1 1 1 1 2 2 1 1 1 1   
      1 9 1 1           2 1   
      1 1 1             2 1 7 
              2 1 1 1 1 1 1 1 
    1         2 2           1 
  7 1 2       2 2           1 
2 2 2 2       1 1         1 1 
2 2 2 1 2 1 2 2 1 2     6 1 1 
1 2 2 2 2 2 2 2 2 2 2 2 1     
  2 * 2 2 2     2 2 2 2 1     

===============================
UP -- 7 2 8 2 LYING_COL 0
========= CURRENT MAP =========

      1 1 1 1 1 2 2 1 1 1 1   
      1 9 1 1           2 1   
      1 1 1             2 1 7 
              2 1 1 1 1 1 1 1 
    1         2 2           1 
  7 1 2       2 2           1 
2 2 2 2       1 1         1 1 
2 2 * 1 2 1 2 2 1 2     6 1 1 
1 2 * 2 2 2 2 2 2 2 2 2 1     
  2 1 2 2 2     2 2 2 2 1     

===============================
RIGHT -- 7 3 8 3 LYING_COL 0
========= CURRENT MAP =========

      1 1 1 1 1 2 2 1 1 1 1   
      1 9 1 1           2 1   
      1 1 1             2 1 7 
              2 1 1 1 1 1 1 1 
    1         2 2           1 
  7 1 2       2 2           1 
2 2 2 2       1 1         1 1 
2 2 2 * 2 1 2 2 1 2     6 1 1 
1 2 2 * 2 2 2 2 2 2 2 2 1     
  2 1 2 2 2     2 2 2 2 1     

===============================
RIGHT -- 7 4 8 4 LYING_COL 0
========= CURRENT MAP =========

      1 1 1 1 1 2 2 1 1 1 1   
      1 9 1 1           2 1   
      1 1 1             2 1 7 
              2 1 1 1 1 1 1 1 
    1         2 2           1 
  7 1 2       2 2           1 
2 2 2 2       1 1         1 1 
2 2 2 1 * 1 2 2 1 2     6 1 1 
1 2 2 2 * 2 2 2 2 2 2 2 1     
  2 1 2 2 2     2 2 2 2 1     

===============================
RIGHT -- 7 5 8 5 LYING_COL 0
========= CURRENT MAP =========

      1 1 1 1 1 2 2 1 1 1 1   
      1 9 1 1           2 1   
      1 1 1             2 1 7 
              2 1 1 1 1 1 1 1 
    1         2 2           1 
  7 1 2       2 2           1 
2 2 2 2       1 1         1 1 
2 2 2 1 2 * 2 2 1 2     6 1 1 
1 2 2 2 2 * 2 2 2 2 2 2 1     
  2 1 2 2 2     2 2 2 2 1     

===============================
RIGHT -- 7 6 8 6 LYING_COL 0
========= CURRENT MAP =========

      1 1 1 1 1 2 2 1 1 1 1   
      1 9 1 1           2 1   
      1 1 1             2 1 7 
              2 1 1 1 1 1 1 1 
    1         2 2           1 
  7 1 2       2 2           1 
2 2 2 2       1 1         1 1 
2 2 2 1 2 1 * 2 1 2     6 1 1 
1 2 2 2 2 2 * 2 2 2 2 2 1     
  2 1 2 2 2     2 2 2 2 1     

===============================
RIGHT -- 7 7 8 7 LYING_COL 0
========= CURRENT MAP =========

      1 1 1 1 1 2 2 1 1 1 1   
      1 9 1 1           2 1   
      1 1 1             2 1 7 
              2 1 1 1 1 1 1 1 
    1         2 2           1 
  7 1 2       2 2           1 
2 2 2 2       1 1         1 1 
2 2 2 1 2 1 2 * 1 2     6 1 1 
1 2 2 2 2 2 2 * 2 2 2 2 1     
  2 1 2 2 2     2 2 2 2 1     

===============================
UP -- 6 7 6 7 STANDING 0
========= CURRENT MAP =========

      1 1 1 1 1 2 2 1 1 1 1   
      1 9 1 1           2 1   
      1 1 1             2 1 7 
              2 1 1 1 1 1 1 1 
    1         2 2           1 
  7 1 2       2 2           1 
2 2 2 2       * 1         1 1 
2 2 2 1 2 1 2 2 1 2     6 1 1 
1 2 2 2 2 2 2 2 2 2 2 2 1     
  2 1 2 2 2     2 2 2 2 1     

===============================
UP -- 4 7 5 7 LYING_COL 0
========= CURRENT MAP =========

      1 1 1 1 1 2 2 1 1 1 1   
      1 9 1 1           2 1   
      1 1 1             2 1 7 
              2 1 1 1 1 1 1 1 
    1         * 2           1 
  7 1 2       * 2           1 
2 2 2 2       1 1         1 1 
2 2 2 1 2 1 2 2 1 2     6 1 1 
1 2 2 2 2 2 2 2 2 2 2 2 1     
  2 1 2 2 2     2 2 2 2 1     

===============================
RIGHT -- 4 8 5 8 LYING_COL 0
========= CURRENT MAP =========

      1 1 1 1 1 2 2 1 1 1 1   
      1 9 1 1           2 1   
      1 1 1             2 1 7 
              2 1 1 1 1 1 1 1 
    1         2 *           1 
  7 1 2       2 *           1 
2 2 2 2       1 1         1 1 
2 2 2 1 2 1 2 2 1 2     6 1 1 
1 2 2 2 2 2 2 2 2 2 2 2 1     
  2 1 2 2 2     2 2 2 2 1     

===============================
UP -- 3 8 3 8 STANDING 0
========= CURRENT MAP =========

      1 1 1 1 1 2 2 1 1 1 1   
      1 9 1 1           2 1   
      1 1 1             2 1 7 
              2 * 1 1 1 1 1 1 
    1         2 2           1 
  7 1 2       2 2           1 
2 2 2 2       1 1         1 1 
2 2 2 1 2 1 2 2 1 2     6 1 1 
1 2 2 2 2 2 2 2 2 2 2 2 1     
  2 1 2 2 2     2 2 2 2 1     

===============================
RIGHT -- 3 9 3 10 LYING_ROW 0
========= CURRENT MAP =========

      1 1 1 1 1 2 2 1 1 1 1   
      1 9 1 1           2 1   
      1 1 1             2 1 7 
              2 1 * * 1 1 1 1 
    1         2 2           1 
  7 1 2       2 2           1 
2 2 2 2       1 1         1 1 
2 2 2 1 2 1 2 2 1 2     6 1 1 
1 2 2 2 2 2 2 2 2 2 2 2 1     
  2 1 2 2 2     2 2 2 2 1     

===============================
RIGHT -- 3 11 3 11 STANDING 0
========= CURRENT MAP =========

      1 1 1 1 1 2 2 1 1 1 1   
      1 9 1 1           2 1   
      1 1 1             2 1 7 
              2 1 1 1 * 1 1 1 
    1         2 2           1 
  7 1 2       2 2           1 
2 2 2 2       1 1         1 1 
2 2 2 1 2 1 2 2 1 2     6 1 1 
1 2 2 2 2 2 2 2 2 2 2 2 1     
  2 1 2 2 2     2 2 2 2 1     

===============================
RIGHT -- 3 12 3 13 LYING_ROW 0
========= CURRENT MAP =========

      1 1 1 1 1 2 2 1 1 1 1   
      1 9 1 1           2 1   
      1 1 1             2 1 7 
              2 1 1 1 1 * * 1 
    1         2 2           1 
  7 1 2       2 2           1 
2 2 2 2       1 1         1 1 
2 2 2 1 2 1 2 2 1 2     6 1 1 
1 2 2 2 2 2 2 2 2 2 2 2 1     
  2 1 2 2 2     2 2 2 2 1     

===============================
UP -- 2 12 2 13 LYING_ROW 0
========= CURRENT MAP =========

      1 1 1 1 1 2 2 1 1 1 1   
      1 9 1 1           2 1   
      1 1 1             * * 7 
              2 1 1 1 1 1 1 1 
    1         2 2           1 
  7 1 2       2 2           1 
2 2 2 2       1 1         1 1 
2 2 2 1 2 1 2 2 1 2     6 1 1 
1 2 2 2 2 2 2 2 2 2 2 2 1     
  2 1 2 2 2     2 2 2 2 1     

===============================
RIGHT -- 2 14 2 14 STANDING 0
========= CURRENT MAP =========

      1 1 1 1 1 2 2 1 1 1 1   
      1 9 1 1           2 1   
      1 1 1             2 1 * 
              2 1 1     1 1 1 
    1         2 2           1 
  7 1 2       2 2           1 
2 2 2 2       1 1 1     1 1 1 
2 2 2 1 2 1 2 2 1 2     6 1 1 
1 2 2 2 2 2 2 2 2 2 2 2 1     
  2 1 2 2 2     2 2 2 2 1     

===============================
DOWN -- 3 14 4 14 LYING_COL 0
========= CURRENT MAP =========

      1 1 1 1 1 2 2 1 1 1 1   
      1 9 1 1           2 1   
      1 1 1             2 1 7 
              2 1 1     1 1 * 
    1         2 2           * 
  7 1 2       2 2           1 
2 2 2 2       1 1 1     1 1 1 
2 2 2 1 2 1 2 2 1 2     6 1 1 
1 2 2 2 2 2 2 2 2 2 2 2 1     
  2 1 2 2 2     2 2 2 2 1     

===============================
DOWN -- 5 14 5 14 STANDING 0
========= CURRENT MAP =========

      1 1 1 1 1 2 2 1 1 1 1   
      1 9 1 1           2 1   
      1 1 1             2 1 7 
              2 1 1     1 1 1 
    1         2 2           1 
  7 1 2       2 2           * 
2 2 2 2       1 1 1     1 1 1 
2 2 2 1 2 1 2 2 1 2     6 1 1 
1 2 2 2 2 2 2 2 2 2 2 2 1     
  2 1 2 2 2     2 2 2 2 1     

===============================
DOWN -- 6 14 7 14 LYING_COL 0
========= CURRENT MAP =========

      1 1 1 1 1 2 2 1 1 1 1   
      1 9 1 1           2 1   
      1 1 1             2 1 7 
              2 1 1     1 1 1 
    1         2 2           1 
  7 1 2       2 2           1 
2 2 2 2       1 1 1     1 1 * 
2 2 2 1 2 1 2 2 1 2     6 1 * 
1 2 2 2 2 2 2 2 2 2 2 2 1     
  2 1 2 2 2     2 2 2 2 1     

===============================
LEFT -- 6 13 7 13 LYING_COL 0
========= CURRENT MAP =========

      1 1 1 1 1 2 2 1 1 1 1   
      1 9 1 1           2 1   
      1 1 1             2 1 7 
              2 1 1     1 1 1 
    1         2 2           1 
  7 1 2       2 2           1 
2 2 2 2       1 1 1     1 * 1 
2 2 2 1 2 1 2 2 1 2     6 * 1 
1 2 2 2 2 2 2 2 2 2 2 2 1     
  2 1 2 2 2     2 2 2 2 1     

===============================
LEFT -- 6 12 7 12 LYING_COL 0
========= CURRENT MAP =========

      1 1 1 1 1 2 2 1 1 1 1   
      1 9 1 1           2 1   
      1 1 1             2 1 7 
              2 1 1     1 1 1 
    1         2 2           1 
  7 1 2       2 2           1 
2 2 2 2       1 1 1     * 1 1 
2 2 2 1 2 1 2 2 1 2     * 1 1 
1 2 2 2 2 2 2 2 2 2 2 2 1     
  2 1 2 2 2     2 2 2 2 1     

===============================
DOWN -- 8 12 8 12 STANDING 0
========= CURRENT MAP =========

      1 1 1 1 1 2 2 1 1 1 1   
      1 9 1 1           2 1   
      1 1 1             2 1 7 
              2 1 1     1 1 1 
    1         2 2           1 
  7 1 2       2 2           1 
2 2 2 2       1 1 1     1 1 1 
2 2 2 1 2 1 2 2 1 2     6 1 1 
1 2 2 2 2 2 2 2 2 2 2 2 *     
  2 1 2 2 2     2 2 2 2 1     

===============================
LEFT -- 8 10 8 11 LYING_ROW 0
========= CURRENT MAP =========

      1 1 1 1 1 2 2 1 1 1 1   
      1 9 1 1           2 1   
      1 1 1             2 1 7 
              2 1 1     1 1 1 
    1         2 2           1 
  7 1 2       2 2           1 
2 2 2 2       1 1 1     1 1 1 
2 2 2 1 2 1 2 2 1 2     6 1 1 
1 2 2 2 2 2 2 2 2 2 * * 1     
  2 1 2 2 2     2 2 2 2 1     

===============================
DOWN -- 9 10 9 11 LYING_ROW 0
========= CURRENT MAP =========

      1 1 1 1 1 2 2 1 1 1 1   
      1 9 1 1           2 1   
      1 1 1             2 1 7 
              2 1 1     1 1 1 
    1         2 2           1 
  7 1 2       2 2           1 
2 2 2 2       1 1 1     1 1 1 
2 2 2 1 2 1 2 2 1 2     6 1 1 
1 2 2 2 2 2 2 2 2 2 2 2 1     
  2 1 2 2 2     2 2 * * 1     

===============================
RIGHT -- 9 12 9 12 STANDING 0
========= CURRENT MAP =========

      1 1 1 1 1 2 2 1 1 1 1   
      1 9 1 1           2 1   
      1 1 1             2 1 7 
              2 1 1     1 1 1 
    1         2 2           1 
  7 1 2       2 2           1 
2 2 2 2       1 1 1     1 1 1 
2 2 2 1 2 1 2 2 1 2     6 1 1 
1 2 2 2 2 2 2 2 2 2 2 2 1     
  2 1 2 2 2     2 2 2 2 *     

===============================
UP -- 7 12 8 12 LYING_COL 0
========= CURRENT MAP =========

      1 1 1 1 1 2 2 1 1 1 1   
      1 9 1 1           2 1   
      1 1 1             2 1 7 
              2 1 1     1 1 1 
    1         2 2           1 
  7 1 2       2 2           1 
2 2 2 2       1 1 1     1 1 1 
2 2 2 1 2 1 2 2 1 2     * 1 1 
1 2 2 2 2 2 2 2 2 2 2 2 *     
  2 1 2 2 2     2 2 2 2 1     

===============================
UP -- 6 12 6 12 STANDING 0
========= CURRENT MAP =========

      1 1 1 1 1 2 2 1 1 1 1   
      1 9 1 1           2 1   
      1 1 1             2 1 7 
              2 1 1     1 1 1 
    1         2 2           1 
  7 1 2       2 2           1 
2 2 2 2       1 1 1     * 1 1 
2 2 2 1 2 1 2 2 1 2     6 1 1 
1 2 2 2 2 2 2 2 2 2 2 2 1     
  2 1 2 2 2     2 2 2 2 1     

===============================
RIGHT -- 6 13 6 14 LYING_ROW 0
========= CURRENT MAP =========

      1 1 1 1 1 2 2 1 1 1 1   
      1 9 1 1           2 1   
      1 1 1             2 1 7 
              2 1 1     1 1 1 
    1         2 2           1 
  7 1 2       2 2           1 
2 2 2 2       1 1 1     1 * * 
2 2 2 1 2 1 2 2 1 2     6 1 1 
1 2 2 2 2 2 2 2 2 2 2 2 1     
  2 1 2 2 2     2 2 2 2 1     

===============================
DOWN -- 7 13 7 14 LYING_ROW 0
========= CURRENT MAP =========

      1 1 1 1 1 2 2 1 1 1 1   
      1 9 1 1           2 1   
      1 1 1             2 1 7 
              2 1 1     1 1 1 
    1         2 2           1 
  7 1 2       2 2           1 
2 2 2 2       1 1 1     1 1 1 
2 2 2 1 2 1 2 2 1 2     6 * * 
1 2 2 2 2 2 2 2 2 2 2 2 1     
  2 1 2 2 2     2 2 2 2 1     

===============================
LEFT -- 7 12 7 12 STANDING 0
========= CURRENT MAP =========

      1 1 1 1 1 2 2 1 1 1 1   
      1 9 1 1           2 1   
      1 1 1             2 1 7 
              2 1 1     1 1 1 
    1         2 2           1 
  7 1 2       2 2           1 
2 2 2 2       1 1 1     1 1 1 
2 2 2 1 2 1 2 2 1 2     * 1   
1 2 2 2 2 2 2 2 2 2 2 2 1     
  2 1 2 2 2     2 2 2 2 1     

===============================
DOWN -- 8 12 9 12 LYING_COL 0
========= CURRENT MAP =========

      1 1 1 1 1 2 2 1 1 1 1   
      1 9 1 1           2 1   
      1 1 1             2 1 7 
              2 1 1     1 1 1 
    1         2 2           1 
  7 1 2       2 2           1 
2 2 2 2       1 1 1     1 1 1 
2 2 2 1 2 1 2 2 1 2     6 1   
1 2 2 2 2 2 2 2 2 2 2 2 *     
  2 1 2 2 2     2 2 2 2 *     

===============================
LEFT -- 8 11 9 11 LYING_COL 0
========= CURRENT MAP =========

      1 1 1 1 1 2 2 1 1 1 1   
      1 9 1 1           2 1   
      1 1 1             2 1 7 
              2 1 1     1 1 1 
    1         2 2           1 
  7 1 2       2 2           1 
2 2 2 2       1 1 1     1 1 1 
2 2 2 1 2 1 2 2 1 2     6 1   
1 2 2 2 2 2 2 2 2 2 2 * 1     
  2 1 2 2 2     2 2 2 * 1     

===============================
LEFT -- 8 10 9 10 LYING_COL 0
========= CURRENT MAP =========

      1 1 1 1 1 2 2 1 1 1 1   
      1 9 1 1           2 1   
      1 1 1             2 1 7 
              2 1 1     1 1 1 
    1         2 2           1 
  7 1 2       2 2           1 
2 2 2 2       1 1 1     1 1 1 
2 2 2 1 2 1 2 2 1 2     6 1   
1 2 2 2 2 2 2 2 2 2 * 2 1     
  2 1 2 2 2     2 2 * 2 1     

===============================
LEFT -- 8 9 9 9 LYING_COL 0
========= CURRENT MAP =========

      1 1 1 1 1 2 2 1 1 1 1   
      1 9 1 1           2 1   
      1 1 1             2 1 7 
              2 1 1     1 1 1 
    1         2 2           1 
  7 1 2       2 2           1 
2 2 2 2       1 1 1     1 1 1 
2 2 2 1 2 1 2 2 1 2     6 1   
1 2 2 2 2 2 2 2 2 * 2 2 1     
  2 1 2 2 2     2 * 2 2 1     

===============================
LEFT -- 8 8 9 8 LYING_COL 0
========= CURRENT MAP =========

      1 1 1 1 1 2 2 1 1 1 1   
      1 9 1 1           2 1   
      1 1 1             2 1 7 
              2 1 1     1 1 1 
    1         2 2           1 
  7 1 2       2 2           1 
2 2 2 2       1 1 1     1 1 1 
2 2 2 1 2 1 2 2 1 2     6 1   
1 2 2 2 2 2 2 2 * 2 2 2 1     
  2 1 2 2 2     * 2 2 2 1     

===============================
UP -- 7 8 7 8 STANDING 0
========= CURRENT MAP =========

      1 1 1 1 1 2 2 1 1 1 1   
      1 9 1 1           2 1   
      1 1 1             2 1 7 
              2 1 1     1 1 1 
    1         2 2           1 
  7 1 2       2 2           1 
2 2 2 2       1 1 1     1 1 1 
2 2 2 1 2 1 2 2 * 2     6 1   
1 2 2 2 2 2 2 2 2 2 2 2 1     
  2 1 2 2 2     2 2 2 2 1     

===============================
LEFT -- 7 6 7 7 LYING_ROW 0
========= CURRENT MAP =========

      1 1 1 1 1 2 2 1 1 1 1   
      1 9 1 1           2 1   
      1 1 1             2 1 7 
              2 1 1     1 1 1 
    1         2 2           1 
  7 1 2       2 2           1 
2 2 2 2       1 1 1     1 1 1 
2 2 2 1 2 1 * * 1 2     6 1   
1 2 2 2 2 2 2 2 2 2 2 2 1     
  2 1 2 2 2     2 2 2 2 1     

===============================
LEFT -- 7 5 7 5 STANDING 0
========= CURRENT MAP =========

      1 1 1 1 1 2 2 1 1 1 1   
      1 9 1 1           2 1   
      1 1 1             2 1 7 
              2 1 1     1 1 1 
    1         2 2           1 
  7 1 2       2 2           1 
2 2 2 2       1 1 1     1 1 1 
2 2 2 1 2 * 2 2 1 2     6 1   
1 2 2 2 2 2 2 2 2 2 2 2 1     
  2 1 2 2 2     2 2 2 2 1     

===============================
DOWN -- 8 5 9 5 LYING_COL 0
========= CURRENT MAP =========

      1 1 1 1 1 2 2 1 1 1 1   
      1 9 1 1           2 1   
      1 1 1             2 1 7 
              2 1 1     1 1 1 
    1         2 2           1 
  7 1 2       2 2           1 
2 2 2 2       1 1 1     1 1 1 
2 2 2 1 2 1 2 2 1 2     6 1   
1 2 2 2 2 * 2 2 2 2 2 2 1     
  2 1 2 2 *     2 2 2 2 1     

===============================
LEFT -- 8 4 9 4 LYING_COL 0
========= CURRENT MAP =========

      1 1 1 1 1 2 2 1 1 1 1   
      1 9 1 1           2 1   
      1 1 1             2 1 7 
              2 1 1     1 1 1 
    1         2 2           1 
  7 1 2       2 2           1 
2 2 2 2       1 1 1     1 1 1 
2 2 2 1 2 1 2 2 1 2     6 1   
1 2 2 2 * 2 2 2 2 2 2 2 1     
  2 1 2 * 2     2 2 2 2 1     

===============================
LEFT -- 8 3 9 3 LYING_COL 0
========= CURRENT MAP =========

      1 1 1 1 1 2 2 1 1 1 1   
      1 9 1 1           2 1   
      1 1 1             2 1 7 
              2 1 1     1 1 1 
    1         2 2           1 
  7 1 2       2 2           1 
2 2 2 2       1 1 1     1 1 1 
2 2 2 1 2 1 2 2 1 2     6 1   
1 2 2 * 2 2 2 2 2 2 2 2 1     
  2 1 * 2 2     2 2 2 2 1     

===============================
UP -- 7 3 7 3 STANDING 0
========= CURRENT MAP =========

      1 1 1 1 1 2 2 1 1 1 1   
      1 9 1 1           2 1   
      1 1 1             2 1 7 
              2 1 1     1 1 1 
    1         2 2           1 
  7 1 2       2 2           1 
2 2 2 2       1 1 1     1 1 1 
2 2 2 * 2 1 2 2 1 2     6 1   
1 2 2 2 2 2 2 2 2 2 2 2 1     
  2 1 2 2 2     2 2 2 2 1     

===============================
LEFT -- 7 1 7 2 LYING_ROW 0
========= CURRENT MAP =========

      1 1 1 1 1 2 2 1 1 1 1   
      1 9 1 1           2 1   
      1 1 1             2 1 7 
              2 1 1     1 1 1 
    1         2 2           1 
  7 1 2       2 2           1 
2 2 2 2       1 1 1     1 1 1 
2 * * 1 2 1 2 2 1 2     6 1   
1 2 2 2 2 2 2 2 2 2 2 2 1     
  2 1 2 2 2     2 2 2 2 1     

===============================
DOWN -- 8 1 8 2 LYING_ROW 0
========= CURRENT MAP =========

      1 1 1 1 1 2 2 1 1 1 1   
      1 9 1 1           2 1   
      1 1 1             2 1 7 
              2 1 1     1 1 1 
    1         2 2           1 
  7 1 2       2 2           1 
2 2 2 2       1 1 1     1 1 1 
2 2 2 1 2 1 2 2 1 2     6 1   
1 * * 2 2 2 2 2 2 2 2 2 1     
  2 1 2 2 2     2 2 2 2 1     

===============================
LEFT -- 8 0 8 0 STANDING 0
========= CURRENT MAP =========

      1 1 1 1 1 2 2 1 1 1 1   
      1 9 1 1           2 1   
      1 1 1             2 1 7 
              2 1 1     1 1 1 
    1         2 2           1 
  7 1 2       2 2           1 
2 2 2 2       1 1 1     1 1 1 
2 2 2 1 2 1 2 2 1 2     6 1   
* 2 2 2 2 2 2 2 2 2 2 2 1     
  2 1 2 2 2     2 2 2 2 1     

===============================
UP -- 6 0 7 0 LYING_COL 0
========= CURRENT MAP =========

      1 1 1 1 1 2 2 1 1 1 1   
      1 9 1 1           2 1   
      1 1 1             2 1 7 
              2 1 1     1 1 1 
    1         2 2           1 
  7 1 2       2 2           1 
* 2 2 2       1 1 1     1 1 1 
* 2 2 1 2 1 2 2 1 2     6 1   
1 2 2 2 2 2 2 2 2 2 2 2 1     
  2 1 2 2 2     2 2 2 2 1     

===============================
RIGHT -- 6 1 7 1 LYING_COL 0
========= CURRENT MAP =========

      1 1 1 1 1 2 2 1 1 1 1   
      1 9 1 1           2 1   
      1 1 1             2 1 7 
              2 1 1     1 1 1 
    1         2 2           1 
  7 1 2       2 2           1 
2 * 2 2       1 1 1     1 1 1 
2 * 2 1 2 1 2 2 1 2     6 1   
1 2 2 2 2 2 2 2 2 2 2 2 1     
  2 1 2 2 2     2 2 2 2 1     

===============================
UP -- 5 1 5 1 STANDING 0
========= CURRENT MAP =========

      1 1 1 1 1 2 2 1 1 1 1   
      1 9 1 1           2 1   
      1 1 1             2 1 7 
              2 1 1 1 1 1 1 1 
    1         2 2           1 
  * 1 2       2 2           1 
2 2 2 2       1 1 1     1 1 1 
2 2 2 1 2 1 2 2 1 2     6 1   
1 2 2 2 2 2 2 2 2 2 2 2 1     
  2 1 2 2 2     2 2 2 2 1     

===============================
DOWN -- 6 1 7 1 LYING_COL 0
========= CURRENT MAP =========

      1 1 1 1 1 2 2 1 1 1 1   
      1 9 1 1           2 1   
      1 1 1             2 1 7 
              2 1 1 1 1 1 1 1 
    1         2 2           1 
  7 1 2       2 2           1 
2 * 2 2       1 1 1     1 1 1 
2 * 2 1 2 1 2 2 1 2     6 1   
1 2 2 2 2 2 2 2 2 2 2 2 1     
  2 1 2 2 2     2 2 2 2 1     

===============================
LEFT -- 6 0 7 0 LYING_COL 0
========= CURRENT MAP =========

      1 1 1 1 1 2 2 1 1 1 1   
      1 9 1 1           2 1   
      1 1 1             2 1 7 
              2 1 1 1 1 1 1 1 
    1         2 2           1 
  7 1 2       2 2           1 
* 2 2 2       1 1 1     1 1 1 
* 2 2 1 2 1 2 2 1 2     6 1   
1 2 2 2 2 2 2 2 2 2 2 2 1     
  2 1 2 2 2     2 2 2 2 1     

===============================
DOWN -- 8 0 8 0 STANDING 0
========= CURRENT MAP =========

      1 1 1 1 1 2 2 1 1 1 1   
      1 9 1 1           2 1   
      1 1 1             2 1 7 
              2 1 1 1 1 1 1 1 
    1         2 2           1 
  7 1 2       2 2           1 
2 2 2 2       1 1 1     1 1 1 
2 2 2 1 2 1 2 2 1 2     6 1   
* 2 2 2 2 2 2 2 2 2 2 2 1     
  2 1 2 2 2     2 2 2 2 1     

===============================
RIGHT -- 8 1 8 2 LYING_ROW 0
========= CURRENT MAP =========

      1 1 1 1 1 2 2 1 1 1 1   
      1 9 1 1           2 1   
      1 1 1             2 1 7 
              2 1 1 1 1 1 1 1 
    1         2 2           1 
  7 1 2       2 2           1 
2 2 2 2       1 1 1     1 1 1 
2 2 2 1 2 1 2 2 1 2     6 1   
1 * * 2 2 2 2 2 2 2 2 2 1     
  2 1 2 2 2     2 2 2 2 1     

===============================
UP -- 7 1 7 2 LYING_ROW 0
========= CURRENT MAP =========

      1 1 1 1 1 2 2 1 1 1 1   
      1 9 1 1           2 1   
      1 1 1             2 1 7 
              2 1 1 1 1 1 1 1 
    1         2 2           1 
  7 1 2       2 2           1 
2 2 2 2       1 1 1     1 1 1 
2 * * 1 2 1 2 2 1 2     6 1   
1 2 2 2 2 2 2 2 2 2 2 2 1     
  2 1 2 2 2     2 2 2 2 1     

===============================
RIGHT -- 7 3 7 3 STANDING 0
========= CURRENT MAP =========

      1 1 1 1 1 2 2 1 1 1 1   
      1 9 1 1           2 1   
      1 1 1             2 1 7 
              2 1 1 1 1 1 1 1 
    1         2 2           1 
  7 1 2       2 2           1 
2 2 2 2       1 1 1     1 1 1 
2 2 2 * 2 1 2 2 1 2     6 1   
1 2 2 2 2 2 2 2 2 2 2 2 1     
  2 1 2 2 2     2 2 2 2 1     

===============================
DOWN -- 8 3 9 3 LYING_COL 0
========= CURRENT MAP =========

      1 1 1 1 1 2 2 1 1 1 1   
      1 9 1 1           2 1   
      1 1 1             2 1 7 
              2 1 1 1 1 1 1 1 
    1         2 2           1 
  7 1 2       2 2           1 
2 2 2 2       1 1 1     1 1 1 
2 2 2 1 2 1 2 2 1 2     6 1   
1 2 2 * 2 2 2 2 2 2 2 2 1     
  2 1 * 2 2     2 2 2 2 1     

===============================
RIGHT -- 8 4 9 4 LYING_COL 0
========= CURRENT MAP =========

      1 1 1 1 1 2 2 1 1 1 1   
      1 9 1 1           2 1   
      1 1 1             2 1 7 
              2 1 1 1 1 1 1 1 
    1         2 2           1 
  7 1 2       2 2           1 
2 2 2 2       1 1 1     1 1 1 
2 2 2 1 2 1 2 2 1 2     6 1   
1 2 2 2 * 2 2 2 2 2 2 2 1     
  2 1 2 * 2     2 2 2 2 1     

===============================
RIGHT -- 8 5 9 5 LYING_COL 0
========= CURRENT MAP =========

      1 1 1 1 1 2 2 1 1 1 1   
      1 9 1 1           2 1   
      1 1 1             2 1 7 
              2 1 1 1 1 1 1 1 
    1         2 2           1 
  7 1 2       2 2           1 
2 2 2 2       1 1 1     1 1 1 
2 2 2 1 2 1 2 2 1 2     6 1   
1 2 2 2 2 * 2 2 2 2 2 2 1     
  2 1 2 2 *     2 2 2 2 1     

===============================
UP -- 7 5 7 5 STANDING 0
========= CURRENT MAP =========

      1 1 1 1 1 2 2 1 1 1 1   
      1 9 1 1           2 1   
      1 1 1             2 1 7 
              2 1 1 1 1 1 1 1 
    1         2 2           1 
  7 1 2       2 2           1 
2 2 2 2       1 1 1     1 1 1 
2 2 2 1 2 * 2 2 1 2     6 1   
1 2 2 2 2 2 2 2 2 2 2 2 1     
  2 1 2 2 2     2 2 2 2 1     

===============================
LEFT -- 7 3 7 4 LYING_ROW 0
========= CURRENT MAP =========

      1 1 1 1 1 2 2 1 1 1 1   
      1 9 1 1           2 1   
      1 1 1             2 1 7 
              2 1 1 1 1 1 1 1 
    1         2 2           1 
  7 1 2       2 2           1 
2 2 2 2       1 1 1     1 1 1 
2 2 2 * * 1 2 2 1 2     6 1   
1 2 2 2 2 2 2 2 2 2 2 2 1     
  2 1 2 2 2     2 2 2 2 1     

===============================
DOWN -- 8 3 8 4 LYING_ROW 0
========= CURRENT MAP =========

      1 1 1 1 1 2 2 1 1 1 1   
      1 9 1 1           2 1   
      1 1 1             2 1 7 
              2 1 1 1 1 1 1 1 
    1         2 2           1 
  7 1 2       2 2           1 
2 2 2 2       1 1 1     1 1 1 
2 2 2 1 2 1 2 2 1 2     6 1   
1 2 2 * * 2 2 2 2 2 2 2 1     
  2 1 2 2 2     2 2 2 2 1     

===============================
DOWN -- 9 3 9 4 LYING_ROW 0
========= CURRENT MAP =========

      1 1 1 1 1 2 2 1 1 1 1   
      1 9 1 1           2 1   
      1 1 1             2 1 7 
              2 1 1 1 1 1 1 1 
    1         2 2           1 
  7 1 2       2 2           1 
2 2 2 2       1 1 1     1 1 1 
2 2 2 1 2 1 2 2 1 2     6 1   
1 2 2 2 2 2 2 2 2 2 2 2 1     
  2 1 * * 2     2 2 2 2 1     

===============================
LEFT -- 9 2 9 2 STANDING 0
========= CURRENT MAP =========

      1 1 1 1 1 2 2 1 1 1 1   
      1 9 1 1           2 1   
      1 1 1             2 1 7 
              2 1 1 1 1 1 1 1 
    1         2 2           1 
  7 1 2       2 2           1 
2 2 2 2       1 1 1     1 1 1 
2 2 2 1 2 1 2 2 1 2     6 1   
1 2 2 2 2 2 2 2 2 2 2 2 1     
  2 * 2 2 2     2 2 2 2 1     

===============================
UP -- 7 2 8 2 LYING_COL 0
========= CURRENT MAP =========

      1 1 1 1 1 2 2 1 1 1 1   
      1 9 1 1           2 1   
      1 1 1             2 1 7 
              2 1 1 1 1 1 1 1 
    1         2 2           1 
  7 1 2       2 2           1 
2 2 2 2       1 1 1     1 1 1 
2 2 * 1 2 1 2 2 1 2     6 1   
1 2 * 2 2 2 2 2 2 2 2 2 1     
  2 1 2 2 2     2 2 2 2 1     

===============================
RIGHT -- 7 3 8 3 LYING_COL 0
========= CURRENT MAP =========

      1 1 1 1 1 2 2 1 1 1 1   
      1 9 1 1           2 1   
      1 1 1             2 1 7 
              2 1 1 1 1 1 1 1 
    1         2 2           1 
  7 1 2       2 2           1 
2 2 2 2       1 1 1     1 1 1 
2 2 2 * 2 1 2 2 1 2     6 1   
1 2 2 * 2 2 2 2 2 2 2 2 1     
  2 1 2 2 2     2 2 2 2 1     

===============================
RIGHT -- 7 4 8 4 LYING_COL 0
========= CURRENT MAP =========

      1 1 1 1 1 2 2 1 1 1 1   
      1 9 1 1           2 1   
      1 1 1             2 1 7 
              2 1 1 1 1 1 1 1 
    1         2 2           1 
  7 1 2       2 2           1 
2 2 2 2       1 1 1     1 1 1 
2 2 2 1 * 1 2 2 1 2     6 1   
1 2 2 2 * 2 2 2 2 2 2 2 1     
  2 1 2 2 2     2 2 2 2 1     

===============================
RIGHT -- 7 5 8 5 LYING_COL 0
========= CURRENT MAP =========

      1 1 1 1 1 2 2 1 1 1 1   
      1 9 1 1           2 1   
      1 1 1             2 1 7 
              2 1 1 1 1 1 1 1 
    1         2 2           1 
  7 1 2       2 2           1 
2 2 2 2       1 1 1     1 1 1 
2 2 2 1 2 * 2 2 1 2     6 1   
1 2 2 2 2 * 2 2 2 2 2 2 1     
  2 1 2 2 2     2 2 2 2 1     

===============================
RIGHT -- 7 6 8 6 LYING_COL 0
========= CURRENT MAP =========

      1 1 1 1 1 2 2 1 1 1 1   
      1 9 1 1           2 1   
      1 1 1             2 1 7 
              2 1 1 1 1 1 1 1 
    1         2 2           1 
  7 1 2       2 2           1 
2 2 2 2       1 1 1     1 1 1 
2 2 2 1 2 1 * 2 1 2     6 1   
1 2 2 2 2 2 * 2 2 2 2 2 1     
  2 1 2 2 2     2 2 2 2 1     

===============================
RIGHT -- 7 7 8 7 LYING_COL 0
========= CURRENT MAP =========

      1 1 1 1 1 2 2 1 1 1 1   
      1 9 1 1           2 1   
      1 1 1             2 1 7 
              2 1 1 1 1 1 1 1 
    1         2 2           1 
  7 1 2       2 2           1 
2 2 2 2       1 1 1     1 1 1 
2 2 2 1 2 1 2 * 1 2     6 1   
1 2 2 2 2 2 2 * 2 2 2 2 1     
  2 1 2 2 2     2 2 2 2 1     

===============================
RIGHT -- 7 8 8 8 LYING_COL 0
========= CURRENT MAP =========

      1 1 1 1 1 2 2 1 1 1 1   
      1 9 1 1           2 1   
      1 1 1             2 1 7 
              2 1 1 1 1 1 1 1 
    1         2 2           1 
  7 1 2       2 2           1 
2 2 2 2       1 1 1     1 1 1 
2 2 2 1 2 1 2 2 * 2     6 1   
1 2 2 2 2 2 2 2 * 2 2 2 1     
  2 1 2 2 2     2 2 2 2 1     

===============================
RIGHT -- 7 9 8 9 LYING_COL 0
========= CURRENT MAP =========

      1 1 1 1 1 2 2 1 1 1 1   
      1 9 1 1           2 1   
      1 1 1             2 1 7 
              2 1 1 1 1 1 1 1 
    1         2 2           1 
  7 1 2       2 2           1 
2 2 2 2       1 1 1     1 1 1 
2 2 2 1 2 1 2 2 1 *     6 1   
1 2 2 2 2 2 2 2 2 * 2 2 1     
  2 1 2 2 2     2 2 2 2 1     

===============================
UP -- 6 9 6 9 STANDING 0
========= CURRENT MAP =========

      1 1 1 1 1 2 2 1 1 1 1   
      1 9 1 1           2 1   
      1 1 1             2 1 7 
              2 1 1 1 1 1 1 1 
    1         2 2           1 
  7 1 2       2 2           1 
2 2 2 2       1 1 *     1 1 1 
2 2 2 1 2 1 2 2 1 2     6 1   
1 2 2 2 2 2 2 2 2 2 2 2 1     
  2 1 2 2 2     2 2 2 2 1     

===============================
LEFT -- 6 7 6 8 LYING_ROW 0
========= CURRENT MAP =========

      1 1 1 1 1 2 2 1 1 1 1   
      1 9 1 1           2 1   
      1 1 1             2 1 7 
              2 1 1 1 1 1 1 1 
    1         2 2           1 
  7 1 2       2 2           1 
2 2 2 2       * * 1     1 1 1 
2 2 2 1 2 1 2 2 1 2     6 1   
1 2 2 2 2 2 2 2 2 2 2 2 1     
  2 1 2 2 2     2 2 2 2 1     

===============================
UP -- 5 7 5 8 LYING_ROW 0
========= CURRENT MAP =========

      1 1 1 1 1 2 2 1 1 1 1   
      1 9 1 1           2 1   
      1 1 1             2 1 7 
              2 1 1 1 1 1 1 1 
    1         2 2           1 
  7 1 2       * *           1 
2 2 2 2       1 1 1     1 1 1 
2 2 2 1 2 1 2 2 1 2     6 1   
1 2 2 2 2 2 2 2 2 2 2 2 1     
  2 1 2 2 2     2 2 2 2 1     

===============================
UP -- 4 7 4 8 LYING_ROW 0
========= CURRENT MAP =========

      1 1 1 1 1 2 2 1 1 1 1   
      1 9 1 1           2 1   
      1 1 1             2 1 7 
              2 1 1 1 1 1 1 1 
    1         * *           1 
  7 1 2       2 2           1 
2 2 2 2       1 1 1     1 1 1 
2 2 2 1 2 1 2 2 1 2     6 1   
1 2 2 2 2 2 2 2 2 2 2 2 1     
  2 1 2 2 2     2 2 2 2 1     

===============================
UP -- 3 7 3 8 LYING_ROW 0
========= CURRENT MAP =========

      1 1 1 1 1 2 2 1 1 1 1   
      1 9 1 1           2 1   
      1 1 1             2 1 7 
              * * 1 1 1 1 1 1 
    1         2 2           1 
  7 1 2       2 2           1 
2 2 2 2       1 1 1     1 1 1 
2 2 2 1 2 1 2 2 1 2     6 1   
1 2 2 2 2 2 2 2 2 2 2 2 1     
  2 1 2 2 2     2 2 2 2 1     

===============================
RIGHT -- 3 9 3 9 STANDING 0
========= CURRENT MAP =========

      1 1 1 1 1 2 2 1 1 1 1   
      1 9 1 1           2 1   
      1 1 1             2 1 7 
              2 1 * 1 1 1 1 1 
    1         2 2           1 
  7 1 2       2 2           1 
2 2 2 2       1 1 1     1 1 1 
2 2 2 1 2 1 2 2 1 2     6 1   
1 2 2 2 2 2 2 2 2 2 2 2 1     
  2 1 2 2 2     2 2 2 2 1     

===============================
RIGHT -- 3 10 3 11 LYING_ROW 0
========= CURRENT MAP =========

      1 1 1 1 1 2 2 1 1 1 1   
      1 9 1 1           2 1   
      1 1 1             2 1 7 
              2 1 1 * * 1 1 1 
    1         2 2           1 
  7 1 2       2 2           1 
2 2 2 2       1 1 1     1 1 1 
2 2 2 1 2 1 2 2 1 2     6 1   
1 2 2 2 2 2 2 2 2 2 2 2 1     
  2 1 2 2 2     2 2 2 2 1     

===============================
RIGHT -- 3 12 3 12 STANDING 0
========= CURRENT MAP =========

      1 1 1 1 1 2 2 1 1 1 1   
      1 9 1 1           2 1   
      1 1 1             2 1 7 
              2 1 1 1 1 * 1 1 
    1         2 2           1 
  7 1 2       2 2           1 
2 2 2 2       1 1 1     1 1 1 
2 2 2 1 2 1 2 2 1 2     6 1   
1 2 2 2 2 2 2 2 2 2 2 2 1     
  2 1 2 2 2     2 2 2 2 1     

===============================
UP -- 1 12 2 12 LYING_COL 0
========= CURRENT MAP =========

      1 1 1 1 1 2 2 1 1 1 1   
      1 9 1 1           * 1   
      1 1 1             * 1 7 
              2 1 1 1 1 1 1 1 
    1         2 2           1 
  7 1 2       2 2           1 
2 2 2 2       1 1 1     1 1 1 
2 2 2 1 2 1 2 2 1 2     6 1   
1 2 2 2 2 2 2 2 2 2 2 2 1     
  2 1 2 2 2     2 2 2 2 1     

===============================
RIGHT -- 1 13 2 13 LYING_COL 0
========= CURRENT MAP =========

      1 1 1 1 1 2 2 1 1 1 1   
      1 9 1 1           2 *   
      1 1 1             2 * 7 
              2 1 1 1 1 1 1 1 
    1         2 2           1 
  7 1 2       2 2           1 
2 2 2 2       1 1 1     1 1 1 
2 2 2 1 2 1 2 2 1 2     6 1   
1 2 2 2 2 2 2 2 2 2 2 2 1     
  2 1 2 2 2     2 2 2 2 1     

===============================
UP -- 0 13 0 13 STANDING 0
========= CURRENT MAP =========

      1 1 1 1 1 2 2 1 1 1 *   
      1 9 1 1           2 1   
      1 1 1             2 1 7 
              2 1 1 1 1 1 1 1 
    1         2 2           1 
  7 1 2       2 2           1 
2 2 2 2       1 1 1     1 1 1 
2 2 2 1 2 1 2 2 1 2     6 1   
1 2 2 2 2 2 2 2 2 2 2 2 1     
  2 1 2 2 2     2 2 2 2 1     

===============================
LEFT -- 0 11 0 12 LYING_ROW 0
========= CURRENT MAP =========

      1 1 1 1 1 2 2 1 * * 1   
      1 9 1 1           2 1   
      1 1 1             2 1 7 
              2 1 1 1 1 1 1 1 
    1         2 2           1 
  7 1 2       2 2           1 
2 2 2 2       1 1 1     1 1 1 
2 2 2 1 2 1 2 2 1 2     6 1   
1 2 2 2 2 2 2 2 2 2 2 2 1     
  2 1 2 2 2     2 2 2 2 1     

===============================
LEFT -- 0 10 0 10 STANDING 0
========= CURRENT MAP =========

      1 1 1 1 1 2 2 * 1 1 1   
      1 9 1 1           2 1   
      1 1 1             2 1 7 
              2 1 1 1 1 1 1 1 
    1         2 2           1 
  7 1 2       2 2           1 
2 2 2 2       1 1 1     1 1 1 
2 2 2 1 2 1 2 2 1 2     6 1   
1 2 2 2 2 2 2 2 2 2 2 2 1     
  2 1 2 2 2     2 2 2 2 1     

===============================
LEFT -- 0 8 0 9 LYING_ROW 0
========= CURRENT MAP =========

      1 1 1 1 1 * * 1 1 1 1   
      1 9 1 1           2 1   
      1 1 1             2 1 7 
              2 1 1 1 1 1 1 1 
    1         2 2           1 
  7 1 2       2 2           1 
2 2 2 2       1 1 1     1 1 1 
2 2 2 1 2 1 2 2 1 2     6 1   
1 2 2 2 2 2 2 2 2 2 2 2 1     
  2 1 2 2 2     2 2 2 2 1     

===============================
LEFT -- 0 7 0 7 STANDING 0
========= CURRENT MAP =========

      1 1 1 1 * 2 2 1 1 1 1   
      1 9 1 1           2 1   
      1 1 1             2 1 7 
              2 1 1 1 1 1 1 1 
    1         2 2           1 
  7 1 2       2 2           1 
2 2 2 2       1 1 1     1 1 1 
2 2 2 1 2 1 2 2 1 2     6 1   
1 2 2 2 2 2 2 2 2 2 2 2 1     
  2 1 2 2 2     2 2 2 2 1     

===============================
LEFT -- 0 5 0 6 LYING_ROW 0
========= CURRENT MAP =========

      1 1 * * 1 2 2 1 1 1 1   
      1 9 1 1           2 1   
      1 1 1             2 1 7 
              2 1 1 1 1 1 1 1 
    1         2 2           1 
  7 1 2       2 2           1 
2 2 2 2       1 1 1     1 1 1 
2 2 2 1 2 1 2 2 1 2     6 1   
1 2 2 2 2 2 2 2 2 2 2 2 1     
  2 1 2 2 2     2 2 2 2 1     

===============================
DOWN -- 1 5 1 6 LYING_ROW 0
========= CURRENT MAP =========

      1 1 1 1 1 2 2 1 1 1 1   
      1 9 * *           2 1   
      1 1 1             2 1 7 
              2 1 1 1 1 1 1 1 
    1         2 2           1 
  7 1 2       2 2           1 
2 2 2 2       1 1 1     1 1 1 
2 2 2 1 2 1 2 2 1 2     6 1   
1 2 2 2 2 2 2 2 2 2 2 2 1     
  2 1 2 2 2     2 2 2 2 1     

===============================
LEFT -- 1 4 1 4 STANDING 0
========= CURRENT MAP =========

      1 1 1 1 1 2 2 1 1 1 1   
      1 * 1 1           2 1   
      1 1 1             2 1 7 
              2 1 1 1 1 1 1 1 
    1         2 2           1 
  7 1 2       2 2           1 
2 2 2 2       1 1 1     1 1 1 
2 2 2 1 2 1 2 2 1 2     6 1   
1 2 2 2 2 2 2 2 2 2 2 2 1     
  2 1 2 2 2     2 2 2 2 1     

===============================

=========== STAT 30 ============
STATUS: SUCCESS
PROCESS TIME: 0:00:00.136187
PROCESS MEMORY: 1376256
REAL STEP: 115
VIRTUAL STEP: 2057
===============================

PRESS KEY: DRDDRRURRDRRRRUDLLLLULLLDDLURRRRRUURURRRURDDDLLDLDRUURDLDLLLLULLDLLULDLURUDLDRURDRRULDDLURRRRRRRULUUURRRURULLLLLDL

